6.871489999909029  86 4 3 5.871489999909029
7.942189999868495  29 9 7 5.942189999868495
10.013369999790084  71 4 4 9.013369999790084
10.192499999783303  48 9 2 3.192499999783303
12.523079999695073  0 4 2 3.5230799996950726
13.553979999656045  93 6 4 11.553979999656045
13.758929999648286  39 8 3 13.758929999648286
14.2789299996286  64 7 4 7.2789299996286
16.679629999537717  37 4 3 3.679629999537717
19.03868999944841  30 4 4 14.038689999448408
20.814309999381187  43 7 7 8.814309999381187
21.265069999364123  40 3 3 17.265069999364123
21.810159999343487  70 7 2 10.810159999343487
23.05840999929623  42 9 7 22.05840999929623
23.76420999926951  18 8 6 1.7642099992695108
23.907459999264088  9 4 3 20.907459999264088
24.67496999923503  72 3 2 23.67496999923503
24.802389999230208  6 9 9 0.8023899992302077
24.811439999229865  44 6 5 18.811439999229865
24.90378999922637  12 6 6 7.903789999226369
25.260939999212848  89 9 3 3.260939999212848
26.819009999153863  68 6 2 17.819009999153863
26.857569999152403  34 5 3 8.857569999152403
29.003979999071145  38 7 2 25.003979999071145
30.66792999900815  20 6 6 15.667929999008152
32.67998999917356  85 5 3 17.679989999173557
33.15732999932507  2 9 6 25.15732999932507
33.23378999934934  81 6 3 3.233789999349341
34.98201999990425  67 4 2 22.982019999904253
36.113830000263505  24 3 2 20.113830000263505
37.789440000795366  90 7 5 34.789440000795366
38.80638000111816  98 5 2 19.806380001118157
39.53834000135049  75 5 4 18.53834000135049
40.48218000165008  17 5 5 4.482180001650079
41.897070002099184  26 6 4 2.897070002099184
46.24234000347843  47 9 7 0.2423400034784322
48.40351000416442  88 9 3 11.403510004164417
49.65623000456205  94 7 5 16.656230004562047
52.11558000534268  16 6 5 42.11558000534268
53.4949200057805  62 7 7 20.4949200057805
54.094780005970904  7 9 4 27.094780005970904
55.44232000639863  95 8 2 6.4423200063986314
56.449060006718184  82 7 2 12.449060006718184
57.61885000708949  21 6 6 12.618850007089492
59.33008000763266  52 5 2 43.33008000763266
60.06845000786703  31 4 3 25.06845000786703
63.982420009109376  22 4 3 52.982420009109376
64.6986000093367  58 6 6 49.6986000093367
66.885970010031  14 3 3 21.885970010031002
68.03788001039663  78 3 2 55.037880010396634
70.17991001107654  32 6 5 37.179910011076544
70.37136001113731  15 9 3 30.371360011137313
70.43794001115845  57 8 8 32.437940011158446
71.2049500114019  60 7 3 28.204950011401905
72.19160001171508  55 3 2 39.19160001171508
72.2839500117444  65 8 2 49.283950011744395
72.4572200117994  91 5 5 29.457220011799393
72.72845001188549  76 5 5 31.728450011885485
77.08069001326695  83 9 4 35.080690013266945
77.09896001327274  61 8 4 31.098960013272745
78.0524600135754  79 9 9 52.0524600135754
78.07745001358333  13 3 2 44.07745001358333
78.42700001369428  49 7 4 37.42700001369428
79.00261001387699  3 7 4 44.00261001387699
79.07154001389887  11 6 5 49.07154001389887
79.39251001400075  53 4 3 37.39251001400075
81.04642001452572  36 3 3 60.04642001452572
81.62550001470953  28 4 3 41.62550001470953
85.04029001579343  51 5 4 40.04029001579343
85.12888001582155  1 9 3 54.12888001582155
87.51369001657852  33 5 4 37.51369001657852
87.80722001667169  41 6 4 43.80722001667169
88.55240001690822  54 8 6 46.55240001690822
88.92327001702594  8 8 4 52.92327001702594
90.20216001743188  10 8 6 64.20216001743188
90.85446001763893  99 8 4 56.85446001763893
91.50029001784392  73 8 8 48.50029001784392
93.71465001854679  46 6 3 61.71465001854679
95.27979001904359  87 9 6 53.27979001904359
96.64214001947602  45 8 2 58.64214001947602
96.64394001947659  5 8 7 62.64394001947659
97.85799001986194  92 5 4 60.857990019861944
97.86292001986351  77 6 4 55.86292001986351
98.72649002013762  35 6 4 59.72649002013762
100.23151002061533  25 8 6 54.23151002061533
100.32794002064594  80 5 5 55.32794002064594
101.63412002106054  66 9 8 80.63412002106054
101.79321002111104  4 9 6 73.79321002111104
103.23594002156898  23 8 5 66.23594002156898
103.32396002159692  69 9 7 86.32396002159692
106.43111002258317  84 9 6 75.43111002258317
113.66224002487843  59 9 7 83.66224002487843
116.38796002574361  27 9 6 67.38796002574361
120.1565100269398  74 5 5 86.1565100269398
121.06905002722945  96 5 5 73.06905002722945
121.53622002737774  19 7 5 88.53622002737774
121.85204002747798  50 5 4 71.85204002747798
121.94192002750651  56 6 6 85.94192002750651
122.18346002758318  97 6 6 75.18346002758318
122.36869002764197  63 3 3 78.36869002764197
