1.2251399999995587  64 8 3 0.2251399999995587
10.284899999779805  45 8 2 3.284899999779805
12.477499999696798  23 7 3 2.477499999696798
14.243079999629957  70 6 6 6.243079999629957
14.54518999961852  12 7 2 12.54518999961852
15.86170999956868  5 9 6 7.86170999956868
17.44475999950875  76 8 8 14.44475999950875
18.31544999947579  28 5 4 8.315449999475788
19.07800999944692  40 3 2 13.07800999944692
19.547459999429147  29 7 3 19.547459999429147
22.40861999932083  36 5 5 21.40861999932083
27.28716999913614  8 8 5 17.28716999913614
27.898349999113  50 8 6 0.8983499991130017
28.184549999102167  92 9 6 20.184549999102167
29.81427999904047  14 5 4 25.81427999904047
30.340559999020545  6 5 5 13.340559999020545
31.81913999896457  22 9 2 11.81913999896457
32.05857999897631  35 5 3 30.058579998976313
32.43984999909733  73 3 3 19.439849999097333
33.404309999403466  95 3 3 0.40430999940346624
35.45706000005504  38 9 4 2.457060000055037
35.71395000013658  16 8 5 15.713950000136578
36.89416000051119  81 4 4 33.89416000051119
38.02419000086988  71 5 4 11.02419000086988
40.966870001803926  99 9 7 36.966870001803926
41.66930000202689  62 7 7 39.66930000202689
42.21428000219987  60 6 4 27.21428000219987
45.51231000324671  46 6 5 0.5123100032467107
46.734860003634765  11 5 4 14.734860003634765
48.6769200042512  66 3 2 19.6769200042512
49.115760004390495  89 9 7 0.11576000439049494
50.81650000493033  32 6 6 46.81650000493033
51.07010000501083  54 7 3 16.07010000501083
52.31878000540718  7 8 5 34.31878000540718
52.70013000552822  75 4 3 39.70013000552822
52.79177000555731  10 7 7 44.79177000555731
54.74108000617605  53 6 6 48.74108000617605
55.05528000627578  39 3 3 22.05528000627578
55.17361000631334  63 8 8 47.17361000631334
55.17699000631441  13 3 3 22.176990006314412
55.3070700063557  2 8 4 15.307070006355701
55.42719000639383  47 8 6 5.427190006393829
56.536830006746044  61 7 7 19.536830006746044
57.76450000713572  19 6 5 31.764500007135723
58.93159000750617  69 9 5 40.93159000750617
59.83632000779335  33 6 3 56.83632000779335
59.98436000784034  17 4 3 10.984360007840337
60.38707000796816  1 4 2 25.387070007968163
60.42131000797903  51 4 2 21.42131000797903
61.42595000829792  48 3 2 23.425950008297917
61.51503000832619  15 3 3 21.515030008326193
61.81951000842284  37 9 7 36.81951000842284
62.649870008686406  96 5 3 29.649870008686406
63.53207000896643  93 6 3 43.53207000896643
64.4046700092434  31 6 3 30.404670009243404
65.03807000944445  84 7 3 29.038070009444453
67.38127001018822  49 3 2 33.38127001018822
68.78624001063417  80 4 3 49.786240010634174
68.89612001066905  25 6 3 43.89612001066905
68.90891001067311  43 8 6 22.90891001067311
68.90899001067314  83 8 5 44.908990010673136
69.02488001070992  68 4 3 36.02488001070992
69.67174001091524  44 8 2 30.671740010915244
70.27698001110736  97 6 3 42.276980011107355
71.21070001140373  26 3 3 55.21070001140373
71.21071001140373  59 3 3 55.210710011403734
71.40080001146407  30 5 2 26.40080001146407
71.47837001148869  77 3 3 23.478370011488693
72.10298001168695  91 3 2 28.102980011686952
72.69367001187445  56 6 2 51.693670011874445
72.71602001188154  78 7 3 26.71602001188154
72.89218001193746  20 4 4 30.892180011937455
73.06731001199304  94 8 2 48.067310011993044
74.20820001235518  98 8 2 33.20820001235518
74.99381001260454  88 5 3 24.99381001260454
75.32589001270995  9 6 3 57.32589001270995
76.07327001294718  65 9 4 50.07327001294718
77.82728001350392  27 8 2 48.82728001350392
78.48526001371278  74 8 6 30.485260013712775
78.97571001386845  58 6 2 50.97571001386845
79.56947001405692  79 4 3 35.56947001405692
79.63986001407926  85 8 7 40.63986001407926
80.39486001431891  90 3 3 34.39486001431891
81.56106001468908  55 8 5 60.561060014689076
82.12480001486801  87 3 3 47.124800014868015
84.3587600155771  24 8 4 45.358760015577104
84.89616001574768  72 9 7 67.89616001574768
85.45376001592467  18 5 4 50.45376001592467
85.78256001602904  86 3 2 56.78256001602904
86.61359001629282  21 7 6 67.61359001629282
86.79618001635077  82 9 4 42.796180016350775
87.2448800164932  3 9 7 67.2448800164932
87.7127100166417  57 8 2 46.712710016641694
88.19457001679464  52 4 3 62.19457001679464
89.903240017337  34 9 9 40.903240017337
90.20529001743287  0 3 3 58.20529001743287
90.25400001744833  41 4 2 54.254000017448334
92.68232001821912  67 4 2 61.682320018219116
94.00329001863841  42 9 7 60.00329001863841
94.14827001868443  4 9 7 54.14827001868443
