3.490900000014402  36 7 4 2.490900000014402
5.074339999977065  30 3 2 3.074339999977065
5.365249999966052  60 5 5 2.3652499999660517
8.583789999844205  73 8 4 3.583789999844205
9.409269999812954  9 7 6 1.4092699998129543
9.862049999795813  53 3 3 9.862049999795813
10.72509999976314  72 3 2 7.72509999976314
11.296689999741501  38 9 5 8.296689999741501
12.306139999703285  95 9 9 12.306139999703285
12.33139999970233  48 4 2 12.33139999970233
12.453519999697706  26 9 3 3.453519999697706
14.630539999615289  2 6 2 8.630539999615289
15.007389999601022  20 7 4 3.0073899996010223
15.848109999569195  78 7 6 6.8481099995691945
16.421089999547505  32 7 6 3.4210899995475046
16.477799999545358  96 6 3 10.477799999545358
16.615689999540137  22 6 4 5.6156899995401375
17.56097999950435  6 5 2 1.560979999504351
19.045089999448166  56 9 5 17.045089999448166
19.386889999435226  83 4 3 10.386889999435226
20.01281999941153  23 8 2 4.01281999941153
20.820979999380935  42 4 4 3.820979999380935
23.283629999287704  31 3 3 5.2836299992877045
23.91344999926386  21 3 2 15.913449999263861
28.586919999086934  46 3 2 2.586919999086934
30.625309999009765  79 6 2 18.625309999009765
31.45621999897831  52 8 3 11.456219998978309
33.270729999361066  88 7 6 7.270729999361066
34.015839999597574  94 9 7 13.015839999597574
34.96244999989804  11 5 5 16.96244999989804
35.09533999994022  62 7 6 10.095339999940222
35.95384000021272  13 5 3 16.953840000212722
36.117420000264644  98 5 4 28.117420000264644
36.42492000036225  19 8 6 16.42492000036225
38.62542000106072  7 7 4 20.625420001060718
39.89036000146223  51 4 2 25.890360001462227
39.93097000147512  4 4 4 20.930970001475117
40.279910001585876  70 6 3 11.279910001585876
40.90525000178437  61 8 4 9.905250001784367
40.977580001807326  10 6 3 30.977580001807326
42.62396000232991  65 5 2 24.62396000232991
43.185330002508096  34 8 4 34.185330002508096
43.84430000271726  43 6 4 17.84430000271726
44.56414000294575  41 9 8 14.564140002945749
45.02965000309351  17 8 3 31.029650003093508
46.73053000363339  33 9 6 29.73053000363339
47.12036000375713  75 6 5 18.120360003757128
47.80556000397462  5 3 2 15.80556000397462
48.56025000421417  80 9 5 4.5602500042141685
48.567830004216574  12 3 3 9.567830004216574
48.62401000423441  74 5 3 17.624010004234407
49.727800004584765  67 3 3 9.727800004584765
49.73214000458614  40 3 2 35.73214000458614
50.3353300047776  55 9 4 24.335330004777603
50.62331000486901  89 9 8 36.62331000486901
51.00932000499154  86 8 2 33.00932000499154
51.90580000527609  97 3 3 14.905800005276092
52.68134000552226  68 3 3 9.681340005522259
52.683720005523014  90 7 6 22.683720005523014
53.080870005649075  69 4 2 11.080870005649075
53.0863100056508  76 4 3 22.0863100056508
53.618340005819675  44 8 4 41.618340005819675
54.44410000608178  99 6 3 4.444100006081783
56.39573000670126  85 7 3 20.395730006701257
56.945260006875685  84 8 2 27.945260006875685
57.16389000694508  8 6 5 12.163890006945081
57.79851000714652  91 5 2 37.79851000714652
58.01849000721634  15 9 3 33.01849000721634
59.260980007610726  54 3 2 32.260980007610726
59.94065000782646  3 9 2 16.940650007826463
61.142670008208  24 8 2 36.142670008208
61.330170008267515  29 4 3 19.330170008267515
61.6476900083683  71 9 2 26.6476900083683
61.99660000847905  59 8 7 35.99660000847905
62.697280008701455  82 5 5 16.697280008701455
63.186170008856635  77 7 2 45.186170008856635
63.66386000900826  27 9 3 27.66386000900826
64.27054000920083  37 7 5 48.27054000920083
64.34474000922438  47 9 3 30.34474000922438
64.88513000939591  63 9 8 42.88513000939591
64.92170000940752  58 4 2 24.921700009407516
65.28574000952307  66 4 4 49.28574000952307
65.34840000954296  87 5 5 24.348400009542956
66.3229900098523  49 7 2 57.322990009852305
66.99698001006624  35 8 6 23.99698001006624
67.84834001033647  57 7 7 40.84834001033647
67.92117001035959  0 8 2 48.92117001035959
68.25941001046695  16 4 2 33.25941001046695
68.33496001049093  25 8 4 37.33496001049093
69.2529000107823  39 4 4 32.2529000107823
69.41158001083267  45 8 5 28.411580010832665
70.07507001104327  64 3 3 55.075070011043266
73.20943001203815  18 6 3 39.209430012038155
73.90308001225833  1 4 4 39.90308001225833
73.99695001228812  92 9 6 24.996950012288124
74.90537001257647  93 8 8 45.90537001257647
75.06348001262666  81 5 2 28.063480012626655
75.95689001291024  14 6 6 28.956890012910236
76.79372001317586  50 3 3 46.79372001317586
76.88170001320378  28 8 4 30.881700013203783
