4.236540000008782  92 3 2 0.23654000000878206
6.62448999991838  34 5 3 3.6244899999183797
10.787079999760794  98 3 3 9.787079999760794
11.892769999718935  13 5 3 0.8927699997189347
15.32943999958883  15 6 5 3.32943999958883
16.955239999527283  56 3 3 13.955239999527283
27.076739999144106  70 5 2 5.076739999144106
29.79178999904132  6 7 7 15.79178999904132
30.955239998997275  41 5 4 26.955239998997275
32.248459999036584  74 7 5 17.248459999036584
32.302369999053695  64 5 3 7.302369999053695
32.56894999913831  50 7 7 29.56894999913831
32.80743999921401  67 7 6 30.80743999921401
33.48981999943061  84 6 4 1.4898199994306083
36.08857000025549  87 3 3 6.088570000255487
37.96678000085166  95 7 4 9.966780000851656
39.12617000121966  60 3 2 12.126170001219663
41.544350001987226  59 9 4 32.544350001987226
42.832920002396236  31 6 6 36.832920002396236
44.66326000297721  25 8 3 35.66326000297721
45.69482000330464  32 7 6 17.694820003304642
48.018640004042254  43 6 5 3.018640004042254
48.227930004108686  78 4 3 36.227930004108686
49.64931000455985  72 9 2 34.64931000455985
49.703450004577036  91 6 6 10.703450004577036
50.70217000489404  11 4 3 15.702170004894043
52.17566000536175  10 6 6 49.17566000536175
52.33384000541196  52 3 3 3.3338400054119575
53.33980000573126  21 8 8 13.339800005731263
53.59813000581326  26 4 3 29.59813000581326
55.288080006349674  39 3 2 13.288080006349674
55.487920006413106  57 4 2 44.487920006413106
58.16429000726262  94 8 8 27.164290007262622
58.21782000727961  3 4 4 24.217820007279613
60.12016000788344  97 4 2 46.12016000788344
64.19059000917545  46 7 3 24.19059000917545
66.22982000982273  63 7 6 56.22982000982273
68.76539001062756  19 5 3 18.765390010627556
69.22313001077285  18 4 2 59.22313001077285
70.74721001125661  7 3 2 31.747210011256612
71.63515001153846  22 3 2 32.63515001153846
71.64546001154173  53 6 2 29.64546001154173
72.98183001196591  27 6 4 29.98183001196591
74.8147500125477  80 6 3 25.814750012547705
74.81488001254775  45 7 6 73.81488001254775
74.99818001260593  36 3 3 26.99818001260593
75.2340500126808  65 4 3 26.234050012680797
75.38929001273007  4 5 4 72.38929001273007
75.47258001275651  37 4 4 25.47258001275651
75.5437500127791  55 5 2 48.5437500127791
78.52846001372649  71 6 3 40.52846001372649
78.65795001376759  38 7 7 66.65795001376759
79.94097001417484  12 7 7 32.94097001417484
80.06075001421286  86 3 2 51.06075001421286
82.08997001485696  90 7 2 46.08997001485696
82.34019001493638  24 5 4 70.34019001493638
83.18691001520514  42 7 5 59.18691001520514
84.13305001550546  77 4 3 54.13305001550546
86.88496001637895  48 8 6 80.88496001637895
87.34941001652638  93 8 4 86.34941001652638
87.44356001655626  40 7 7 40.44356001655626
89.76501001729312  2 6 4 81.76501001729312
90.39073001749173  14 7 2 66.39073001749173
91.68821001790357  35 8 8 70.68821001790357
93.0171600183254  96 5 2 51.0171600183254
93.49713001847775  62 6 6 54.49713001847775
93.65692001852847  28 8 4 85.65692001852847
93.94218001861901  33 3 3 79.94218001861901
95.03014001896435  76 5 4 78.03014001896435
95.96102001925982  68 7 7 82.96102001925982
95.99319001927003  81 3 3 72.99319001927003
97.59050001977704  89 8 7 83.59050001977704
97.60114001978042  69 6 5 90.60114001978042
98.47950002005922  30 9 9 97.47950002005922
100.1992600206051  88 3 3 93.1992600206051
100.87016002081805  73 9 4 98.87016002081805
100.93766002083947  54 7 4 83.93766002083947
101.23808002093483  44 3 3 52.23808002093483
103.73267002172665  75 6 6 53.73267002172665
105.40556002225765  79 5 2 87.40556002225765
105.58475002231452  5 6 6 77.58475002231452
107.28016002285267  82 4 3 70.28016002285267
107.37845002288387  58 9 6 100.37845002288387
108.43526002321931  23 7 7 78.43526002321931
109.53229002356753  9 9 7 101.53229002356753
109.75277002363751  49 7 6 69.75277002363751
109.94118002369731  51 8 8 86.94118002369731
109.99317002371382  47 4 2 68.99317002371382
110.07445002373962  8 7 4 76.07445002373962
111.7318600242657  1 3 3 66.7318600242657
111.91945002432524  20 6 3 66.91945002432524
112.07065002437324  17 6 6 73.07065002437324
115.78017002555069  66 9 4 101.78017002555069
116.84044002588723  61 4 3 86.84044002588723
118.8411800265223  99 5 5 78.8411800265223
122.37502002764398  85 8 7 90.37502002764398
124.37389002827845  0 7 2 84.37389002827845
124.80075002841394  29 8 5 82.80075002841394
124.99187002847461  16 8 7 90.99187002847461
125.16870002853074  83 9 4 83.16870002853074
