6.9937699999044  32 8 2 1.9937699999043996
7.042939999902538  62 6 3 0.04293999990253816
9.353509999815065  86 9 4 0.35350999981506526
13.961849999640604  36 9 4 11.961849999640604
14.463509999621612  69 4 2 7.463509999621612
17.93765999949009  52 4 2 9.93765999949009
20.350739999398737  12 9 2 16.350739999398737
21.171509999367665  31 3 3 21.171509999367665
21.6249499993505  10 8 8 6.624949999350498
22.1426399993309  66 8 4 20.1426399993309
22.23854999932727  51 5 3 9.238549999327269
25.96111999918634  63 4 2 11.96111999918634
26.06359999918246  25 9 9 14.063599999182461
26.56784999916337  34 6 2 22.56784999916337
28.25024999909968  78 9 9 23.25024999909968
32.878559999236586  84 6 5 16.878559999236586
33.3675499993918  15 7 3 31.367549999391798
33.57910999945895  68 9 6 28.57910999945895
34.466859999740734  47 8 8 32.466859999740734
35.750800000148274  55 3 2 32.750800000148274
40.75117000173546  35 9 7 1.75117000173546
42.88110000241153  75 8 3 13.881100002411529
44.20099000283048  19 5 5 34.20099000283048
45.71284000331036  46 4 3 26.71284000331036
47.90468000400608  2 7 4 41.90468000400608
50.17313000472612  77 5 3 27.17313000472612
51.47348000513887  88 5 4 15.473480005138867
54.11181000597631  23 9 7 21.11181000597631
54.55082000611566  16 6 3 19.550820006115657
55.16350000631013  30 6 5 51.16350000631013
56.606210006768066  6 9 4 55.606210006768066
57.55224000706835  42 9 4 28.55224000706835
58.614560007405544  83 5 2 12.614560007405544
58.78262000745889  13 7 7 45.78262000745889
61.99418000847828  64 6 4 58.99418000847828
65.09804000946349  67 3 2 49.09804000946349
65.41068000956272  73 3 2 28.410680009562725
65.41370000956368  80 4 4 61.413700009563684
65.67881000964783  38 4 4 29.678810009647833
65.8541700097035  92 3 3 61.854170009703495
66.05261000976648  74 5 3 43.05261000976648
66.20355000981439  70 4 2 33.20355000981439
66.61214000994408  22 8 4 49.612140009944085
67.86660001034227  21 4 2 45.86660001034227
68.70863001060954  87 5 5 47.70863001060954
69.31913001080332  39 7 7 67.31913001080332
71.7663500115801  41 5 5 66.7663500115801
72.1150800116908  95 4 4 25.115080011690793
72.91649001194517  79 9 2 42.91649001194517
73.07445001199531  71 5 5 54.07445001199531
73.75326001221077  37 7 7 40.753260012210774
74.07336001231238  27 3 3 39.07336001231238
74.57328001247106  76 4 3 62.57328001247106
74.9835800126013  1 6 2 42.983580012601294
75.38959001273017  14 5 4 73.38959001273017
77.44646001338305  29 3 2 60.446460013383046
77.56677001342123  93 7 7 74.56677001342123
78.3482900136693  20 6 2 34.3482900136693
78.47962001371098  48 9 3 50.479620013710985
78.73271001379132  3 3 3 33.73271001379132
79.97262001418488  94 8 3 41.97262001418488
80.81656001445276  7 4 4 45.81656001445276
81.75195001474967  60 7 6 51.75195001474967
84.62838001566269  11 3 2 53.628380015662685
84.963300015769  97 4 3 69.963300015769
86.01673001610337  40 8 8 60.01673001610337
86.07993001612343  89 4 4 64.07993001612343
86.56654001627788  82 9 3 70.56654001627788
86.78295001634658  65 8 4 65.78295001634658
87.2077300164814  43 8 2 40.207730016481406
88.0463500167476  49 9 5 59.046350016747596
88.42463001686767  4 3 3 60.42463001686767
90.05061001738378  8 3 2 57.050610017383775
90.2406500174441  59 4 3 70.2406500174441
90.56480001754699  56 4 3 50.564800017546986
91.30297001778129  53 6 6 60.30297001778129
91.73129001791725  91 5 2 53.731290017917246
93.4714800184696  58 7 6 71.4714800184696
94.21524001870569  33 9 5 71.21524001870569
96.03286001928262  9 4 4 53.03286001928262
96.40666001940127  26 4 4 61.40666001940127
97.4325600197269  28 8 6 54.43256001972691
98.01920001991311  72 6 4 73.01920001991311
99.35429002033689  0 7 2 74.35429002033689
100.0533900205588  96 3 2 54.053390020558794
100.43863002068107  45 7 6 87.43863002068107
101.36639002097556  81 5 2 67.36639002097556
102.39562002130225  85 6 4 64.39562002130225
102.64724002138212  61 5 5 60.64724002138212
106.6706600226592  54 4 4 60.670660022659206
107.57809002294724  44 5 4 65.57809002294724
107.63426002296507  5 8 6 64.63426002296507
108.38750002320415  18 9 8 71.38750002320415
110.29251002380883  17 9 8 75.29251002380883
110.29251002380883  50 9 8 75.29251002380883
110.92191002400861  98 3 2 77.92191002400861
111.42873002416948  24 5 3 72.42873002416948
112.0097100243539  90 9 4 71.0097100243539
112.35924002446484  57 9 8 67.35924002446484
112.50474002451102  99 3 3 73.50474002451102
