4.626929999994003  39 8 3 4.626929999994003
6.616249999918692  71 4 4 5.616249999918692
6.835139999910405  72 3 2 5.835139999910405
8.389029999851578  42 9 7 7.389029999851578
8.42329999985028  86 4 3 7.423299999850281
9.53033999980837  29 9 7 7.530339999808371
9.897839999794458  93 6 4 7.897839999794458
12.42806999969867  40 3 3 8.42806999969867
13.162359999670871  30 4 4 8.162359999670871
13.66266999965193  90 7 5 10.66266999965193
14.31750999962714  9 4 3 11.31750999962714
15.126669999596507  48 9 2 8.126669999596507
16.280229999552837  37 4 3 3.2802299995528372
16.662039999538383  64 7 4 9.662039999538383
16.841529999531588  38 7 2 12.841529999531588
18.117469999483284  68 6 2 9.117469999483284
21.06018999937188  70 7 2 10.060189999371879
21.407939999358714  2 9 6 13.407939999358714
22.44398999931949  44 6 5 16.44398999931949
22.971979999299503  0 4 2 13.971979999299503
23.749119999270082  24 3 2 7.749119999270082
26.909619999150433  67 4 2 14.909619999150433
27.247739999137632  85 5 3 12.247739999137632
27.588729999124723  16 6 5 17.588729999124723
28.009159999108807  34 5 3 10.009159999108807
28.81551999907828  43 7 7 16.81551999907828
29.279949999060698  78 3 2 16.279949999060698
31.779859998966057  52 5 2 15.779859998966057
32.09265999898713  98 5 2 13.09265999898713
32.35298999906976  22 4 3 21.352989999069763
33.21049999934195  12 6 6 16.21049999934195
33.76240999951713  89 9 3 11.762409999517132
34.49085999974835  20 6 6 19.490859999748352
35.9188000002016  58 6 6 20.9188000002016
36.39081000035142  36 3 3 15.390810000351422
41.138980001858556  69 9 7 24.138980001858556
41.27437000190153  81 6 3 11.27437000190153
41.359510001928555  18 8 6 19.359510001928555
41.99402000212996  66 9 8 20.994020002129957
42.64672000233713  7 9 4 15.646720002337133
44.075300002790584  75 5 4 23.075300002790584
46.896480003686065  1 9 3 15.896480003686065
47.66140000392886  65 8 2 24.66140000392886
47.76398000396142  6 9 9 23.76398000396142
48.383750004158145  4 9 6 20.383750004158145
53.16765000567662  15 9 3 13.16765000567662
53.8282300058863  11 6 5 23.828230005886297
54.026360005949186  10 8 6 28.026360005949186
55.59483000644704  92 5 4 18.59483000644704
57.40139000702047  55 3 2 24.401390007020467
58.467370007358824  79 9 9 32.467370007358824
58.47652000736173  84 9 6 27.476520007361728
60.77520000809136  94 7 5 27.77520000809136
62.793090008731866  46 6 3 30.793090008731866
63.108640008832026  17 5 5 27.108640008832026
63.9869100091108  59 9 7 33.9869100091108
64.74170000935038  19 7 5 31.74170000935038
66.96098001005481  3 7 4 31.96098001005481
67.89020001034976  32 6 5 34.89020001034976
69.1130300107379  31 4 3 34.1130300107379
69.11699001073916  62 7 7 36.11699001073916
69.15981001075275  99 8 4 35.15981001075275
70.86994001129557  83 9 4 28.86994001129557
71.29100001142922  28 4 3 31.29100001142922
72.12269001169321  26 6 4 33.12269001169321
72.49382001181101  82 7 2 28.49382001181101
72.55557001183061  5 8 7 38.55557001183061
73.20557001203693  13 3 2 39.20557001203693
73.52930001213969  91 5 5 30.529300012139686
73.87881001225063  60 7 3 30.878810012250625
74.32091001239095  88 9 3 37.320910012390954
74.46324001243613  8 8 4 38.46324001243613
75.35104001271793  53 4 3 33.35104001271793
75.78751001285647  54 8 6 33.78751001285647
78.2531700136391  35 6 4 39.25317001363911
78.48432001371248  74 5 5 44.48432001371248
80.46030001433968  45 8 2 42.46030001433968
81.70917001473609  41 6 4 37.70917001473609
81.83095001477474  80 5 5 36.83095001477474
82.25618001490972  14 3 3 37.25618001490972
83.23691001522101  49 7 4 42.236910015221014
84.61366001565801  56 6 6 48.61366001565801
86.48513001625204  21 6 6 41.48513001625204
86.49939001625657  47 9 7 40.49939001625657
88.31588001683315  23 8 5 51.31588001683315
89.477920017202  87 9 6 47.477920017201996
89.49570001720764  95 8 2 40.49570001720764
89.94871001735143  57 8 8 51.94871001735143
91.49606001784258  76 5 5 50.49606001784258
92.38317001812416  51 5 4 47.38317001812416
97.08761001961741  77 6 4 55.087610019617415
98.64555002011193  25 8 6 52.645550020111926
99.5742200204067  73 8 8 56.5742200204067
100.12799002058247  61 8 4 54.12799002058247
105.48629002228327  63 3 3 61.48629002228327
111.04939002404907  97 6 6 64.04939002404907
113.04825002468354  33 5 4 63.04825002468354
116.23937002569645  96 5 5 68.23937002569645
120.69128002710954  27 9 6 71.69128002710954
125.96058002878209  50 5 4 75.96058002878209
