4.93842999998221  31 3 3 4.93842999998221
10.488569999772094  15 7 3 8.488569999772094
10.530009999770526  6 9 4 9.530009999770526
12.398829999699776  36 9 4 10.398829999699776
12.830489999683435  14 5 4 10.830489999683435
13.4098699996615  55 3 2 10.4098699996615
16.027289999562413  12 9 2 12.027289999562413
17.998859999487774  52 4 2 9.998859999487774
18.412419999472117  39 7 7 16.412419999472117
21.146369999368616  30 6 5 17.146369999368616
21.577479999352295  47 8 8 19.577479999352295
21.72814999934659  32 8 2 16.72814999934659
23.627239999274696  66 8 4 21.627239999274696
24.85304999922829  2 7 4 18.85304999922829
25.861489999190113  92 3 3 21.861489999190113
27.751109999118576  34 6 2 23.751109999118576
27.906209999112704  68 9 6 22.906209999112704
28.40367999909387  64 6 4 25.40367999909387
28.571129999087532  69 4 2 21.571129999087532
30.049009999031583  62 6 3 23.049009999031583
30.09319999902991  86 9 4 21.09319999902991
33.49097999943098  41 5 5 28.490979999430976
34.75362999983176  93 7 7 31.75362999983176
36.695530000448144  19 5 5 26.695530000448144
37.67182000075803  51 5 3 24.671820000758032
38.03280000087261  21 4 2 16.032800000872612
38.42172000099606  45 7 6 25.42172000099606
39.23097000125293  82 9 3 23.230970001252928
39.65025000138601  80 4 4 35.65025000138601
40.22315000156786  29 3 2 23.22315000156786
41.16164000186575  67 3 2 25.16164000186575
41.74491000205089  76 4 3 29.744910002050887
41.78691000206422  78 9 9 36.78691000206422
42.85443000240306  97 4 3 27.854430002403063
43.01367000245361  25 9 9 31.01367000245361
44.244040002844145  84 6 5 28.244040002844145
44.81734000302612  13 7 7 31.817340003026118
45.44568000322556  46 4 3 26.44568000322556
47.35675000383216  63 4 2 33.35675000383216
47.9088300040074  10 8 8 32.9088300040074
48.52553000420315  74 5 3 25.525530004203148
48.97914000434713  33 9 5 25.97914000434713
49.3898600044775  79 9 2 19.389860004477498
50.92783000496567  77 5 3 27.92783000496567
51.37662000510812  89 4 4 29.376620005108123
51.62222000518608  22 8 4 34.62222000518608
51.92038000528072  59 4 3 31.92038000528072
53.690040005842434  42 9 4 24.690040005842434
54.86585000621565  71 5 5 35.86585000621565
55.543020006430595  75 8 3 26.543020006430595
57.38444000701509  0 7 2 32.38444000701509
58.45605000735523  60 7 6 28.45605000735523
59.286900007618954  8 3 2 26.286900007618954
59.438760007667156  4 3 3 31.438760007667156
59.64182000773161  65 8 4 38.64182000773161
62.5323400086491  11 3 2 31.5323400086491
62.84637000874878  87 5 5 41.84637000874878
64.68459000933225  70 4 2 31.684590009332254
65.36265000954748  37 7 7 32.36265000954748
65.44947000957504  27 3 3 30.449470009575037
65.82354000969377  48 9 3 37.82354000969377
66.81364001000804  73 3 2 29.813640010008044
68.32432001048755  58 7 6 46.324320010487554
69.31516001080206  49 9 5 40.31516001080206
70.01543001102434  94 8 3 32.015430011024335
70.65168001122629  81 5 2 36.65168001122629
72.93033001194956  56 4 3 32.930330011949565
74.20989001235571  72 6 4 49.209890012355714
75.41820001273925  98 3 2 42.41820001273925
75.68664001282445  7 4 4 40.686640012824455
76.8200200131842  16 6 3 41.820020013184205
77.78238001348967  40 8 8 51.78238001348967
81.83625001477643  53 6 6 50.836250014776425
82.29098001492076  17 9 8 47.29098001492076
84.2289300155359  38 4 4 48.228930015535894
84.83538001572839  24 5 3 45.83538001572839
85.08634001580805  88 5 4 49.08634001580805
86.5729100162799  91 5 2 48.572910016279906
87.48867001657058  1 6 2 55.48867001657058
88.03038001674253  50 9 8 53.03038001674253
88.70217001695576  23 9 7 55.70217001695576
91.24383001776252  99 3 3 52.24383001776252
91.56471001786437  9 4 4 48.56471001786437
93.09291001834944  90 9 4 52.09291001834944
93.51738001848418  26 4 4 58.517380018484175
96.15065001932001  44 5 4 54.15065001932001
97.1993900196529  20 6 2 53.199390019652895
97.52564001975645  85 6 4 59.52564001975645
98.74244002014268  18 9 8 61.74244002014268
98.83973002017356  35 9 7 59.83973002017356
101.60799002105225  61 5 5 59.607990021052245
102.56991002135757  3 3 3 57.56991002135757
103.69902002171597  5 8 6 60.69902002171597
106.88134002272608  83 5 2 60.88134002272608
107.51429002292699  57 9 8 62.514290022926986
108.20464002314611  28 8 6 65.20464002314611
111.97311002434228  54 4 4 65.97311002434228
113.21488002473643  95 4 4 66.21488002473643
113.44327002480892  96 3 2 67.44327002480892
116.04720002563545  43 8 2 69.04720002563545
