1.2104199999994623  76 4 2 1.2104199999994623
2.520660000008046  42 6 4 0.5206600000080459
4.5100799999984265  5 7 6 4.5100799999984265
8.416419999850541  46 7 2 6.416419999850541
8.708729999839475  36 3 2 8.708729999839475
14.2815899996285  71 7 2 10.2815899996285
15.041109999599746  24 4 4 7.041109999599746
15.316389999589324  51 4 3 14.316389999589324
16.95982999952711  48 3 3 9.95982999952711
20.598039999389375  75 7 5 9.598039999389375
21.0437999993725  85 6 6 12.0437999993725
21.979019999337094  67 7 7 19.979019999337094
22.16030999933023  88 7 4 9.16030999933023
22.57108999931468  8 9 3 11.57108999931468
22.64526999931187  26 3 3 11.645269999311871
24.229329999251902  9 3 3 4.2293299992519024
24.683559999234706  87 9 2 13.683559999234706
26.642959999160528  68 8 4 15.642959999160528
27.063839999144594  98 8 4 25.063839999144594
27.638039999122856  7 5 2 8.638039999122856
29.7923399990413  84 5 5 10.7923399990413
30.06146999903111  28 6 4 27.06146999903111
30.103829999029507  74 3 2 10.103829999029507
30.230749999024702  10 6 5 18.230749999024702
30.26617999902336  62 4 2 9.266179999023361
30.598429999010783  32 6 2 18.598429999010783
30.87559999900029  57 8 8 27.87559999900029
33.12322999931425  47 8 6 29.123229999314248
33.31798999937607  2 9 9 26.317989999376067
33.659149999484356  13 8 5 13.659149999484356
35.13348999995233  44 7 3 8.133489999952332
36.03298000023784  19 6 2 21.032980000237842
36.153970000276246  70 5 3 14.153970000276246
36.621370000424605  60 5 3 12.621370000424605
36.8611100005007  30 4 2 21.8611100005007
36.95946000053192  11 3 2 19.95946000053192
37.08913000057308  79 5 3 25.08913000057308
37.268730000630086  31 5 5 20.268730000630086
38.00153000086269  59 9 4 12.001530000862687
38.57221000104383  61 7 3 10.572210001043828
39.0932000012092  73 8 4 17.093200001209198
39.206670001245215  40 9 9 19.206670001245215
39.288430001271166  45 6 5 16.288430001271166
39.66227000138983  96 3 3 16.662270001389828
41.76799000205821  82 7 3 18.767990002058212
41.774020002060126  16 3 2 13.774020002060126
42.78647000238149  34 4 4 20.786470002381492
43.69330000266933  69 8 3 14.693300002669332
44.228450002839196  90 4 3 17.228450002839196
44.45199000291015  21 3 3 12.45199000291015
44.707220002991164  14 8 4 19.707220002991164
45.56127000326225  33 5 4 17.56127000326225
48.019340004042476  27 7 6 25.019340004042476
48.83347000430089  83 8 8 25.833470004300892
49.340170004461726  38 6 5 24.340170004461726
49.915470004644334  6 7 7 23.915470004644334
51.12117000502704  78 3 2 13.12117000502704
51.7549300052282  39 4 4 10.754930005228204
52.007000005308214  86 6 5 26.007000005308214
52.07985000533134  56 9 4 20.079850005331338
56.86821000685123  89 7 6 29.86821000685123
57.27865000698151  25 7 5 26.278650006981508
57.43641000703158  15 6 5 26.436410007031583
58.86447000748487  41 8 2 26.86447000748487
59.1055800075614  93 9 4 29.1055800075614
59.11584000756466  91 8 6 30.115840007564657
60.54869000801946  94 3 3 26.548690008019463
61.12726000820311  4 4 2 26.12726000820311
62.38764000860317  37 5 2 30.38764000860317
62.717890008708  63 5 4 27.717890008707997
63.81001000905465  99 5 4 34.81001000905465
63.895240009081704  95 9 7 33.895240009081704
65.22980000950531  49 9 6 33.22980000950531
65.58791000961898  1 5 3 29.58791000961898
66.88674001003125  64 4 2 22.886740010031247
68.5995200105749  53 3 2 32.599520010574906
68.68732001060278  20 9 2 35.687320010602775
69.29263001079491  58 4 3 30.29263001079491
69.62966001090189  97 6 4 33.62966001090189
69.87665001098028  29 8 7 30.876650010980285
70.31293001111877  55 5 5 31.312930011118766
70.77707001126609  81 4 2 20.77707001126609
71.16479001138916  18 6 2 25.164790011389158
72.90990001194308  80 6 5 32.90990001194308
73.30174001206746  12 8 2 27.301740012067455
73.38282001209319  66 3 3 39.38282001209319
73.62855001217119  17 5 5 26.62855001217119
75.44817001274876  72 6 5 28.44817001274876
77.14812001328835  22 6 6 28.14812001328835
77.68253001345798  65 5 3 32.68253001345798
78.96392001386471  52 4 2 37.96392001386471
79.0231100138835  3 9 7 38.023110013883496
79.6333700140772  92 7 3 34.6333700140772
80.3031500142898  35 8 3 35.3031500142898
82.72087001505722  0 5 3 32.720870015057216
83.98339001545796  43 8 3 33.98339001545796
85.51387001594375  77 5 5 44.51387001594375
85.64014001598383  54 7 5 39.64014001598383
90.91570001765837  23 8 8 41.91570001765837
93.74036001855495  50 8 6 44.74036001855495
