5.333729999967245  47 7 7 5.333729999967245
6.619789999918558  60 9 8 6.619789999918558
8.58365999984421  48 9 5 8.58365999984421
8.791639999836336  96 3 3 8.791639999836336
10.699449999764111  57 6 3 6.699449999764111
10.791279999760635  5 3 3 6.791279999760635
12.144439999709407  17 6 6 11.144439999709407
12.53477999969463  63 9 9 11.53477999969463
13.294559999665866  3 6 2 8.294559999665866
16.051349999561502  82 7 2 12.051349999561502
17.00045999952557  22 4 2 10.000459999525571
18.55892999946657  21 6 2 14.55892999946657
21.063499999371754  10 7 3 13.063499999371754
21.447059999357233  74 7 5 16.447059999357233
21.50760999935494  4 6 2 16.50760999935494
22.18881999932915  65 9 3 12.188819999329151
23.730809999270775  56 4 2 14.730809999270775
24.032969999259336  19 5 5 18.032969999259336
24.705519999233875  2 6 5 19.705519999233875
26.035049999183542  12 4 2 14.035049999183542
27.441009999130316  49 9 9 21.441009999130316
28.272639999098832  87 5 5 22.272639999098832
28.30539999909759  75 5 4 14.305399999097592
29.630239999047436  81 5 2 19.630239999047436
30.146209999027903  14 5 3 14.146209999027903
30.277449999022934  58 8 8 21.277449999022934
31.008129998995273  90 9 9 22.008129998995273
31.62998999897173  20 5 5 19.62998999897173
34.83411999985731  43 8 3 22.834119999857307
35.27187999999626  53 9 5 21.27187999999626
35.67454000012407  69 9 9 22.67454000012407
38.64215000106603  24 9 3 23.642150001066028
38.8736100011395  76 3 3 22.873610001139497
38.9022800011486  83 9 6 25.902280001148597
39.87024000145584  13 5 5 23.87024000145584
40.82442000175871  0 6 4 26.82442000175871
41.51956000197936  11 6 6 26.519560001979357
42.01363000213618  88 3 3 29.013630002136182
42.34435000224116  45 5 5 27.344350002241157
43.25772000253107  55 9 8 28.257720002531073
43.74300000268511  42 6 6 29.743000002685108
44.21001000283334  32 5 2 9.210010002833343
44.927280003061014  38 8 4 27.927280003061014
45.61020000327778  35 7 3 9.610200003277782
45.879290003363195  39 3 3 14.879290003363195
46.353690003513776  67 6 5 30.353690003513776
48.60707000422903  71 7 2 17.60707000422903
48.96748000434343  27 5 2 31.96748000434343
49.10012000438553  92 7 4 30.10012000438553
49.666710004565374  95 7 5 33.666710004565374
49.71439000458051  64 3 2 16.71439000458051
50.24529000474902  37 3 2 27.245290004749023
52.37004000542345  44 3 2 35.37004000542345
52.85858000557852  72 3 3 16.858580005578517
53.20334000568795  51 5 4 27.20334000568795
53.56659000580325  31 8 5 25.56659000580325
54.533520006110166  18 7 2 30.533520006110166
55.08643000628567  15 3 2 23.086430006285667
55.225960006329956  41 3 3 19.225960006329956
55.25587000633945  85 9 3 36.25587000633945
55.57483000644069  25 8 7 36.57483000644069
57.130510006934486  78 8 3 20.130510006934486
57.62789000709236  61 4 4 37.62789000709236
58.522630007376364  54 7 2 22.522630007376364
58.663270007421005  1 7 6 35.663270007421005
59.40642000765689  34 6 6 35.40642000765689
59.44146000766801  6 3 2 21.441460007668013
60.98713000815863  89 9 6 36.98713000815863
61.047040008177646  68 8 4 38.047040008177646
62.21137000854722  50 7 3 38.21137000854722
63.55697000897433  46 6 6 36.55697000897433
63.728620009028816  23 4 3 26.728620009028816
64.93890000941298  59 3 3 33.938900009412976
65.75437000967182  93 4 4 27.754370009671817
66.37532000986891  80 7 2 33.375320009868915
67.85751001033938  30 8 8 32.85751001033938
67.9936700103826  8 3 2 23.9936700103826
68.30801001048238  73 4 2 37.30801001048238
70.81220001127724  77 6 3 36.81220001127724
71.38737001145981  33 6 6 34.38737001145981
72.58971001184145  86 6 2 31.589710011841447
72.98879001196812  79 4 2 38.98879001196812
73.0942700120016  28 4 3 38.0942700120016
73.12553001201152  9 9 8 33.125530012011524
73.19803001203454  29 4 4 29.198030012034536
75.30607001270366  62 3 3 28.306070012703657
75.41828001273927  16 3 3 25.418280012739274
75.58184001279119  91 8 2 31.58184001279119
75.96552001291298  98 5 4 34.965520012912975
76.23416001299825  97 7 5 33.234160012998245
77.44659001338309  99 4 3 37.44659001338309
78.98528001387149  26 4 4 41.98528001387149
79.43922001401558  40 7 7 42.439220014015575
79.69772001409763  7 5 4 36.69772001409763
80.39908001432025  70 5 5 37.39908001432025
80.90755001448164  94 4 4 31.907550014481643
82.1587600148788  84 6 2 32.158760014878794
82.57803001501188  52 7 3 45.578030015011876
85.00914001578354  66 7 6 35.009140015783544
89.14163001709525  36 7 5 51.14163001709525
