1.2251399999995587  64 8 3 0.2251399999995587
4.877989999984498  29 7 3 4.877989999984498
6.757719999913336  35 5 3 4.757719999913336
9.30660999981684  36 5 5 8.30660999981684
12.141639999709513  12 7 2 10.141639999709513
13.257599999667265  33 6 3 10.257599999667265
15.373409999587166  62 7 7 13.373409999587166
17.217489999517355  40 3 2 11.217489999517355
17.521479999505846  14 5 4 13.521479999505846
17.997539999487824  76 8 8 14.997539999487824
19.2740399994395  45 8 2 12.274039999439498
20.40161999939681  81 4 4 17.40161999939681
22.495319999317548  32 6 6 18.495319999317548
23.108499999294335  73 3 3 10.108499999294335
24.415219999244865  99 9 7 20.415219999244865
24.604939999237683  53 6 6 18.604939999237683
25.06115999922041  28 5 4 15.061159999220411
25.439529999206087  5 9 6 17.439529999206087
26.626609999161147  22 9 2 6.626609999161147
27.87695999911381  63 8 8 19.87695999911381
28.186649999102087  23 7 3 18.186649999102087
28.31890999909708  10 7 7 20.31890999909708
29.19716999906383  70 6 6 21.19716999906383
31.539459998975158  75 4 3 18.539459998975158
31.72618999896809  92 9 6 23.72618999896809
31.894569998961714  26 3 3 15.894569998961714
33.6441699994796  60 6 4 18.6441699994796
33.83212999953926  8 8 5 23.832129999539262
35.07219999993288  6 5 5 18.072199999932877
36.000760000227615  59 3 3 20.000760000227615
38.3257500009656  7 8 5 20.3257500009656
39.780620001427394  93 6 3 19.780620001427394
40.86862000177274  66 3 2 11.86862000177274
42.00758000213426  72 9 7 25.00758000213426
42.458770002277475  71 5 4 15.458770002277475
43.853350002720134  9 6 3 25.853350002720134
45.621520003281375  94 8 2 20.621520003281375
45.630310003284166  69 9 5 27.630310003284166
46.37941000352194  16 8 5 26.37941000352194
47.84049000398571  19 6 5 21.840490003985707
47.85477000399024  27 8 2 18.85477000399024
49.073800004377176  67 4 2 18.073800004377176
49.48268000450696  49 3 2 15.48268000450696
49.65921000456299  11 5 4 17.659210004562993
50.01293000467527  25 6 3 25.01293000467527
50.864460004945556  0 3 3 18.864460004945556
51.227550005060806  83 8 5 27.227550005060806
51.78062000523636  21 7 6 32.78062000523636
52.619110005502506  86 3 2 23.619110005502506
52.62354000550391  54 7 3 17.623540005503912
53.44054000576324  50 8 6 26.44054000576324
54.4533000060847  1 4 2 19.453300006084703
54.8833300062212  13 3 3 21.8833300062212
55.33325000636401  80 4 3 36.33325000636401
55.898930006543566  68 4 3 22.898930006543566
56.38802000669881  39 3 3 23.38802000669881
56.428460006711646  95 3 3 23.428460006711646
56.46421000672299  65 9 4 30.464210006722993
56.554190006751554  56 6 2 35.554190006751554
59.195890007590066  52 4 3 33.195890007590066
59.39521000765333  38 9 4 26.395210007653333
59.51668000769189  31 6 3 25.51668000769189
59.54327000770033  96 5 3 26.54327000770033
61.59366000835115  3 9 7 41.59366000835115
62.292820008573074  84 7 3 26.292820008573074
63.353400008909716  30 5 2 18.353400008909716
64.01218000911882  61 7 7 27.012180009118822
64.05426000913218  79 4 3 20.05426000913218
64.85711000938701  18 5 4 29.857110009387014
65.55010000960698  48 3 2 27.55010000960698
66.50563000991028  78 7 3 20.505630009910277
66.58939000993686  2 8 4 26.589390009936864
66.67619000996442  55 8 5 45.676190009964415
67.73175001029946  24 8 4 28.731750010299464
69.11935001073991  37 9 7 44.11935001073991
70.46189001116605  87 3 3 35.46189001116605
71.02581001134504  44 8 2 32.025810011345044
72.36674001177067  51 4 2 33.36674001177067
72.849800011924  4 9 7 32.849800011924
73.15627001202128  58 6 2 45.15627001202128
75.49718001276432  85 8 7 36.49718001276432
76.58533001310971  97 6 3 48.58533001310971
77.51419001340454  15 3 3 37.514190013404544
78.47861001371066  88 5 3 28.478610013710664
78.57716001374195  98 8 2 37.577160013741945
83.14019001519031  42 9 7 49.14019001519031
83.49725001530365  57 8 2 42.49725001530365
85.33270001588625  82 9 4 41.332700015886246
87.77172001666042  91 3 2 43.771720016660424
89.46904001719918  43 8 6 43.46904001719918
89.79374001730224  41 4 2 53.79374001730224
91.03403001769593  34 9 9 42.034030017695926
92.10911001803717  20 4 4 50.10911001803717
92.13608001804573  46 6 5 47.13608001804573
92.22585001807423  90 3 3 46.225850018074226
92.45586001814723  47 8 6 42.455860018147234
94.0401400186501  17 4 3 45.040140018650106
95.79578001920737  74 8 6 47.79578001920737
98.30877002000503  77 3 3 50.30877002000503
98.31704002000765  89 9 7 49.31704002000765
