12.880139999681555  43 7 2 11.880139999681555
35.48086000006259  10 6 3 31.48086000006259
37.96949000085252  85 6 2 31.969490000852517
43.27627000253696  73 4 4 11.276270002536961
43.318810002550464  28 3 2 17.318810002550464
43.32178000255141  55 8 2 22.321780002551407
43.370900002567  88 4 2 41.370900002567
45.70991000330943  3 8 3 31.70991000330943
46.578350003585086  64 3 2 38.578350003585086
48.35418000414876  65 5 4 30.35418000414876
54.30493000603761  63 4 3 41.30493000603761
55.11161000629366  98 3 2 33.11161000629366
55.26987000634389  25 4 3 35.26987000634389
55.5055400064187  58 6 3 38.5055400064187
56.038590006587896  53 3 3 22.038590006587896
57.25925000697535  37 7 3 22.25925000697535
59.59304000771613  18 3 3 16.593040007716127
63.07573000882158  87 3 2 59.07573000882158
63.27754000888564  57 3 3 48.27754000888564
63.51106000895976  99 7 5 55.51106000895976
63.6734300090113  32 3 3 48.6734300090113
64.96755000942207  39 5 5 28.96755000942207
65.25038000951184  91 9 6 44.250380009511844
65.87723000971081  84 3 2 65.87723000971081
66.17546000980548  36 5 4 48.17546000980548
67.03912001007961  66 9 2 32.039120010079614
69.26223001078526  83 7 3 65.26223001078526
69.92209001099471  7 7 4 64.92209001099471
70.08991001104798  68 5 5 23.089910011047976
70.41948001115259  89 3 3 20.419480011152586
70.45947001116528  96 5 4 45.45947001116528
70.55945001119701  44 6 5 46.559450011197015
70.62185001121682  50 4 2 58.62185001121682
70.99991001133682  29 3 3 63.99991001133682
71.16999001139081  22 9 6 34.16999001139081
72.16869001170781  1 3 3 56.16869001170781
72.39505001177966  21 9 2 28.39505001177966
72.53239001182325  78 5 2 38.53239001182325
72.57765001183762  11 8 5 26.57765001183762
72.66661001186586  0 7 4 27.666610011865856
72.84964001192395  86 7 6 68.84964001192395
73.09634001200226  80 6 5 67.09634001200226
73.21049001203849  77 4 4 39.21049001203849
73.5514200121467  2 5 4 66.5514200121467
73.66414001218249  40 7 6 64.66414001218249
73.77641001221812  81 8 7 66.77641001221812
73.88803001225355  45 3 3 65.88803001225355
74.19245001235018  14 7 6 62.19245001235018
74.27301001237575  38 7 3 25.27301001237575
74.36771001240581  26 5 5 56.36771001240581
74.42765001242483  13 6 5 29.427650012424834
74.5778200124725  15 7 7 64.5778200124725
74.62360001248703  12 4 2 73.62360001248703
74.66906001250146  59 6 5 46.66906001250146
74.71365001251561  94 5 2 56.713650012515615
74.79905001254272  27 5 5 71.79905001254272
74.84114001255608  8 4 3 69.84114001255608
74.95811001259321  62 9 3 36.95811001259321
75.11164001264194  72 5 2 59.11164001264194
75.14975001265404  17 8 4 38.14975001265404
75.1877500126661  69 3 3 55.1877500126661
75.22448001267776  24 3 3 40.22448001267776
75.2973700127009  70 6 4 75.2973700127009
75.32894001271092  75 7 7 59.328940012710916
75.35363001271875  95 6 4 48.35363001271875
75.36540001272249  97 7 6 64.36540001272249
75.44209001274683  76 5 5 28.44209001274683
75.51818001277098  47 5 2 33.51818001277098
75.72627001283703  42 7 4 46.726270012837034
75.85776001287877  23 4 2 25.85776001287877
75.92271001289939  4 8 5 34.92271001289939
75.98763001292  93 7 6 39.98763001291999
76.05150001294027  16 9 2 31.051500012940267
76.11505001296044  31 3 3 28.115050012960438
76.24035001300021  79 5 3 27.24035001300021
76.30158001301965  30 7 4 37.301580013019645
76.43995001306357  67 4 3 60.439950013063566
76.57816001310744  5 9 7 72.57816001310744
76.71625001315127  61 6 2 76.71625001315127
76.85364001319488  52 9 5 56.85364001319488
76.99081001323842  9 3 2 39.990810013238416
77.12796001328195  6 9 2 46.12796001328195
77.26500001332545  60 8 8 50.26500001332545
77.40198001336893  71 9 5 76.40198001336893
77.53474001341107  56 7 7 65.53474001341107
77.65492001344921  92 5 2 74.65492001344921
77.73213001347372  19 9 8 66.73213001347372
77.80865001349801  74 6 5 55.80865001349801
77.88499001352224  82 5 5 39.88499001352224
77.96121001354643  48 5 4 30.961210013546435
78.03728001357058  41 6 5 78.03728001357058
78.11314001359466  49 7 3 57.11314001359466
78.1888600136187  54 8 8 40.188860013618694
78.2645000136427  90 4 3 28.264500013642703
78.34002001366667  46 4 2 76.34002001366667
78.41515001369052  20 5 4 39.41515001369052
78.48664001371321  34 3 3 44.48664001371321
78.55714001373559  35 9 7 28.55714001373559
78.6236600137567  33 6 6 67.6236600137567
78.68963001377764  51 6 5 50.689630013777645
