22.49527999931755  38 7 2 18.49527999931755
25.668339999197425  24 3 2 9.668339999197425
27.479919999128843  70 7 2 16.479919999128843
70.71309001124578  55 3 2 37.71309001124578
82.47168001497812  64 7 4 75.47168001497812
83.78343001539449  13 3 2 49.78343001539449
84.86371001573738  85 5 3 69.86371001573738
85.07982001580598  40 3 3 81.07982001580598
85.37764001590051  39 8 3 85.37764001590051
87.90572001670296  98 5 2 68.90572001670296
89.31778001715116  45 8 2 51.317780017151165
89.36413001716588  95 8 2 40.36413001716588
90.05079001738383  83 9 4 48.05079001738383
90.97677001767775  21 6 6 45.97677001767775
91.22935001775792  46 6 3 59.22935001775792
92.6933100182226  67 4 2 80.6933100182226
93.16659001837283  30 4 4 88.16659001837283
94.93511001893418  92 5 4 57.93511001893418
95.35019001906593  28 4 3 55.350190019065934
95.55741001913171  90 7 5 92.55741001913171
95.76107001919635  41 6 4 51.76107001919635
96.46350001941931  93 6 4 94.46350001941931
96.82558001953424  99 8 4 62.82558001953424
97.18093001964704  89 9 3 75.18093001964704
97.29900001968451  1 9 3 66.29900001968451
97.9665300198964  20 6 6 82.9665300198964
98.29212001999974  32 6 5 65.29212001999974
98.40051002003415  16 6 5 88.40051002003415
98.5087500200685  11 6 5 68.5087500200685
98.61692002010284  68 6 2 89.61692002010284
98.94534002020708  91 5 5 55.945340020207084
99.67643002043914  81 6 3 69.67643002043914
99.71179002045037  88 9 3 62.711790020450366
99.73728002045846  15 9 3 59.737280020458456
99.84765002049349  78 3 2 86.84765002049349
99.94396002052406  8 8 4 63.94396002052406
100.03961002055442  0 4 2 91.03961002055442
100.41997002067515  48 9 2 93.41997002067515
100.51457002070518  7 9 4 73.51457002070518
100.60898002073515  94 7 5 67.60898002073515
100.89077002082459  82 7 2 56.89077002082459
100.98442002085432  18 8 6 78.98442002085432
101.07488002088303  87 9 6 59.07488002088303
101.53275002102836  52 5 2 85.53275002102836
101.5943000210479  31 4 3 66.5943000210479
101.65500002106717  44 6 5 95.65500002106717
101.71421002108596  22 4 3 90.71421002108596
101.78007002110687  14 3 3 56.780070021106866
101.93533002115615  2 9 6 93.93533002115615
102.24024002125293  72 3 2 101.24024002125293
102.52982002134485  17 5 5 66.52982002134485
102.73753002141078  26 6 4 63.73753002141078
102.8406300214435  10 8 6 76.8406300214435
103.04598002150868  6 9 9 79.04598002150868
103.2467400215724  5 8 7 69.2467400215724
103.42527002162907  35 6 4 64.42527002162907
103.50426002165415  25 8 6 57.50426002165415
103.58305002167916  79 9 9 77.58305002167916
103.66182002170416  86 4 3 102.66182002170416
103.74056002172915  51 5 4 58.74056002172915
103.97632002180399  49 7 4 62.976320021803986
104.05464002182885  27 9 6 55.054640021828845
104.1329400218537  80 5 5 59.1329400218537
104.20942002187797  3 7 4 69.20942002187797
104.3622900219265  34 5 3 86.3622900219265
104.4382200219506  71 4 4 103.4382200219506
104.58992002199875  53 4 3 62.58992002199875
104.66566002202279  33 5 4 54.66566002202279
104.67992002202732  47 9 7 58.67992002202732
105.49655002228653  65 8 2 82.49655002228653
106.31314002254572  59 9 7 76.31314002254572
107.1296600228049  75 5 4 86.1296600228049
107.94609002306404  54 8 6 65.94609002306404
108.76250002332318  76 5 5 67.76250002332318
109.57891002358232  23 8 5 72.57891002358232
110.39530002384146  19 7 5 77.39530002384146
111.21061002410025  74 5 5 77.21061002410025
112.01312002435498  66 9 8 91.01312002435498
112.81109002460826  69 9 7 95.81109002460826
113.60854002486138  50 5 4 63.608540024861384
114.40586002511446  96 5 5 66.40586002511446
115.20299002536748  4 9 6 87.20299002536748
115.99968002562036  73 8 8 72.99968002562036
116.79618002587318  56 6 6 80.79618002587318
117.59244002612593  60 7 3 74.59244002612593
118.38735002637824  12 6 6 101.38735002637824
119.18058002663003  36 3 3 98.18058002663003
119.94183002687166  62 7 7 86.94183002687166
120.70266002711315  77 6 4 78.70266002711315
121.4595600273534  63 3 3 77.4595600273534
122.21256002759242  84 9 6 91.21256002759242
122.95486002782803  58 6 6 107.95486002782803
123.69691002806357  61 8 4 77.69691002806357
124.43796002829879  57 8 8 86.43796002829879
125.178980028534  97 6 6 78.178980028534
125.61165002867133  29 9 7 123.61165002867133
126.0160700287997  9 4 3 123.0160700287997
126.18701002885396  37 4 3 113.18701002885396
126.34892002890535  43 7 7 114.34892002890535
126.45922002894036  42 9 7 125.45922002894036
