4.7173799999905786  94 5 3 3.7173799999905786
7.12424999989946  93 4 3 7.12424999989946
8.734549999838498  38 9 2 4.734549999838498
9.018339999827754  33 6 2 9.018339999827754
23.54553999927779  31 8 3 21.54553999927779
24.787699999230764  20 3 2 22.787699999230764
37.10992000057968  7 9 2 1.1099200005796774
51.93214000528445  70 8 3 45.93214000528445
52.680670005522046  62 3 3 43.680670005522046
53.205910005688764  59 4 3 17.205910005688764
57.952430007195375  10 8 2 20.952430007195375
62.582230008664936  23 3 2 37.582230008664936
63.3152300088976  71 9 2 34.3152300088976
63.93717000909501  21 7 4 55.93717000909501
64.0959300091454  41 6 3 28.095930009145405
64.22050000918495  0 4 2 48.220500009184946
64.38604000923749  82 6 4 19.38604000923749
64.4714600092646  52 3 3 21.471460009264604
64.81622000937404  99 4 3 64.81622000937404
64.92713000940924  58 3 2 53.92713000940924
66.11609000978663  76 6 4 65.11609000978663
67.26468001015121  43 3 2 53.26468001015121
67.37793001018716  91 9 5 55.37793001018716
67.490860010223  25 6 6 25.490860010223003
67.71574001029438  96 4 4 57.71574001029438
67.93801001036493  37 4 4 30.938010010364934
68.3969200105106  86 7 2 37.3969200105106
68.45764001052987  95 3 3 52.45764001052987
68.51682001054866  73 7 5 47.516820010548656
68.61781001058071  36 3 2 43.61781001058071
68.86435001065897  16 4 2 59.86435001065897
68.94376001068417  32 6 2 63.94376001068417
69.07947001072725  89 3 2 56.07947001072725
69.14125001074686  64 9 5 24.14125001074686
69.26039001078468  28 7 3 61.260390010784675
69.31957001080346  19 5 3 48.31957001080346
69.40923001083192  44 5 3 31.40923001083192
69.47046001085135  56 6 3 63.470460010851355
71.62655001153573  66 9 5 21.626550011535727
71.69196001155649  34 9 5 28.69196001155649
71.75010001157494  78 3 2 23.750100011574943
71.80585001159264  45 4 2 29.80585001159264
71.85885001160946  2 5 3 31.858850011609462
72.19760001171699  3 4 2 42.197600011716986
72.29640001174835  39 5 2 29.296400011748347
72.44917001179684  9 5 3 39.44917001179684
72.59519001184319  98 3 2 40.59519001184319
72.88599001193549  46 9 3 30.88599001193549
73.00420001197301  77 5 4 34.00420001197301
73.33311001207741  5 5 5 48.33311001207741
73.42141001210544  57 3 2 26.42141001210544
73.45901001211737  4 7 5 32.459010012117375
73.56246001215021  87 5 3 57.56246001215021
73.58019001215584  67 6 5 41.58019001215584
73.61018001216536  18 4 4 60.61018001216536
73.86251001224545  13 8 6 40.86251001224545
74.36471001240486  1 8 5 51.364710012404856
74.60921001248246  12 7 6 26.609210012482464
74.85166001255942  68 9 6 40.85166001255942
75.49628001276403  49 5 3 74.49628001276403
75.88875001288861  79 8 2 29.888750012888607
76.0812300129497  29 8 7 37.0812300129497
76.261740013007  47 9 7 53.261740013007
76.61645001311959  74 8 6 58.61645001311959
76.78870001317426  92 7 4 69.78870001317426
76.95960001322851  61 9 5 31.95960001322851
77.12904001328229  40 4 2 45.12904001328229
77.29613001333533  88 7 7 72.29613001333533
77.46298001338829  26 8 6 64.46298001338829
77.62234001343887  65 8 6 51.62234001343887
77.78139001348936  69 4 3 59.78139001348936
78.0934300135884  85 8 3 55.0934300135884
78.24911001363782  54 7 5 61.24911001363782
79.09228001390545  30 7 7 30.09228001390545
79.93542001417308  81 7 7 31.935420014173076
80.77837001444064  80 6 6 32.77837001444064
81.62128001470819  6 5 4 62.62128001470819
82.46393001497566  48 3 3 71.46393001497566
83.30571001524285  75 8 3 52.30571001524285
84.14730001550998  14 4 3 57.147300015509984
84.98867001577705  84 3 2 48.988670015777046
85.82953001604395  60 9 8 63.82953001604395
86.67010001631076  22 9 9 55.670100016310755
87.51039001657747  17 7 5 74.51039001657747
88.35029001684407  55 7 3 78.35029001684407
89.18985001711056  97 6 2 71.18985001711056
90.0289600173769  53 4 4 66.0289600173769
90.86778001764316  72 4 4 71.86778001764316
91.70646001790936  24 3 3 69.70646001790936
92.5445900181754  83 5 2 53.5445900181754
93.38266001844141  15 6 6 48.38266001844141
94.21972001870711  90 4 3 68.21972001870711
95.05358001897179  51 7 6 85.05358001897179
95.88696001923631  50 8 3 81.88696001923631
96.69605001949313  27 4 4 71.69605001949313
97.50417001974964  42 7 7 63.50417001974964
98.19277001996821  63 4 4 82.19277001996821
98.76755002015065  11 4 3 69.76755002015065
99.28711002031557  8 7 4 49.287110020315566
99.43545002036265  35 6 5 89.43545002036265
