50.4411700048112  70 5 2 28.441170004811198
62.32705000858394  87 3 3 32.32705000858394
66.26206000983296  53 6 2 24.262060009832965
67.06951001008926  7 3 2 28.06951001008926
71.788090011587  92 3 2 67.788090011587
73.58974001215887  96 5 2 31.58974001215887
74.11370001232518  78 4 3 62.11370001232518
75.98442001291897  13 5 3 64.98442001291897
76.87459001320153  36 3 3 28.874590013201527
77.1643500132935  56 3 3 74.1643500132935
78.87865001383764  98 3 3 77.87865001383764
81.87418001478846  90 7 2 45.874180014788465
82.47506001497919  37 4 4 32.47506001497919
82.50286001498802  64 5 3 57.502860014988016
82.52699001499568  22 3 2 43.526990014995675
82.65030001503482  71 6 3 44.650300015034816
82.71083001505403  4 5 4 79.71083001505403
84.05429001548046  86 3 2 55.05429001548046
84.42339001559762  65 4 3 35.42339001559762
85.1548800158298  8 7 4 51.154880015829804
86.92906001639295  27 6 4 43.92906001639295
87.14116001646028  34 5 3 84.14116001646028
87.56409001659452  68 7 7 74.56409001659452
88.40151001686033  26 4 3 64.40151001686033
89.22827001712275  60 3 2 62.22827001712275
89.63723001725256  10 6 6 86.63723001725256
90.28423001745793  80 6 3 41.28423001745793
90.34371001747681  31 6 6 84.34371001747681
90.36331001748303  11 4 3 55.36331001748303
90.44993001751052  73 9 4 88.44993001751052
90.49714001752551  82 4 3 53.49714001752551
90.68196001758417  46 7 3 50.681960017584174
91.03660001769674  74 7 5 76.03660001769674
91.21628001775377  2 6 4 83.21628001775377
91.30603001778226  45 7 6 90.30603001778226
91.39542001781064  49 7 6 51.395420017810636
92.63636001820453  79 5 2 74.63636001820453
92.84130001826958  38 7 7 80.84130001826958
93.24835001839878  35 8 8 72.24835001839878
93.85288001859067  47 4 2 52.85288001859067
94.6390300188402  24 5 4 82.6390300188402
95.37721001907451  3 4 4 61.37721001907451
95.49634001911232  67 7 6 93.49634001911232
95.96298001926044  18 4 2 85.96298001926044
96.46578001942004  43 6 5 51.46578001942004
96.60273001946351  15 6 5 84.60273001946351
96.96419001957824  48 8 6 90.96419001957824
97.07606001961375  42 7 5 73.07606001961375
97.18709001964899  30 9 9 96.18709001964899
97.29742001968401  40 7 7 50.29742001968401
97.62290001978732  59 9 4 88.62290001978732
97.83941001985605  95 7 4 69.83941001985605
97.94729001989029  28 8 4 89.94729001989029
98.48518002006102  81 3 3 75.48518002006102
98.59163002009481  39 3 2 56.59163002009481
98.8039500201622  77 4 3 68.8039500201622
99.16659002027731  19 5 3 49.16659002027731
99.67192002043771  55 5 2 72.67192002043771
99.92316002051746  12 7 7 52.92316002051746
100.17308002059679  76 5 4 83.17308002059679
100.4229700206761  72 9 2 85.4229700206761
101.1582600209095  91 6 6 62.158260020909495
101.402430020987  14 7 2 77.402430020987
101.6425000210632  33 3 3 87.6425000210632
102.11693002121379  44 3 3 53.11693002121379
102.58867002136353  97 4 2 88.58867002136353
102.81776002143624  75 6 6 52.81776002143624
103.04682002150895  23 7 7 73.04682002150895
103.43031002163067  32 7 6 75.43031002163067
103.61963002169077  25 8 3 94.61963002169077
103.78992002174482  51 8 8 80.78992002174482
104.24407002188897  52 3 3 55.24407002188897
104.37482002193047  69 6 5 97.37482002193047
104.4624600219583  84 6 4 72.4624600219583
105.03592002214032  41 5 4 101.03592002214032
105.59513002231782  29 8 5 63.59513002231782
106.15204002249459  58 9 6 99.15204002249459
106.69148002266581  0 7 2 66.69148002266581
107.23090002283703  63 7 6 97.23090002283703
107.76579002300682  85 8 7 75.76579002300682
108.26618002316565  54 7 4 91.26618002316565
108.76655002332447  9 9 7 100.76655002332447
109.26557002348287  6 7 7 95.26557002348287
109.76278002364069  62 6 6 70.76278002364069
110.25763002379776  88 3 3 103.25763002379776
110.75157002395454  16 8 7 76.75157002395454
111.2448100241111  17 6 6 72.2448100241111
111.73801002426765  50 7 7 108.73801002426765
112.22905002442351  21 8 8 72.22905002442351
112.71947002457918  89 8 7 98.71947002457918
113.20580002473355  61 4 3 83.20580002473355
113.69170002488778  93 8 4 112.69170002488778
114.17750002504198  83 9 4 72.17750002504198
114.6621000251958  5 6 6 86.6621000251958
115.14284002534839  1 3 3 70.14284002534839
115.62352002550097  99 5 5 75.62352002550097
116.10303002565317  57 4 2 105.10303002565317
116.58164002580509  20 6 3 71.58164002580509
117.05971002595683  66 9 4 103.05971002595683
117.53434002610749  94 8 8 86.53434002610749
