1.2104199999994623  76 4 2 1.2104199999994623
15.483129999583012  42 6 4 13.483129999583012
15.561789999580034  24 4 4 7.561789999580034
18.612459999464544  8 9 3 7.612459999464544
46.49452000355848  46 7 2 44.49452000355848
53.257960005705286  71 7 2 49.257960005705286
60.10959000788009  66 3 3 26.109590007880087
60.93374000814168  81 4 2 10.933740008141683
64.76892000935902  96 3 3 41.76892000935902
67.30454001016386  60 5 3 43.30454001016386
68.10669001041848  62 4 2 47.106690010418475
68.62694001058361  78 3 2 30.62694001058361
70.11797001105688  26 3 3 59.11797001105688
70.16110001107057  21 3 3 38.16110001107057
70.31667001111995  87 9 2 59.31667001111995
74.39519001241453  73 8 4 52.39519001241453
74.79640001254188  86 6 5 48.79640001254188
77.19803001330419  9 3 3 57.19803001330419
78.39437001368393  20 9 2 45.394370013683925
79.76264001411823  69 8 3 50.76264001411823
80.58363001437883  75 7 5 69.58363001437883
81.21852001458035  89 7 6 54.21852001458035
81.42451001464573  1 5 3 45.42451001464573
81.708890014736  70 5 3 59.708890014736
81.73998001474587  18 6 2 35.73998001474587
81.74424001474722  65 5 3 36.74424001474722
81.84169001477815  7 5 2 62.84169001477815
82.3616900149432  94 3 3 48.36169001494321
82.77684001507498  11 3 2 65.77684001507498
82.81579001508734  41 8 2 50.815790015087344
82.96132001513354  88 7 4 69.96132001513354
83.02759001515457  55 5 5 44.02759001515457
83.09294001517532  92 7 3 38.092940015175316
83.27421001523285  84 5 5 64.27421001523285
83.4460500152874  90 4 3 56.4460500152874
83.6354100153475  61 7 3 55.6354100153475
83.8842800154265  99 5 4 54.8842800154265
83.94043001544432  38 6 5 58.94043001544432
83.99386001546128  19 6 2 68.99386001546128
84.04603001547784  45 6 5 61.04603001547784
84.2532000155436  63 5 4 49.2532000155436
84.30466001555993  32 6 2 72.30466001555993
84.40532001559188  37 5 2 52.40532001559188
84.55459001563926  25 7 5 53.55459001563926
84.59773001565296  48 3 3 77.59773001565296
84.76631001570647  93 9 4 54.766310015706466
84.84420001573119  56 9 4 52.84420001573119
84.8483500157325  35 8 3 39.84835001573251
84.85214001573371  29 8 7 45.85214001573371
84.85542001573475  23 8 8 35.85542001573475
84.8738300157406  17 5 5 37.873830015740594
84.89013001574577  0 5 3 34.89013001574577
84.9059800157508  44 7 3 57.9059800157508
84.92176001575581  10 6 5 72.92176001575581
84.95289001576569  68 8 4 73.95289001576569
84.96745001577031  22 6 6 35.96745001577031
84.99368001577864  39 4 4 43.99368001577864
85.00597001578254  31 5 5 68.00597001578254
85.01443001578522  64 4 2 41.01443001578522
85.0175300157862  52 4 2 44.01753001578621
85.02120001578737  30 4 2 70.02120001578737
85.02236001578774  85 6 6 76.02236001578774
85.02307001578797  74 3 2 65.02307001578797
85.07733001580519  36 3 2 85.07733001580519
85.13139001582235  34 4 4 63.13139001582235
85.23909001585653  67 7 7 83.23909001585653
85.29283001587359  57 8 8 82.29283001587359
85.34614001589051  6 7 7 59.34614001589051
85.448500015923  2 9 9 78.448500015923
85.49830001593881  28 6 4 82.49830001593881
85.5477200159545  27 7 6 62.547720015954496
85.59681001597008  58 4 3 46.59681001597008
85.64563001598557  80 6 5 45.645630015985574
85.74289001601645  54 7 5 39.742890016016446
85.79146001603186  79 5 3 73.79146001603186
85.88814001606255  47 8 6 81.88814001606255
85.93645001607788  98 8 4 83.93645001607788
85.98458001609316  91 8 6 56.98458001609316
86.03250001610837  49 9 6 54.03250001610837
86.17479001615354  51 4 3 85.17479001615354
86.22109001616823  5 7 6 86.22109001616823
86.36647001621438  12 8 2 40.36647001621438
86.51164001626046  4 4 2 51.51164001626046
86.6554500163061  97 6 4 50.655450016306105
86.79808001635138  14 8 4 61.79808001635138
86.94048001639658  33 5 4 58.94048001639658
87.08277001644174  95 9 7 57.08277001644174
87.22501001648689  13 8 5 67.22501001648689
87.36722001653203  53 3 2 51.36722001653203
87.50943001657717  16 3 2 59.50943001657717
87.65077001662203  15 6 5 56.65077001662203
87.79153001666671  40 9 9 67.79153001666671
87.93227001671139  50 8 6 38.932270016711385
88.0725100167559  59 9 4 62.0725100167559
88.21275001680041  83 8 8 65.21275001680041
88.31199001683191  43 8 3 38.31199001683191
88.41099001686334  72 6 5 41.41099001686334
88.50899001689444  82 7 3 65.50899001689444
88.60694001692553  3 9 7 47.606940016925535
88.7048200169566  77 5 5 47.7048200169566
