65.89080000971512  64 3 2 32.89080000971512
66.18533000980861  8 3 2 22.18533000980861
67.4395100102067  6 3 2 29.439510010206703
67.58310001025228  12 4 2 55.58310001025228
68.22376001045563  15 3 2 36.223760010455635
68.30339001048091  54 7 2 32.30339001048091
68.39298001050935  80 7 2 35.39298001050935
68.4640200105319  92 7 4 49.4640200105319
68.55757001056159  72 3 3 32.55757001056159
69.36328001081733  57 6 3 65.36328001081733
70.62239001121699  5 3 3 66.62239001121699
71.43789001147584  27 5 2 54.437890011475844
72.446520011796  98 5 4 31.446520011795997
72.69844001187596  88 3 3 59.69844001187596
72.95034001195592  59 3 3 41.950340011955916
73.70557001219564  20 5 5 61.705570012195636
73.95712001227548  3 6 2 68.95712001227548
74.96294001259474  37 3 2 51.96294001259474
75.2132800126742  52 7 3 38.213280012674204
76.66088001313369  4 6 2 71.66088001313369
76.88926001320618  22 4 2 69.88926001320618
77.34421001335059  71 7 2 46.34421001335059
77.65051001344781  29 4 4 33.650510013447814
77.89947001352684  62 3 3 30.899470013526837
78.0256700135669  74 7 5 73.0256700135669
78.29530001365248  39 3 3 47.29530001365248
78.3810500136797  14 5 3 62.3810500136797
78.62087001375582  16 3 3 28.62087001375582
78.75856001379952  76 3 3 62.758560013799524
78.81733001381818  47 7 7 78.81733001381818
78.88692001384027  51 5 4 52.88692001384027
78.95291001386121  41 3 3 42.952910013861214
78.95582001386214  13 5 5 62.95582001386214
79.19774001393893  93 4 4 41.197740013938926
79.43855001401536  1 7 6 56.43855001401536
79.79848001412961  67 6 5 63.79848001412961
80.18811001425328  68 8 4 57.18811001425328
80.48482001434746  65 9 3 70.48482001434746
80.66574001440489  83 9 6 67.66574001440489
80.72265001442295  86 6 2 39.72265001442295
80.77556001443975  25 8 7 61.77556001443975
80.88133001447332  21 6 2 76.88133001447332
81.11626001454789  60 9 8 81.11626001454789
81.23327001458503  53 9 5 67.23327001458503
81.41612001464307  24 9 3 66.41612001464307
81.48099001466366  70 5 5 38.48099001466366
81.54576001468422  75 5 4 67.54576001468422
81.80068001476513  43 8 3 69.80068001476513
81.97869001482164  99 4 3 41.97869001482164
82.23526001490308  23 4 3 45.235260014903076
82.24797001490711  66 7 6 32.24797001490711
82.27101001491442  78 8 3 45.271010014914424
82.279140014917  91 8 2 38.279140014917004
82.28963001492033  26 4 4 45.289630014920334
82.36658001494476  10 7 3 74.36658001494476
82.63242001502914  81 5 2 72.63242001502914
82.73132001506053  11 6 6 67.73132001506053
82.8301600150919  87 5 5 76.8301600150919
83.02759001515457  0 6 4 69.02759001515457
83.12594001518579  61 4 4 63.12594001518579
83.2239500152169  84 6 2 33.2239500152169
83.32155001524788  18 7 2 59.32155001524788
83.41892001527879  58 8 8 74.41892001527879
83.51627001530969  7 5 4 40.516270015309686
83.709430015371  56 4 2 74.709430015371
83.80433001540112  82 7 2 79.80433001540112
83.8975200154307  2 6 5 78.8975200154307
83.98705001545912  33 6 6 46.98705001545912
84.21303001553085  79 4 2 50.21303001553085
84.26073001554599  19 5 5 78.26073001554599
84.30816001556104  42 6 6 70.30816001556104
84.35554001557608  44 3 2 67.35554001557608
84.58693001564953  69 9 9 71.58693001564953
84.81264001572117  49 9 9 78.81264001572117
85.0376500157926  40 7 7 48.03765001579259
85.26259001586399  94 4 4 36.26259001586399
85.47782001593231  89 9 6 61.47782001593231
85.6624100159909  9 9 8 45.6624100159909
85.8467100160494  30 8 8 50.8467100160494
86.03097001610789  48 9 5 86.03097001610789
86.21486001616626  90 9 9 77.21486001616626
86.3734600162166  36 7 5 48.3734600162166
86.51849001626263  45 5 5 71.51849001626263
86.66339001630863  55 9 8 71.66339001630863
86.8082100163546  73 4 2 55.80821001635459
86.95296001640054  35 7 3 50.95296001640054
87.09766001644647  95 7 5 71.09766001644647
87.24233001649239  32 5 2 52.24233001649239
87.38693001653829  46 6 6 60.38693001653829
87.53146001658416  63 9 9 86.53146001658416
87.67597001663003  38 8 4 70.67597001663003
87.82025001667583  77 6 3 53.82025001667583
87.9644600167216  85 9 3 68.9644600167216
88.10866001676737  31 8 5 60.108660016767374
88.25282001681313  17 6 6 87.25282001681313
88.39694001685888  34 6 6 64.39694001685888
88.5403400169044  50 7 3 64.5403400169044
88.68227001694945  96 3 3 88.68227001694945
88.8239000169944  97 7 5 45.8239000169944
88.92938001702788  28 4 3 53.92938001702788
