10.843199999758669  30 3 2 8.843199999758669
18.39467999947279  60 5 5 15.394679999472789
18.531119999467624  2 6 2 12.531119999467624
18.63314999946376  53 3 3 18.63314999946376
18.694799999461427  48 4 2 18.694799999461427
24.449069999243584  26 9 3 15.449069999243584
28.162219999103012  51 4 2 14.162219999103012
28.616509999085814  96 6 3 22.616509999085814
31.87826999896233  38 9 5 28.87826999896233
35.712840000136225  73 8 4 30.712840000136225
39.542790001351904  72 3 2 36.542790001351904
40.52279000166297  65 5 2 22.52279000166297
52.87236000558289  36 7 4 51.87236000558289
56.029960006585156  77 7 2 38.029960006585156
56.74799000681307  86 8 2 38.74799000681307
56.92791000687018  24 8 2 31.927910006870178
57.495800007050434  9 7 6 49.495800007050434
58.79794000746375  22 6 4 47.79794000746375
58.85018000748033  95 9 9 58.85018000748033
59.05132000754418  56 9 5 57.05132000754418
59.918980007819584  54 3 2 32.918980007819584
60.3462300079552  42 4 4 43.3462300079552
60.885800008126466  6 5 2 44.885800008126466
62.38330000860179  23 8 2 46.38330000860179
63.16505000884993  49 7 2 54.16505000884993
63.27028000888333  33 9 6 46.27028000888333
63.32105000889945  78 7 6 54.32105000889945
63.37143000891544  16 4 2 28.37143000891544
63.41796000893021  71 9 2 28.41796000893021
63.46059000894374  75 6 5 34.46059000894374
63.50284000895715  46 3 2 37.50284000895715
64.20403000917972  28 8 4 18.204030009179718
65.07149000945506  70 6 3 36.07149000945506
66.39865000987632  76 4 3 35.39865000987632
66.85392001002083  34 8 4 57.85392001002083
67.48764001022198  12 3 3 28.48764001022198
67.60166001025817  21 3 2 59.60166001025817
67.82328001032852  31 3 3 49.82328001032852
68.04334001039837  52 8 3 48.04334001039837
68.70239001060756  0 8 2 49.70239001060756
69.13396001074454  40 3 2 55.133960010744545
69.55748001087898  89 9 8 55.557480010878976
70.88668001130088  74 5 3 39.88668001130088
71.28138001142617  41 9 8 41.281380011426165
71.80167001159131  87 5 5 30.801670011591312
71.94617001163718  35 8 6 28.94617001163718
72.01375001165863  14 6 6 25.01375001165863
72.20400001171902  82 5 5 26.204000011719017
72.32553001175759  84 8 2 43.32553001175759
72.73014001188602  47 9 3 38.73014001188602
73.0611900119911  15 9 3 48.0611900119911
73.35320001208379  18 6 3 39.35320001208379
73.63234001217239  99 6 3 23.632340012172392
74.00534001229079  69 4 2 32.00534001229079
74.33140001239428  61 8 4 43.33140001239428
74.52948001245716  50 3 3 44.52948001245716
74.61285001248362  27 9 3 38.61285001248362
74.67596001250365  17 8 3 60.67596001250365
75.0966900126372  97 3 3 38.0966900126372
75.5163600127704  7 7 4 57.516360012770406
75.88822001288844  1 4 4 41.88822001288844
76.24625001300208  3 9 2 33.24625001300208
76.60403001311565  81 5 2 29.604030013115647
77.29075001333362  58 4 2 37.29075001333362
77.61588001343682  57 7 7 50.61588001343682
78.26443001364268  55 9 4 52.26443001364268
78.58736001374518  85 7 3 42.58736001374518
79.52959001404426  10 6 3 69.52959001404426
79.83825001414223  43 6 4 53.83825001414223
80.4493400143362  32 7 6 67.4493400143362
80.75380001443284  45 8 5 39.75380001443284
81.34697001462112  11 5 5 63.34697001462112
81.63946001471396  83 4 3 72.63946001471396
81.93064001480639  20 7 4 69.93064001480639
82.2069800148941  98 5 4 74.2069800148941
82.38796001495155  62 7 6 57.387960014951545
82.5554200150047  80 9 5 38.5554200150047
82.69325001504845  8 6 5 37.69325001504845
82.82932001509164  68 3 3 39.82932001509164
82.95893001513278  92 9 6 33.95893001513278
83.06269001516571  19 8 6 63.062690015165714
83.16579001519844  91 5 2 63.16579001519844
83.26513001522997  39 4 4 46.26513001522997
83.36436001526147  5 3 2 51.36436001526147
83.46347001529293  88 7 6 57.46347001529293
83.56255001532438  25 8 4 52.562550015324376
83.66047001535546  94 9 7 62.66047001535546
83.7579700153864  37 7 5 67.7579700153864
83.85299001541657  64 3 3 68.85299001541657
83.94780001544666  44 8 4 71.94780001544666
84.04076001547617  90 7 6 54.04076001547617
84.13343001550558  29 4 3 42.13343001550558
84.22459001553452  63 9 8 62.22459001553452
84.31567001556343  13 5 3 65.31567001556343
84.40654001559227  67 3 3 44.40654001559227
84.49383001561998  4 4 4 65.49383001561998
84.5786500156469  59 8 7 58.5786500156469
84.66207001567338  93 8 8 55.66207001567338
84.74448001569954  66 4 4 68.74448001569954
84.82351001572462  79 6 2 72.82351001572462
