3.9102400000171493  36 9 4 1.9102400000171493
4.127560000012908  66 8 4 2.127560000012908
5.094069999976318  31 3 3 5.094069999976318
5.675849999954293  32 8 2 0.6758499999542931
6.880259999908697  12 9 2 2.880259999908697
7.006129999903932  62 6 3 0.006129999903931704
8.028189999865239  69 4 2 1.0281899998652388
8.734799999838488  78 9 9 3.734799999838488
9.044179999826776  86 9 4 0.044179999826775784
9.573489999806737  52 4 2 1.5734899998067373
12.040749999713332  15 7 3 10.040749999713332
12.363489999701114  47 8 8 10.363489999701114
12.772309999685637  34 6 2 8.772309999685637
13.643999999652637  25 9 9 1.643999999652637
14.213079999631093  51 5 3 1.213079999631093
15.04363999959965  2 7 4 9.04363999959965
16.008229999563135  10 8 8 1.0082299995631345
16.177579999556723  19 5 5 6.177579999556723
17.892139999491814  84 6 5 1.892139999491814
18.93351999945239  63 4 2 4.93351999945239
19.17180999944337  13 7 7 6.171809999443369
20.18581999940498  68 9 6 15.18581999940498
21.341339999361235  46 4 3 2.341339999361235
22.046629999334534  80 4 4 18.046629999334534
22.126969999331493  97 4 3 7.126969999331493
22.770969999307113  92 3 3 18.770969999307113
23.427509999282258  55 3 2 20.427509999282258
25.327319999210335  77 5 3 2.327319999210335
26.18304999917794  71 5 5 7.183049999177939
26.737939999156932  87 5 5 5.737939999156932
28.859179999076627  21 4 2 6.859179999076627
29.15463999906544  22 8 4 12.154639999065441
30.62495999900978  75 8 3 1.6249599990097785
31.345949998982483  42 9 4 2.3459499989824835
32.483739999111265  40 8 8 6.483739999111265
34.21348999966031  23 9 7 1.213489999660311
35.44116000004999  59 4 3 15.44116000004999
36.5999400004178  70 4 2 3.599940000417803
37.00833000054743  16 6 3 2.0083300005474314
37.20473000060977  37 7 7 4.204730000609771
37.83755000081064  88 5 4 1.8375500008106371
38.84826000113145  29 3 2 21.84826000113145
39.06047000119881  89 4 4 17.06047000119881
39.15776000122969  35 9 7 0.1577600012296898
39.674010001393555  27 3 3 4.674010001393555
40.02460000150484  38 4 4 4.024600001504837
41.21401000188237  74 5 3 18.21401000188237
41.72313000204397  60 7 6 11.723130002043973
42.08105000215758  49 9 5 13.081050002157582
42.46109000227821  94 8 3 4.461090002278212
42.896970002416566  73 3 2 5.896970002416566
43.71386000267586  6 9 4 42.71386000267586
44.8969900030514  48 9 3 16.8969900030514
45.11145000311947  67 3 2 29.111450003119472
45.84834000335337  56 4 3 5.848340003353371
46.5632800035803  20 6 2 2.563280003580303
47.07353000374226  83 5 2 1.0735300037422633
47.649660003925135  91 5 2 9.649660003925135
48.44286000417691  53 6 6 17.442860004176907
49.68463000457106  95 4 4 2.684630004571062
52.04291000531961  11 3 2 21.042910005319612
54.646840006146135  43 8 2 7.646840006146135
63.78177000904569  96 3 2 17.781770009045687
75.57144001278789  1 6 2 43.57144001278789
76.40332001305194  8 3 2 43.40332001305194
84.37705001558291  30 6 5 80.37705001558291
84.37925001558361  4 3 3 56.37925001558361
91.40355001781322  61 5 5 49.40355001781322
91.5055600178456  79 9 2 61.505560017845596
91.91330001797502  3 3 3 46.91330001797502
92.17373001805768  7 4 4 57.17373001805768
94.14137001868224  72 6 4 69.14137001868224
95.91793001924614  98 3 2 62.91793001924614
96.25005001935156  14 5 4 94.25005001935156
97.97416001989882  45 7 6 84.97416001989882
102.24436002125424  85 6 4 64.24436002125424
102.24446002125427  64 6 4 99.24446002125427
102.24467002125434  26 4 4 67.24467002125434
102.24564002125464  5 8 6 59.245640021254644
102.24935002125582  76 4 3 90.24935002125582
102.68423002139386  41 5 5 97.68423002139386
102.96738002148373  50 9 8 67.96738002148373
104.13480002185429  57 9 8 59.13480002185429
105.14277002217423  90 9 4 64.14277002217423
107.33356002286962  99 3 3 68.33356002286962
111.62424002423154  54 4 4 65.62424002423154
116.11404002565666  28 8 6 73.11404002565666
120.89001002717262  65 8 4 99.89001002717262
120.89002002717262  44 5 4 78.89002002717262
120.89002002717262  18 9 8 83.89002002717262
120.89003002717263  9 4 4 77.89003002717263
120.89004002717263  82 9 3 104.89004002717263
120.89012002717266  58 7 6 98.89012002717266
120.89067002717283  33 9 5 97.89067002717283
120.89256002717343  39 7 7 118.89256002717343
120.9028400271767  17 9 8 85.9028400271767
120.9441100271898  0 7 2 95.9441100271898
121.0279200272164  81 5 2 87.0279200272164
121.49275002736394  24 5 3 82.49275002736394
123.22296002791313  93 7 7 120.22296002791313
