1.2860499999999577  60 9 8 1.2860499999999577
2.3870100000071703  63 9 9 1.3870100000071703
4.916639999983035  5 3 3 0.916639999983035
5.008459999979559  48 9 5 5.008459999979559
7.39128999988935  96 3 3 7.39128999988935
9.290639999817445  19 5 5 3.2906399998174454
10.001229999790544  22 4 2 3.001229999790544
11.497489999733899  3 6 2 6.497489999733899
12.455149999697644  49 9 9 6.455149999697644
13.156189999671104  20 5 5 1.1561899996711045
13.493169999658347  56 4 2 4.493169999658347
15.387639999586627  24 9 3 0.38763999958662687
16.05481999956137  42 6 6 2.0548199995613707
16.1201299995589  69 9 9 3.1201299995588982
17.579359999503655  14 5 3 1.5793599995036551
18.195099999480345  43 8 3 6.195099999480345
19.001519999449815  55 9 8 4.001519999449815
19.512939999430454  58 8 8 10.512939999430454
20.20404999940429  0 6 4 6.20404999940429
20.489399999393488  90 9 9 11.489399999393488
23.167059999292118  47 7 7 23.167059999292118
23.775159999269096  38 8 4 6.775159999269096
24.00040999926057  81 5 2 14.000409999260569
24.359509999246974  1 7 6 1.3595099992469741
24.893079999226774  25 8 7 5.893079999226774
26.021499999184055  50 7 3 2.021499999184055
26.18482999917787  83 9 6 13.184829999177872
26.87165999915187  21 6 2 22.87165999915187
27.13579999914187  68 8 4 4.13579999914187
27.633249999123038  82 7 2 23.633249999123038
28.233979999100296  51 5 4 2.2339799991002955
29.024879999070354  87 5 5 23.024879999070354
29.888059999037676  53 9 5 15.888059999037676
31.44564999897871  31 8 5 3.445649998978709
32.17629999901368  95 7 5 16.17629999901368
32.76657999920104  44 3 2 15.766579999201042
33.115249999311715  76 3 3 17.115249999311715
33.27805999936339  37 3 2 10.278059999363393
34.48652999974698  64 3 2 1.4865299997469776
35.10546999994344  28 4 3 0.10546999994343764
35.49929000006844  67 6 5 19.49929000006844
36.004290000228735  39 3 3 5.004290000228735
36.009080000230256  17 6 6 35.009080000230256
36.50341000038716  73 4 2 5.503410000387163
37.03192000055492  18 7 2 13.03192000055492
37.084360000571564  54 7 2 1.0843600005715643
37.53830000071565  40 7 7 0.5383000007156511
38.047520000877284  72 3 3 2.0475200008772845
38.42927000099846  71 7 2 7.429270000998457
38.91703000115328  35 7 3 2.917030001153279
39.57533000136223  77 6 3 5.575330001362232
40.11677000153409  80 7 2 7.116770001534093
40.532830001666156  93 4 4 2.532830001666156
41.355760001927365  85 9 3 22.355760001927365
42.67478000234604  6 3 2 4.67478000234604
43.06723000247061  52 7 3 6.067230002470609
43.217020002518154  9 9 8 3.2170200025181543
44.05462000278402  41 3 3 8.05462000278402
44.17957000282368  86 6 2 3.179570002823681
44.33501000287302  45 5 5 29.33501000287302
44.65078000297325  70 5 5 1.6507800029732493
47.020580003725456  75 5 4 33.020580003725456
47.13424000376153  88 3 3 34.13424000376153
47.41188000384966  91 8 2 3.41188000384966
47.77033000396344  7 5 4 4.770330003963437
48.70788000426103  8 3 2 4.707880004261028
49.12280000439273  99 4 3 9.12280000439273
50.04100000468418  33 6 6 13.041000004684179
50.153210004719796  16 3 3 0.15321000471979573
50.520170004836274  34 6 6 26.520170004836274
51.25919000507085  32 5 2 16.25919000507085
52.05809000532443  98 5 4 11.05809000532443
54.37698000606048  84 6 2 4.376980006060478
56.80719000683186  27 5 2 39.80719000683186
59.375210007646984  59 3 3 28.375210007646984
65.29123000952481  62 3 3 18.29123000952481
69.8861300109833  78 8 3 32.886130010983294
81.58266001469593  46 6 6 54.58266001469593
81.59498001469984  29 4 4 37.59498001469984
81.65096001471761  66 7 6 31.65096001471761
81.66493001472205  92 7 4 62.664930014722046
82.38177001494958  23 4 3 45.38177001494958
82.4810900149811  94 4 4 33.481090014981106
85.37861001590082  12 4 2 73.37861001590082
86.138440016142  57 6 3 82.138440016142
86.85848001637055  15 3 2 54.85848001637055
87.46848001656417  36 7 5 49.46848001656417
87.48563001656962  26 4 4 50.485630016569615
88.68766001695116  10 7 3 80.68766001695116
90.27071001745364  74 7 5 85.27071001745364
90.2708900174537  30 8 8 55.270890017453695
90.29606001746168  89 9 6 66.29606001746168
90.39163001749202  97 7 5 47.39163001749202
90.65327001757507  65 9 3 80.65327001757507
91.0648400177057  4 6 2 86.0648400177057
91.57625001786803  13 5 5 75.57625001786803
91.83553001795033  2 6 5 86.83553001795033
92.86488001827706  11 6 6 77.86488001827706
94.73035001886919  61 4 4 74.73035001886919
95.90336001924152  79 4 2 61.90336001924152
