0.8859599999986028  9 7 5 0.8859599999986028
2.777100000009726  64 5 5 1.777100000009726
3.715730000015875  98 3 2 1.715730000015875
5.693739999953616  2 6 4 2.693739999953616
6.758199999913318  71 7 4 5.758199999913318
7.317179999892156  17 8 4 3.317179999892156
8.347749999853141  43 9 2 2.347749999853141
9.098549999824717  66 6 2 0.09854999982471746
9.227049999819853  99 7 2 4.227049999819853
11.016789999752097  27 3 3 3.0167899997520973
11.322829999740511  36 3 3 11.322829999740511
12.073959999712075  80 3 2 2.0739599997120752
12.301499999703461  53 5 3 4.301499999703461
12.859959999682319  13 4 4 5.859959999682319
13.467519999659318  63 8 6 5.467519999659318
15.014739999600744  94 5 4 2.014739999600744
15.235879999592372  72 9 9 7.235879999592372
16.0514499995615  67 7 4 3.0514499995614983
17.014319999525046  18 4 2 9.014319999525046
17.08869999952223  29 9 8 2.0886999995222304
17.90596999949129  95 3 3 0.9059699994912904
18.176299999481056  19 3 3 0.17629999948105635
18.651809999463055  40 9 3 6.651809999463055
19.000129999449868  31 6 2 2.000129999449868
19.364659999436068  35 8 7 16.364659999436068
20.055929999409898  21 9 6 4.055929999409898
20.513529999392574  97 8 4 2.513529999392574
21.698149999347727  32 7 4 0.6981499993477271
22.897969999302305  0 3 3 8.897969999302305
23.15642999929252  60 8 5 7.15642999929252
23.70428999927178  89 3 2 5.704289999271779
25.025669999221755  90 4 2 13.025669999221755
26.05281999918287  52 4 3 15.05281999918287
26.53778999916451  6 7 2 2.5377899991645094
27.08640999914374  33 3 3 19.08640999914374
28.083719999105984  91 6 4 2.083719999105984
29.02289999907043  30 4 2 8.022899999070429
29.304619999059764  61 7 2 18.304619999059764
29.99279999903371  14 9 5 1.9927999990337106
30.37368999901929  49 3 3 10.373689999019291
31.5752899989738  74 3 3 9.575289998973801
32.33111999906282  47 8 7 4.331119999062821
33.14235999932032  81 5 3 2.1423599993203197
33.867929999550626  8 6 5 7.8679299995506256
34.769339999836745  50 6 5 1.7693399998367454
35.81071000016729  51 4 4 4.8107100001672904
36.012130000231224  55 3 3 2.012130000231224
36.373080000345794  4 3 3 12.373080000345794
37.99092000085932  34 9 6 18.99092000085932
38.19804000092506  88 8 4 34.19804000092506
39.0654900012004  5 7 4 2.065490001200402
39.90693000146749  73 3 2 6.906930001467487
40.067760001518536  58 7 5 1.0677600015185362
40.910570001786056  77 8 5 7.910570001786056
42.032130002142054  65 8 4 3.032130002142054
42.651580002338676  84 3 2 3.651580002338676
43.54756000262307  45 4 3 15.547560002623072
44.17214000282132  25 4 2 13.172140002821322
44.31898000286793  56 5 2 7.3189800028679315
44.79958000302048  96 4 2 24.79958000302048
45.29915000317905  39 6 5 24.29915000317905
46.17208000345613  57 5 5 12.17208000345613
46.68796000361988  69 3 3 2.687960003619878
47.36871000383596  68 4 4 17.368710003835957
47.787080003968754  38 4 3 13.787080003968754
48.00309000403732  79 7 6 19.00309000403732
48.3366600041432  59 6 3 0.33666000414319797
48.684050004253464  15 6 2 33.684050004253464
49.092540004383125  20 5 4 0.0925400043831246
49.68225000457031  93 8 6 2.6822500045703066
51.09152000501763  82 4 4 3.091520005017628
53.913440005913344  76 3 2 8.913440005913344
69.02509001070999  10 6 6 25.025090010709988
69.50961001086378  22 7 3 22.50961001086378
71.2937800114301  26 7 2 29.2937800114301
73.04248001198516  12 6 2 50.04248001198516
74.0476100123042  23 4 2 37.047610012304204
76.69868001314569  70 7 2 52.69868001314569
79.39085001400022  1 6 4 29.390850014000222
85.25041001586013  24 3 3 39.250410015860126
88.16965001678673  44 4 4 65.16965001678673
92.20860001806875  78 9 4 52.20860001806875
92.20867001806877  75 3 3 55.20867001806877
92.20900001806888  85 4 4 51.20900001806888
92.21016001806925  11 7 6 47.210160018069246
92.21058001806938  3 6 4 52.21058001806938
92.27518001808988  37 3 3 56.275180018089884
92.3908500181266  54 9 2 79.3908500181266
93.17604001837583  28 8 8 70.17604001837583
96.11790001930962  42 7 5 91.11790001930962
100.74479002077825  46 7 5 52.744790020778254
100.74489002077829  7 8 4 69.74489002077829
100.74578002077857  92 7 2 61.74578002077857
100.74894002077957  62 8 4 96.74894002077957
100.76468002078457  83 9 6 79.76468002078457
100.81828002080158  41 9 8 62.81828002080158
100.96225002084728  48 9 3 76.96225002084728
101.25600002094052  16 5 3 79.25600002094052
102.33880002128421  86 8 3 91.33880002128421
103.59604002168328  87 7 6 62.59604002168328
