3.0023300000112014  98 3 3 2.0023300000112014
3.5439300000147496  34 5 3 0.5439300000147496
4.047300000015946  92 3 2 0.04730000001594625
5.593589999957407  56 3 3 2.5935899999574072
6.263619999932041  50 7 7 3.2636199999320414
7.767229999875118  67 7 6 5.767229999875118
8.81714999983537  31 6 6 2.8171499998353706
10.9480599997547  45 7 6 9.9480599997547
11.223189999744283  13 5 3 0.22318999974428344
11.778089999723276  59 9 4 2.778089999723276
12.288279999703962  41 5 4 8.288279999703962
12.58520999969272  15 6 5 0.5852099996927205
14.728739999611571  63 7 6 4.728739999611571
15.007759999601008  25 8 3 6.007759999601008
15.943529999565582  6 7 7 1.9435299995655821
18.011259999487304  74 7 5 3.0112599994873044
18.388529999473022  78 4 3 6.388529999473022
18.79247999945773  18 4 2 8.79247999945773
19.33446999943721  4 5 4 16.33446999943721
21.000109999374153  72 9 2 6.000109999374153
21.939029999338608  10 6 6 18.939029999338608
22.152859999330513  38 7 7 10.152859999330513
23.322169999286245  57 4 2 12.322169999286245
25.61957999919927  64 5 3 0.6195799991992708
27.019489999146273  35 8 8 6.019489999146273
27.071509999144304  26 4 3 3.071509999144304
27.624259999123378  70 5 2 5.624259999123378
28.28956999909819  60 3 2 1.289569999098191
28.7832599990795  76 5 4 11.783259999079501
29.25007999906183  95 7 4 1.2500799990618283
29.77752999904186  32 7 6 1.7775299990418603
30.272999999023103  97 4 2 16.272999999023103
30.819519999002413  87 3 3 0.8195199990024129
31.363319998981826  14 7 2 7.363319998981826
31.807079998965026  42 7 5 7.807079998965026
32.087629998985534  84 6 4 0.08762999898553403
34.004819999594076  94 8 8 3.0048199995940763
34.412739999723556  24 5 4 22.412739999723556
35.56826000009033  2 6 4 27.568260000090334
36.045340000241765  3 4 4 2.045340000241765
36.265870000311764  77 4 3 6.265870000311764
36.77725000047408  11 4 3 1.7772500004740834
38.39879000098878  90 7 2 2.3987900009887824
39.09437000120957  48 8 6 33.09437000120957
39.566110001359306  91 6 6 0.5661100013593057
40.01636000150222  68 7 7 27.01636000150222
40.5950400016859  21 8 8 0.5950400016859021
41.32046000191616  88 3 3 34.32046000191616
42.137610002175535  54 7 4 25.137610002175535
42.57034000231289  46 7 3 2.5703400023128893
43.23188000252287  39 3 2 1.231880002522871
43.97901000276002  5 6 6 15.97901000276002
45.01564000308906  53 6 2 3.015640003089061
45.30825000318194  43 6 5 0.3082500031819393
45.697540003305505  62 6 6 6.697540003305505
46.87111000367801  71 6 3 8.871110003678012
47.12459000375847  81 3 3 24.12459000375847
47.2922800038117  69 6 5 40.2922800038117
47.627610003918136  27 6 4 4.627610003918136
48.12777000407689  96 5 2 6.127770004076893
49.150130004401404  52 3 3 0.15013000440140445
49.501410004512906  12 7 7 2.5014100045129055
49.94003000465213  22 3 2 10.94003000465213
50.66165000488118  80 6 3 1.6616500048811815
51.51289000515138  65 4 3 2.5128900051513767
52.93087000560146  19 5 3 2.930870005601463
54.639590006143834  36 3 3 6.639590006143834
71.36074001145136  37 4 4 21.360740011451355
81.70740001473553  86 3 2 52.707400014735526
86.16894001615168  7 3 2 47.16894001615168
86.77472001634396  8 7 4 52.77472001634396
87.38373001653727  40 7 7 40.38373001653727
87.39821001654187  82 4 3 50.39821001654187
87.9997300167328  0 7 2 47.9997300167328
88.19116001679356  28 8 4 80.19116001679356
90.38790001749084  79 5 2 72.38790001749084
91.67304001789876  1 3 3 46.67304001789876
91.67307001789877  20 6 3 46.673070017898766
91.67648001789985  17 6 6 52.67648001789985
91.99561001800114  61 4 3 61.995610018001145
93.62295001851768  47 4 2 52.622950018517685
93.75601001855992  29 8 5 51.75601001855992
95.17940001901172  49 7 6 55.17940001901172
95.66499001916586  93 8 4 94.66499001916586
97.65984001979905  89 8 7 83.65984001979905
97.66050001979926  33 3 3 83.66050001979926
97.66123001979949  75 6 6 47.66123001979949
97.66272001979996  99 5 5 57.66272001979996
97.77795001983654  44 3 3 48.77795001983654
97.84029001985633  9 9 7 89.84029001985633
98.00044001990716  55 5 2 71.00044001990716
98.00249001990781  51 8 8 75.00249001990781
98.72522002013721  85 8 7 66.72522002013721
98.95560002021034  58 9 6 91.95560002021034
99.6933300204445  23 7 7 69.6933300204445
100.17571002059762  73 9 4 98.17571002059762
100.79222002079331  66 9 4 86.79222002079331
101.3977100209855  30 9 9 100.3977100209855
101.97229002116788  83 9 4 59.97229002116788
103.31503002159408  16 8 7 69.31503002159408
