2.6636200000089825  36 7 4 1.6636200000089825
3.09067000001178  30 3 2 1.0906700000117802
4.295550000006548  60 5 5 1.295550000006548
6.111599999937797  38 9 5 3.1115999999377966
7.212009999896138  72 3 2 4.212009999896138
7.646799999879677  95 9 9 7.646799999879677
8.623449999842704  73 8 4 3.6234499998427037
9.000439999828432  9 7 6 1.0004399998284317
9.824549999797233  96 6 3 3.8245499997972328
10.150639999784888  53 3 3 10.150639999784888
10.409639999775083  48 4 2 10.409639999775083
11.138869999747476  26 9 3 2.1388699997474756
11.687209999726717  78 7 6 2.6872099997267167
12.371429999700814  2 6 2 6.371429999700814
13.098389999673293  20 7 4 1.0983899996732926
14.02642999963816  32 7 6 1.0264299996381592
14.144589999633686  22 6 4 3.144589999633686
15.09117999959785  56 9 5 13.09117999959785
15.54102999958082  83 4 3 6.54102999958082
16.215489999555288  79 6 2 4.215489999555288
16.563009999542132  6 5 2 0.5630099995421318
17.366419999511717  23 8 2 1.3664199995117166
18.04122999948617  42 4 4 1.0412299994861698
18.314949999475807  40 3 2 4.314949999475807
18.831239999456262  31 3 3 0.8312399994562618
19.541199999429384  17 8 3 5.541199999429384
20.04499999941031  51 4 2 6.044999999410312
20.928799999376853  21 3 2 12.928799999376853
21.28862999936323  11 5 5 3.2886299993632306
21.621119999350643  10 6 3 11.621119999350643
22.293659999325182  34 8 4 13.293659999325182
23.771829999269222  94 9 7 2.7718299992692224
25.0534899992207  7 7 4 7.053489999220702
26.12702999918006  4 4 4 7.12702999918006
26.265589999174814  13 5 3 7.265589999174814
26.46218999916737  19 8 6 6.4621899991673715
26.88588999915133  46 3 2 0.8858899991513312
27.186699999139943  88 7 6 1.1866999991399432
27.720549999119733  65 5 2 9.720549999119733
28.369159999095178  62 7 6 3.369159999095178
29.016899999070656  33 9 6 12.016899999070656
29.25291999906172  89 9 8 15.25291999906172
30.279039999022874  55 9 4 4.279039999022874
30.558979999012276  43 6 4 4.558979999012276
31.15665999898965  52 8 3 11.15665999898965
31.451079998978503  70 6 3 2.4510799989785035
32.04012999897046  15 9 3 7.040129998970457
32.11816999899523  61 8 4 1.1181699989952278
32.31003999905613  41 9 8 2.31003999905613
33.041779999288394  75 6 5 4.041779999288394
34.049049999608116  76 4 3 3.0490499996081155
34.18906999965256  5 3 2 2.1890699996525598
34.411669999723216  54 3 2 7.411669999723216
35.01074999991337  74 5 3 4.010749999913372
35.16593999996263  90 7 6 5.165939999962632
36.673730000441225  84 8 2 7.673730000441225
38.10904000089681  85 7 3 2.1090400008968118
39.28721000127078  97 3 3 2.287210001270779
40.068010001518616  59 8 7 14.068010001518616
40.395780001622654  12 3 3 1.3957800016226543
41.13152000185619  67 3 3 1.1315200018561882
41.47991000196677  57 7 7 14.479910001966772
42.50084000229083  47 9 3 8.500840002290829
43.583580002634505  91 5 2 23.583580002634505
44.05181000278313  68 3 3 1.051810002783128
44.11370000280277  69 4 2 2.113700002802773
44.46214000291337  80 9 5 0.4621400029133724
45.162910003135806  29 4 3 3.1629100031358064
46.08418000342823  87 5 5 5.08418000342823
46.71305000362784  86 8 2 28.713050003627842
47.089380003747294  8 6 5 2.0893800037472943
47.2979600038135  3 9 2 4.2979600038135
48.19295000409758  16 4 2 13.192950004097582
49.02760000436251  66 4 4 33.02760000436251
50.361010004785754  82 5 5 4.361010004785754
51.86033000526166  99 6 3 1.860330005261659
54.374700006059754  58 4 2 14.374700006059754
58.001700007211014  25 8 4 27.001700007211014
65.32633000953595  24 8 2 40.32633000953595
67.1493300101146  28 8 4 21.149330010114596
68.25216001046465  77 7 2 50.25216001046465
71.05230001135345  63 9 8 49.05230001135345
74.80993001254618  1 4 4 40.809930012546175
74.81205001254685  37 7 5 58.81205001254685
76.12915001296491  14 6 6 29.129150012964914
78.24754001363732  49 7 2 69.24754001363732
79.17199001393075  27 9 3 43.17199001393075
79.17209001393078  81 5 2 32.172090013930784
79.55576001405257  39 4 4 42.55576001405257
80.22586001426527  71 9 2 45.225860014265265
80.71499001442052  64 3 3 65.71499001442052
81.89939001479647  50 3 3 51.89939001479647
81.90366001479782  92 9 6 32.90366001479782
81.9344500148076  0 8 2 62.934450014807595
82.46197001497504  35 8 6 39.46197001497504
82.91135001511768  45 8 5 41.91135001511768
84.18364001552152  44 8 4 72.18364001552152
84.21806001553244  93 8 8 55.218060015532444
86.39160001622236  98 5 4 78.39160001622236
87.64891001662144  18 6 3 53.64891001662144
