0.35819000000021745  41 6 5 0.35819000000021745
3.1381600000120913  70 6 4 3.1381600000120913
3.6651300000155436  43 7 2 2.6651300000155436
4.341800000004797  84 3 2 4.341800000004797
5.216009999971702  10 6 3 1.2160099999717016
6.0393299999405325  5 9 7 2.0393299999405325
6.317249999930011  88 4 2 4.317249999930011
7.2542999998945366  85 6 2 1.2542999998945366
8.086429999863034  46 4 2 6.086429999863034
9.010729999828042  8 4 3 4.010729999828042
9.036049999827084  61 6 2 9.036049999827084
10.354419999777173  80 6 5 4.354419999777173
11.011759999752288  97 7 6 0.011759999752287698
11.351279999739434  45 3 3 3.3512799997394342
12.079039999711883  15 7 7 2.079039999711883
12.337239999702108  14 7 6 0.33723999970210805
13.09238999967352  27 5 5 10.09238999967352
14.515539999619643  86 7 6 10.515539999619643
15.0317499996001  99 7 5 7.0317499996001
16.299039999552125  19 9 8 5.299039999552125
16.72369999953605  64 3 2 8.723699999536048
17.7604699994968  32 3 3 2.7604699994967987
18.145359999482228  1 3 3 2.1453599994822277
18.476619999469687  87 3 2 14.476619999469687
19.6649499994247  33 6 6 8.6649499994247
20.3120599994002  26 5 5 2.3120599994002013
20.64068999938776  94 5 2 2.64068999938776
20.98221999937483  2 5 4 13.98221999937483
21.03634999937278  55 8 2 0.03634999937278138
21.104959999370184  50 4 2 9.104959999370184
22.119439999331778  75 7 7 6.119439999331778
22.31087999932453  25 4 3 2.3108799993245306
22.90623999930199  40 7 6 13.906239999301992
23.654949999273647  98 3 2 1.6549499992736472
24.501069999241615  74 6 5 2.501069999241615
25.130049999217803  36 5 4 7.130049999217803
26.088509999181518  96 5 4 1.0885099991815181
26.552429999163955  52 9 5 6.552429999163955
27.105239999143027  95 6 4 0.10523999914302706
27.669499999121665  65 5 4 9.669499999121665
29.00355999907116  51 6 5 1.003559999071161
29.016939999070654  60 8 8 2.0169399990706545
29.334699999058625  56 7 7 17.334699999058625
30.072139999030707  28 3 2 4.072139999030707
30.71630999900632  58 6 3 13.71630999900632
31.07742999899265  81 8 7 24.07742999899265
31.43080999897927  57 3 3 16.43080999897927
33.14086999931985  92 5 2 30.140869999319847
34.076649999616876  72 5 2 18.076649999616876
34.3583699997063  73 4 4 2.358369999706298
34.783109999841116  83 7 3 30.783109999841116
35.03285999992039  77 4 4 1.0328599999203902
36.05087000024352  63 4 3 23.05087000024352
36.94213000052642  37 7 3 1.9421300005264186
37.50737000070583  78 5 2 3.5073700007058335
38.07472000088592  67 4 3 22.074720000885918
38.21955000093189  49 7 3 17.21955000093189
38.750360001100375  39 5 5 2.7503600011003755
41.105610001847964  82 5 5 3.105610001847964
41.63057000201459  17 8 4 4.6305700020145935
42.05914000215063  53 3 3 8.059140002150627
42.182250002189704  66 9 2 7.182250002189704
43.03882000246159  20 5 4 4.038820002461591
43.40007000257626  4 8 5 2.400070002576257
44.124480002806195  69 3 3 24.124480002806195
44.51154000292905  47 5 2 2.5115400029290527
45.218450003153436  62 9 3 7.2184500031534355
45.60676000327669  30 7 4 6.60676000327669
46.05204000341803  29 3 3 39.05204000341803
46.43515000353963  18 3 3 3.4351500035396327
47.801170003973226  34 3 3 13.801170003973226
48.56640000421612  16 9 2 3.5664000042161206
49.00516000435539  11 8 5 3.005160004355389
49.73575000458729  44 6 5 25.73575000458729
50.0013800046716  24 3 3 15.001380004671603
50.45453000481544  31 3 3 2.454530004815439
51.14928000503596  23 4 2 1.149280005035962
52.3799800054266  9 3 2 15.379980005426603
55.551270006433214  35 9 7 5.551270006433214
61.50487000832297  59 6 5 33.50487000832297
63.44619000893917  22 9 6 26.44619000893917
63.82998000906099  79 5 3 14.82998000906099
67.21669001013598  90 4 3 17.216690010135977
73.82700001223418  89 3 3 23.82700001223418
75.85140001287675  76 5 5 28.851400012876752
76.2645800130079  91 9 6 55.2645800130079
77.59982001343172  6 9 2 46.599820013431724
78.54900001373301  93 7 6 42.54900001373301
80.2678700142786  3 8 3 66.2678700142786
80.38567001431599  13 6 5 35.38567001431599
81.90807001479922  38 7 3 32.90807001479922
83.51840001531036  68 5 5 36.51840001531036
83.54283001531812  71 9 5 82.54283001531812
83.59880001533588  7 7 4 78.59880001533588
83.85797001541815  12 4 2 82.85797001541815
84.25522001554424  48 5 4 37.25522001554424
85.49309001593716  42 7 4 56.493090015937156
85.52194001594631  0 7 4 40.52194001594631
86.89494001638212  54 8 8 48.89494001638212
88.02575001674106  21 9 2 44.02575001674106
