1.2251399999995587  64 8 3 0.2251399999995587
4.835009999986125  12 7 2 2.8350099999861254
6.311809999930217  76 8 8 3.311809999930217
7.48560999988578  45 8 2 0.4856099998857797
8.232649999857498  29 7 3 8.232649999857498
9.706309999801709  36 5 5 8.706309999801709
10.007809999790295  70 6 6 2.007809999790295
10.173729999784014  5 9 6 2.1737299997840136
10.48341999977229  23 7 3 0.48341999977228944
11.698899999726274  40 3 2 5.698899999726274
13.045149999675308  28 5 4 3.045149999675308
13.710619999650115  8 8 5 3.710619999650115
15.114609999596963  99 9 7 11.114609999596963
15.496719999582497  92 9 6 7.496719999582497
17.502219999506575  14 5 4 13.502219999506575
19.00353999944974  73 3 3 6.003539999449739
19.007139999449603  6 5 5 2.0071399994496026
19.4536299994327  60 6 4 4.4536299994326995
20.502379999392996  10 7 7 12.502379999392996
22.512279999316906  7 8 5 4.512279999316906
23.705949999271716  63 8 8 15.705949999271716
24.00515999926039  16 8 5 4.005159999260389
24.208399999252695  75 4 3 11.208399999252695
25.98042999918561  22 9 2 5.98042999918561
26.443949999168062  80 4 3 7.443949999168062
26.913829999150273  93 6 3 6.913829999150273
27.074859999144177  50 8 6 0.07485999914417718
28.15514999910328  71 5 4 1.1551499991032799
28.930579999073924  37 9 7 3.930579999073924
29.598089999048653  62 7 7 27.598089999048653
31.93113999896033  19 6 5 5.9311399989603295
32.27532999904511  66 3 2 3.2753299990451126
32.55467999913378  69 9 5 14.554679999133782
33.040429999287966  95 3 3 0.04042999928796576
33.23974999935123  38 9 4 0.23974999935123265
33.8640699995494  11 5 4 1.8640699995494003
34.02690999960109  94 8 2 9.026909999601088
34.93852999989045  13 3 3 1.9385299998904486
35.23391999998421  97 6 3 7.233919999984209
36.25257000030754  54 7 3 1.2525700003075428
36.51782000039174  65 9 4 10.517820000391737
36.788000000477496  96 5 3 3.7880000004774956
37.59645000073411  39 3 3 4.596450000734109
39.011630001183306  27 8 2 10.011630001183306
39.17887000123639  1 4 2 4.17887000123639
39.62870000137917  58 6 2 11.628700001379173
40.26515000158119  35 5 3 38.26515000158119
41.001330001814864  48 3 2 3.001330001814864
41.32780000191849  2 8 4 1.3278000019184901
41.94840000211548  61 7 7 4.948400002115477
42.351750002243506  51 4 2 3.351750002243506
42.692250002351585  31 6 3 8.692250002351585
43.53595000261939  15 3 3 3.535950002619387
44.04962000278243  0 3 3 12.049620002782433
44.23763000284211  26 3 3 28.23763000284211
44.523870002932966  86 3 2 15.523870002932966
45.02695000309265  46 6 5 0.02695000309265083
46.03389000341227  84 7 3 10.033890003412267
46.1530900034501  20 4 4 4.153090003450103
47.823440003980295  43 8 6 1.823440003980295
48.25532000411738  83 8 5 24.25532000411738
49.00825000435637  89 9 7 0.0082500043563698
49.1825700044117  68 4 3 16.1825700044117
49.9865700046669  59 3 3 33.9865700046669
50.246270004749334  17 4 3 1.2462700047493342
50.56605000485084  47 8 6 0.5660500048508368
51.574920005171066  30 5 2 6.574920005171066
52.768690005549985  85 8 7 13.768690005549985
61.11472000819913  91 3 2 17.11472000819913
64.30458000921163  78 7 3 18.304580009211634
65.40846000956202  49 3 2 31.40846000956202
72.37937001177468  25 6 3 47.37937001177468
78.43900001369809  52 4 3 52.43900001369809
78.61037001375249  18 5 4 43.61037001375249
80.41489001432527  77 3 3 32.414890014325266
80.43782001433254  87 3 3 45.437820014332544
80.9650600144999  79 4 3 36.9650600144999
80.96596001450018  88 5 3 30.965960014500183
81.48329001466439  24 8 4 42.48329001466439
83.16885001519941  55 8 5 62.16885001519941
83.59113001533345  67 4 2 52.59113001533345
83.93355001544214  41 4 2 47.93355001544214
84.06455001548372  9 6 3 66.06455001548372
86.86352001637215  53 6 6 80.86352001637215
86.86917001637394  44 8 2 47.86917001637394
87.061520016435  34 9 9 38.061520016435
88.21441001680094  33 6 3 85.21441001680094
88.22230001680344  90 3 3 42.222300016803445
89.24844001712916  98 8 2 48.248440017129155
90.27036001745353  57 8 2 49.27036001745353
96.46498001941978  74 8 6 48.464980019419784
96.46499001941979  82 9 4 52.46499001941979
96.46519001941985  32 6 6 92.46519001941985
96.47056001942155  81 4 4 93.47056001942155
96.54225001944431  56 6 2 75.54225001944431
96.66107001948203  72 9 7 79.66107001948203
96.9565000195758  21 7 6 77.9565000195758
97.59460001977834  3 9 7 77.59460001977834
98.36712002002355  4 9 7 58.36712002002355
99.51668002038843  42 9 7 65.51668002038843
