1.2104199999994623  76 4 2 1.2104199999994623
2.520660000008046  42 6 4 0.5206600000080459
3.8141100000165196  57 8 8 0.8141100000165196
4.3737000000035895  71 7 2 0.3737000000035895
6.206389999934208  36 3 2 6.206389999934208
7.194749999896791  2 9 9 0.19474999989679098
8.012209999865844  47 8 6 4.012209999865844
9.083619999825283  28 6 4 6.083619999825283
9.25328999981886  24 4 4 1.2532899998188594
10.260689999780721  5 7 6 10.260689999780721
11.989199999715284  51 4 3 10.989199999715284
13.348179999663836  8 9 3 2.348179999663836
14.536279999618857  88 7 4 1.5362799996188574
15.311719999589501  26 3 3 4.311719999589501
15.977599999564292  87 9 2 4.977599999564292
17.001129999525546  98 8 4 15.001129999525546
17.07052999952292  30 4 2 2.0705299995229183
17.874119999492496  31 5 5 0.8741199994924962
18.919989999452902  85 6 6 9.919989999452902
19.531909999429736  68 8 4 8.531909999429736
21.4241599993581  84 5 5 2.4241599993581
22.085759999333053  79 5 3 10.085759999333053
24.01753999925992  40 9 9 4.01753999925992
24.082079999257477  9 3 3 4.082079999257477
24.87812999922734  83 8 8 1.8781299992273404
25.360899999209064  32 6 2 13.360899999209064
25.631379999198824  11 3 2 8.631379999198824
25.998719999184917  74 3 2 5.998719999184917
26.11146999918065  60 5 3 2.111469999180649
26.6014399991621  45 6 5 3.6014399991621
27.008649999146684  62 4 2 6.008649999146684
27.475069999129026  59 9 4 1.4750699991290261
28.608539999086116  6 7 7 2.6085399990861156
29.25109999906179  7 5 2 10.25109999906179
29.89930999903725  10 6 5 17.89930999903725
30.002249999033353  73 8 4 8.002249999033353
30.08761999903012  90 4 3 3.087619999030121
31.367909998981652  16 3 2 3.367909998981652
31.938659998960045  61 7 3 3.938659998960045
32.000049998957735  21 3 3 4.999895773494245E-5
32.52420999912411  86 6 5 6.5242099991241105
33.02341999928257  96 3 3 10.023419999282567
33.60904999946845  56 9 4 1.6090499994684535
34.259589999674944  93 9 4 4.259589999674944
35.33024000001478  63 5 4 0.3302400000147827
36.191930000288295  91 8 6 7.191930000288295
37.00940000054777  14 8 4 12.009400000547771
38.01289000086629  97 6 4 2.0128900008662924
38.07507000088603  34 4 4 16.07507000088603
38.87038000113847  1 5 3 2.8703800011384715
39.138310001223516  48 3 3 32.138310001223516
39.323870001282415  78 3 2 1.3238700012824154
39.57086000136081  29 8 7 0.5708600013608134
40.15610000154658  4 4 2 5.1561000015465766
41.15573000186387  55 5 5 2.1557300018638728
42.29713000222617  44 7 3 15.297130002226169
44.07974000279199  33 5 4 16.079740002791993
44.37771000288657  58 4 3 5.377710002886573
45.24730000316259  70 5 3 23.247300003162593
45.6634900032947  75 7 5 34.6634900032947
46.212610003468996  99 5 4 17.212610003468996
46.77621000364789  20 9 2 13.77621000364789
47.17720000377517  35 8 3 2.1772000037751695
49.09533000438401  82 7 3 26.09533000438401
49.225270004425255  65 5 3 4.225270004425255
49.5940200045423  15 6 5 18.5940200045423
50.04314000468486  81 4 2 0.04314000468485801
50.10804000470546  95 9 7 20.108040004705458
50.736680004905  72 6 5 3.736680004904997
51.70649000521283  39 4 4 10.706490005212828
55.24607000633634  92 7 3 10.246070006336339
56.935020006872435  17 5 5 9.935020006872435
63.63050000899767  38 6 5 38.63050000899767
74.50565001244959  25 7 5 43.50565001244959
74.56935001246981  22 6 6 25.569350012469812
75.63432001280785  19 6 2 60.63432001280785
76.23091001299721  80 6 5 36.230910012997214
77.12823001328204  13 8 5 57.128230013282035
77.80991001349841  0 5 3 27.80991001349841
78.37008001367622  69 8 3 49.370080013676215
78.81921001381878  66 3 3 44.819210013818775
80.56256001437214  12 8 2 34.56256001437214
81.18085001456839  89 7 6 54.18085001456839
81.39915001463768  27 7 6 58.399150014637684
82.37151001494632  77 5 5 41.371510014946324
82.53876001499941  53 3 2 46.53876001499941
82.62418001502652  49 9 6 50.624180015026525
83.7970400153988  94 3 3 49.79704001539881
86.36539001621404  43 8 3 36.365390016214036
89.11645001708726  50 8 6 40.11645001708726
93.28347001840993  18 6 2 47.28347001840993
98.3162600200074  37 5 2 66.3162600200074
103.59182002168194  23 8 8 54.59182002168194
103.59213002168204  54 7 5 57.59213002168204
103.66757002170598  3 9 7 62.667570021705984
103.84162002176123  52 4 2 62.84162002176123
104.0901100218401  64 4 2 60.090110021840104
104.9816900221231  46 7 2 102.9816900221231
107.42776002289952  67 7 7 105.42776002289952
109.57274002358037  41 8 2 77.57274002358037
