2.588150000008488  86 4 3 1.588150000008488
3.8022300000164417  29 9 7 1.8022300000164417
5.1571599999739295  39 8 3 5.1571599999739295
6.01666999994139  71 4 4 5.01666999994139
7.027959999903105  93 6 4 5.027959999903105
8.648239999841765  38 7 2 4.648239999841765
8.934619999830923  48 9 2 1.9346199998309235
9.862519999795795  30 4 4 4.862519999795795
10.092899999787074  64 7 4 3.0928999997870736
10.674359999765061  0 4 2 1.674359999765061
11.830499999721292  42 9 7 10.830499999721292
13.453569999659846  43 7 7 1.4535699996598463
15.013599999600787  37 4 3 2.013599999600787
16.074709999560618  70 7 2 5.074709999560618
16.365419999549612  9 4 3 13.365419999549612
17.51631999950604  40 3 3 13.516319999506042
19.01194999944942  20 6 6 4.0119499994494205
19.859289999417342  2 9 6 11.859289999417342
20.43989999939536  12 6 6 3.4398999993953616
21.151659999368416  24 3 2 5.151659999368416
21.60162999935138  67 4 2 9.601629999351381
22.085179999333075  72 3 2 21.085179999333075
22.305709999324726  18 8 6 0.3057099993247263
22.836949999304615  68 6 2 13.836949999304615
23.090179999295028  89 9 3 1.090179999295028
23.499499999279532  34 5 3 5.499499999279532
24.1025699992567  6 9 9 0.1025699992567013
24.340149999247707  75 5 4 3.340149999247707
27.213509999138928  98 5 2 8.213509999138928
27.66801999912172  85 5 3 12.668019999121721
30.243679999024213  7 9 4 3.243679999024213
30.718049999006254  36 3 3 9.718049999006254
31.036889998994184  81 6 3 1.0368899989941838
31.666389998970352  16 6 5 21.666389998970352
32.50831999911907  52 5 2 16.508319999119067
34.22677999966453  62 7 7 1.2267799996645294
35.58986000009719  94 7 5 2.5898600000971896
36.18929000028746  55 3 2 3.189290000287457
36.546330000400786  17 5 5 0.5463300004007863
36.96930000053504  78 3 2 23.969300000535043
37.27101000063081  46 6 3 5.27101000063081
37.92397000083807  31 4 3 2.923970000838068
38.710100001087596  88 9 3 1.7101000010875964
39.07594000120372  4 9 6 11.075940001203719
39.29065000127187  26 6 4 0.2906500012718709
40.027020001505605  3 7 4 5.027020001505605
41.270510001900305  57 8 8 3.2705100019003055
42.619320002328436  32 6 5 9.619320002328436
43.04783000246445  76 5 5 2.047830002464451
43.29535000254302  15 9 3 3.2953500025430174
44.79604000301936  82 7 2 0.7960400030193568
45.50524000324447  83 9 4 3.5052400032444666
46.01424000340603  47 9 7 0.014240003406030155
46.39815000352789  21 6 6 1.3981500035278884
46.81368000365978  5 8 7 12.813680003659783
47.70863000394385  61 8 4 1.7086300039438527
48.18976000409657  91 5 5 5.18976000409657
48.53123000420496  14 3 3 3.531230004204957
48.95646000433993  60 7 3 5.956460004339931
49.536850004524155  95 8 2 0.5368500045241547
50.07809000469595  51 5 4 5.078090004695952
50.233640004745325  73 8 8 7.233640004745325
51.037890005000605  49 7 4 10.037890005000605
52.314550005405835  58 6 6 37.314550005405835
54.42375000607532  84 9 6 23.423750006075323
56.94399000687528  41 6 4 12.943990006875282
67.76954001031146  90 7 5 64.76954001031146
77.09022001326997  22 4 3 66.09022001326997
79.37866001399635  8 8 4 43.37866001399635
86.11693001613517  53 4 3 44.11693001613517
87.90916001670405  28 4 3 47.90916001670405
88.41862001686576  1 9 3 57.41862001686576
90.9576900176717  35 6 4 51.957690017671695
91.99401001800064  79 9 9 65.99401001800064
92.03059001801225  13 3 2 58.03059001801225
93.34154001842836  44 6 5 87.34154001842836
94.44322001877805  92 5 4 57.44322001877805
94.50644001879812  80 5 5 49.506440018798116
96.87379001954955  10 8 6 70.87379001954955
97.94307001988895  25 8 6 51.94307001988895
100.69189002076146  23 8 5 63.69189002076146
100.69190002076147  33 5 4 50.691900020761466
100.69237002076162  54 8 6 58.692370020761615
100.70201002076467  11 6 5 70.70201002076467
103.07909002151919  87 9 6 61.07909002151919
104.26705002189627  99 8 4 70.26705002189627
110.2388600237918  27 9 6 61.2388600237918
115.42884002543917  96 5 5 67.42884002543917
120.69814002711172  50 5 4 70.69814002711172
126.2176800288637  59 9 7 96.2176800288637
126.2176900288637  97 6 6 79.2176900288637
126.2177000288637  77 6 4 84.2177000288637
126.21774002886372  66 9 8 105.21774002886372
126.22043002886457  63 3 3 82.22043002886457
126.22533002886613  74 5 5 92.22533002886613
126.27607002888223  56 6 6 90.27607002888223
126.42789002893042  65 8 2 103.42789002893042
127.31308002921139  45 8 2 89.31308002921139
129.33975002985468  19 7 5 96.33975002985468
132.22048003076907  69 9 7 115.22048003076907
