1.0965999999987166  94 5 3 0.0965999999987166
2.0069500000046805  93 4 3 2.0069500000046805
3.1432300000121245  76 6 4 2.1432300000121245
5.053839999977841  20 3 2 3.053839999977841
5.224159999971393  38 9 2 1.224159999971393
6.078939999939033  33 6 2 6.078939999939033
7.515509999884648  92 7 4 0.5155099998846477
8.91359999983172  32 6 2 3.9135999998317192
9.533639999808246  31 8 3 7.533639999808246
9.751409999800002  49 5 3 8.751409999800002
10.148329999784975  35 6 5 0.14832999978497519
10.680559999764826  62 3 3 1.6805599997648262
11.105039999748756  96 4 4 1.1050399997487563
12.251809999705342  91 9 5 0.25180999970534224
12.670959999689474  58 3 2 1.6709599996894742
14.183439999632215  51 7 6 4.183439999632215
14.573519999617448  70 8 3 8.573519999617448
15.566549999579854  99 4 3 15.566549999579854
16.05561999956134  26 8 6 3.0556199995613404
16.896299999529514  48 3 3 5.896299999529514
17.0736099995228  21 7 4 9.073609999522802
17.89963999949153  50 8 3 3.89963999949153
19.023649999448978  88 7 7 14.023649999448978
19.382409999435396  43 3 2 5.382409999435396
20.104569999408056  56 6 3 14.104569999408056
22.466629999318634  95 3 3 6.466629999318634
23.077919999295492  72 4 4 4.077919999295492
24.085599999257344  0 4 2 8.085599999257344
24.432659999244205  47 9 7 1.4326599992442048
25.809079999192097  27 4 4 0.8090799991920967
26.205629999177084  85 8 3 3.2056299991770842
26.962339999148437  24 3 3 4.962339999148437
27.084729999143804  55 7 3 17.084729999143804
27.390549999132226  97 6 2 9.390549999132226
28.17015999910271  19 5 3 7.170159999102712
29.062159999068943  87 5 3 13.062159999068943
29.343889999058277  1 8 5 6.343889999058277
29.918669999036517  11 4 3 0.918669999036517
30.129789999028525  36 3 2 5.1297899990285245
30.501489999014453  74 8 6 12.501489999014453
31.006709998995326  5 5 5 6.006709998995326
31.28842999898466  28 7 3 23.28842999898466
32.83470999922267  22 9 9 1.8347099992226674
33.217669999344224  18 4 4 20.217669999344224
33.52261999944102  3 4 2 3.5226199994410194
33.95161999957719  65 8 6 7.95161999957719
34.04840999960791  71 9 2 5.048409999607912
35.06495999993058  13 8 6 2.064959999930579
35.897270000194766  53 4 4 11.897270000194766
36.0375800002393  75 8 3 5.037580000239302
36.195300000289365  41 6 3 0.19530000028936456
36.56714000040739  42 7 7 2.5671400004073917
37.094700000574846  86 7 2 6.094700000574846
37.26070000062754  98 3 2 5.260700000627537
38.009720000865286  7 9 2 2.0097200008652862
38.13433000090484  16 4 2 29.13433000090484
38.94315000116157  59 4 3 2.9431500011615697
39.02617000118792  40 4 2 7.026170001187921
39.592820001367784  77 5 4 0.5928200013677838
40.000210001497095  89 3 2 27.000210001497095
40.06894000151891  23 3 2 15.06894000151891
41.00462000181591  84 3 2 5.004620001815908
42.08617000215921  29 8 7 3.086170002159207
43.01219000245314  39 5 2 0.012190002453138504
43.79657000270211  44 5 3 5.796570002702111
44.56448000294586  54 7 5 27.564480002945857
45.35488000319674  10 8 2 8.35488000319674
45.676620003298865  25 6 6 3.676620003298865
46.0881800034295  82 6 4 1.0881800034294997
46.201080003465336  45 4 2 4.201080003465336
46.66411000361231  52 3 3 3.6641100036123078
47.444380003859976  68 9 6 13.444380003859976
48.4960900041938  83 5 2 9.496090004193803
49.06581000437464  34 9 5 6.06581000437464
49.21266000442125  57 3 2 2.2126600044212523
50.438390004810316  81 7 7 2.4383900048103158
50.95795000497523  8 7 4 0.9579500049752312
52.27004000539171  37 4 4 15.270040005391706
64.73013000934671  66 9 5 14.73013000934671
64.9950700094308  78 3 2 16.995070009430805
66.55678000992651  12 7 6 18.556780009926513
67.06991001008939  64 9 5 22.069910010089387
68.26279001046802  9 5 3 35.262790010468024
70.15034001106716  2 5 3 30.150340011067158
70.39501001114482  69 4 3 52.39501001114482
74.83353001255367  30 7 7 25.833530012553666
77.51377001340441  79 8 2 31.51377001340441
77.93489001353808  6 5 4 58.93489001353808
78.57095001373997  67 6 5 46.570950013739974
79.78656001412583  61 9 5 34.786560014125826
80.96873001450106  90 4 3 54.96873001450106
81.02912001452023  73 7 5 60.02912001452023
85.5130700159435  63 4 4 69.5130700159435
88.86119001700624  80 6 6 40.86119001700624
88.87725001701133  60 9 8 66.87725001701133
88.99678001704928  15 6 6 43.996780017049275
89.50950001721202  17 7 5 76.50950001721202
90.123790017407  4 7 5 49.123790017407
91.60257001787639  46 9 3 49.60257001787639
93.17056001837409  14 4 3 66.17056001837409
