20 20 1000 100
1073741824 1073741824
1073741824 1073741824
1073741824 1073741824
1073741824 1073741824
1073741824 1073741824
1073741824 1073741824
1073741824 1073741824
1073741824 1073741824
1073741824 1073741824
1073741824 1073741824
1073741824 1073741824
1073741824 1073741824
1073741824 1073741824
1073741824 1073741824
1073741824 1073741824
1073741824 1073741824
1073741824 1073741824
1073741824 1073741824
1073741824 1073741824
1073741824 1073741824
1073741824
1073741824
1073741824
1073741824
1073741824
1073741824
1073741824
1073741824
1073741824
1073741824
1073741824
1073741824
1073741824
1073741824
1073741824
1073741824
1073741824
1073741824
1073741824
1073741824
6343594111 1.5 10 5 13 5 17 7 19 15 3 12 2 18 
8744694440 1.5 10 5 14 5 19 10 13 6 0 11 1 8 
5694424864 1.5 10 5 6 8 16 17 14 4 3 10 11 2 
8028713136 1.5 10 5 17 3 2 7 0 8 16 1 6 12 
7568003632 1.5 10 5 17 14 6 10 1 13 12 7 4 9 
10577527823 1.5 10 5 3 16 15 6 11 7 13 4 2 19 
4249648970 1.5 10 5 19 4 14 5 9 0 16 7 17 8 
831758416 1.5 10 5 9 3 18 1 11 0 19 13 6 14 
8193650790 1.5 10 5 4 9 13 12 16 2 14 5 19 6 
3717852173 1.5 10 5 0 14 5 17 3 10 13 19 8 9 
7145223444 1.5 10 5 19 0 4 10 15 17 16 8 11 13 
3756247847 1.5 10 5 15 5 14 2 17 7 4 18 8 3 
5599217029 1.5 10 5 12 4 18 17 7 1 8 19 16 9 
3396911420 1.5 10 5 11 10 2 16 3 17 19 15 13 7 
1106865100 1.5 10 5 14 2 0 12 8 6 10 3 11 5 
8685840941 1.5 10 5 7 10 18 15 5 1 12 13 0 3 
10567976836 1.5 10 5 0 19 9 10 1 14 17 16 6 3 
7985404875 1.5 10 5 14 12 6 3 16 19 7 1 4 5 
8575442406 1.5 10 5 19 12 3 14 1 8 2 11 10 16 
403042196 1.5 10 5 8 17 18 1 6 13 19 4 5 14 
8826873690 1.5 10 5 12 14 2 8 3 18 13 7 9 17 
7502531753 1.5 10 5 6 8 7 1 10 16 18 15 5 2 
9769086923 1.5 10 5 1 3 15 9 8 11 17 0 12 14 
9939479088 1.5 10 5 15 9 4 12 2 7 13 10 3 11 
1618562045 1.5 10 5 16 1 2 0 19 5 12 13 14 9 
4072261014 1.5 10 5 3 1 9 13 15 14 8 19 7 11 
2728477821 1.5 10 5 5 7 6 0 18 10 2 3 14 11 
1863546919 1.5 10 5 19 0 13 2 9 8 7 18 15 6 
1688967552 1.5 10 5 3 2 9 7 4 12 17 5 8 11 
9570805308 1.5 10 5 8 5 6 1 9 0 12 17 7 13 
8026963936 1.5 10 5 8 13 17 18 1 5 16 14 0 11 
7454270535 1.5 10 5 0 1 8 9 2 7 3 13 18 16 
9932031828 1.5 10 5 1 10 8 9 3 15 13 7 17 2 
935192182 1.5 10 5 6 0 8 9 18 11 5 2 10 15 
10370191937 1.5 10 5 19 10 16 1 2 6 18 3 14 17 
6408637375 1.5 10 5 13 2 6 5 3 4 18 0 19 14 
4679064117 1.5 10 5 11 7 15 12 0 2 3 18 19 10 
7966317873 1.5 10 5 2 19 15 6 16 11 17 3 4 10 
10266465594 1.5 10 5 3 15 4 9 2 16 14 6 12 0 
2866745989 1.5 10 5 1 11 19 14 18 4 10 8 2 5 
10187161769 1.5 10 5 15 7 5 2 3 1 10 9 14 8 
6449308800 1.5 10 5 12 0 11 3 7 16 19 1 9 2 
6404258503 1.5 10 5 16 9 0 13 4 3 15 2 18 11 
8611974463 1.5 10 5 16 19 15 10 2 8 17 4 13 0 
9076032829 1.5 10 5 8 7 16 18 13 3 5 0 6 15 
4360745526 1.5 10 5 9 11 8 10 1 14 19 12 17 16 
5133377902 1.5 10 5 18 12 5 7 17 3 0 15 19 14 
1926039191 1.5 10 5 1 8 17 4 11 9 18 2 0 14 
1296838570 1.5 10 5 15 17 3 2 7 9 18 0 8 19 
3445453073 1.5 10 5 5 3 19 4 16 15 6 13 1 2 
7357048752 1.5 10 5 9 3 16 7 0 6 17 13 11 19 
2232752343 1.5 10 5 4 17 8 9 2 13 3 18 0 6 
6516974143 1.5 10 5 16 8 14 12 7 18 1 19 4 15 
2376445547 1.5 10 5 14 19 0 2 5 12 7 18 11 16 
1476757459 1.5 10 5 3 10 2 17 9 19 11 4 6 12 
3698699208 1.5 10 5 7 5 1 2 14 15 8 16 4 11 
1999834516 1.5 10 5 11 6 2 7 14 15 4 5 16 12 
1384826021 1.5 10 5 2 19 12 3 18 10 1 4 13 7 
7696424076 1.5 10 5 0 5 17 4 18 3 6 1 13 7 
238989161 1.5 10 5 14 15 13 12 10 4 3 5 6 2 
2204576705 1.5 10 5 14 4 3 12 10 2 7 9 0 8 
6128493681 1.5 10 5 3 11 6 17 9 0 12 1 8 7 
4262762129 1.5 10 5 15 13 19 5 6 7 8 18 12 16 
6330001885 1.5 10 5 2 14 5 9 8 0 11 19 17 10 
3220041023 1.5 10 5 18 2 9 10 16 3 12 7 8 14 
1287283013 1.5 10 5 7 19 3 0 2 13 11 5 14 8 
8159715693 1.5 10 5 3 15 5 9 13 12 6 8 1 2 
4139101397 1.5 10 5 11 5 13 8 7 12 3 17 16 15 
3301286733 1.5 10 5 9 2 15 4 18 19 13 10 11 12 
7852129994 1.5 10 5 7 17 5 18 14 10 1 12 15 16 
537681854 1.5 10 5 16 13 2 3 12 0 11 6 4 7 
2050212217 1.5 10 5 1 18 4 12 10 15 8 16 13 6 
6395254531 1.5 10 5 1 14 4 8 7 9 3 17 6 12 
2507707580 1.5 10 5 4 13 14 1 19 0 15 18 9 16 
5937010236 1.5 10 5 13 6 17 18 1 8 0 3 9 12 
7379476140 1.5 10 5 1 16 14 9 15 2 19 7 3 0 
7868935257 1.5 10 5 18 15 17 4 6 0 7 8 10 14 
5633416593 1.5 10 5 15 17 13 3 6 19 9 0 7 12 
5225974034 1.5 10 5 12 6 16 13 4 7 11 3 0 18 
6295115846 1.5 10 5 13 4 8 6 3 9 10 19 16 17 
623096269 1.5 10 5 13 6 5 19 11 8 0 4 17 2 
8845747856 1.5 10 5 18 15 7 10 17 2 14 16 8 4 
629278781 1.5 10 5 2 3 7 6 19 1 8 9 4 17 
1741210965 1.5 10 5 13 18 10 17 16 9 8 5 1 14 
6803336747 1.5 10 5 3 17 12 2 9 11 13 16 7 5 
10512881565 1.5 10 5 5 1 10 17 14 9 11 18 15 19 
5253437277 1.5 10 5 6 12 18 3 13 16 17 4 9 2 
6739186057 1.5 10 5 4 18 7 3 15 16 0 8 17 12 
7570937523 1.5 10 5 16 10 13 11 7 8 3 15 5 19 
514337122 1.5 10 5 4 19 5 9 17 14 16 2 8 10 
7479614744 1.5 10 5 6 13 2 11 7 16 17 18 10 8 
5368800008 1.5 10 5 5 14 7 10 0 11 18 13 3 6 
2517332437 1.5 10 5 9 16 11 14 15 7 10 6 2 0 
9006321358 1.5 10 5 9 13 15 1 6 4 8 12 3 5 
6385137731 1.5 10 5 3 19 17 9 14 8 2 18 0 15 
273949014 1.5 10 5 0 2 10 12 13 19 18 5 9 7 
5815531349 1.5 10 5 2 4 3 5 11 19 17 12 14 0 
4870560573 1.5 10 5 4 5 13 7 19 9 2 16 17 12 
7932961404 1.5 10 5 11 9 5 17 0 1 18 4 6 15 
8462633104 1.5 10 5 16 6 19 18 7 2 1 3 15 12 
1393335842 1.5 10 5 13 10 8 3 9 11 15 19 14 16 
4771720032 1.5 10 5 1 8 3 2 13 17 4 6 9 18 
377495947 1.5 10 5 18 15 19 14 3 9 6 17 5 12 
10669430080 1.5 10 5 3 12 10 7 16 2 5 13 9 0 
8524286414 1.5 10 5 9 19 4 15 17 7 3 1 5 2 
3568472396 1.5 10 5 1 12 13 4 6 2 10 17 18 7 
6853070586 1.5 10 5 6 16 7 13 15 0 10 1 2 19 
6821244073 1.5 10 5 18 16 11 9 12 15 19 0 13 2 
4602218983 1.5 10 5 2 18 12 9 5 13 0 11 1 3 
8120684075 1.5 10 5 6 15 4 8 17 7 12 18 16 0 
7327698696 1.5 10 5 9 16 0 1 10 6 17 12 11 2 
3017615801 1.5 10 5 10 4 9 8 5 19 7 11 15 3 
1902984767 1.5 10 5 18 0 3 10 15 16 13 17 6 14 
7032725022 1.5 10 5 2 13 16 11 7 5 6 1 8 18 
611979305 1.5 10 5 10 15 2 0 18 14 1 9 19 7 
3720009345 1.5 10 5 17 3 4 18 6 13 1 16 14 0 
1176962892 1.5 10 5 11 6 16 2 0 8 15 13 17 3 
4197627710 1.5 10 5 6 18 16 7 12 8 19 17 3 14 
7712529038 1.5 10 5 5 15 12 1 11 3 2 4 16 14 
4591330304 1.5 10 5 8 13 0 3 1 6 9 18 2 11 
10667374735 1.5 10 5 19 1 8 10 17 14 18 9 5 2 
6847111523 1.5 10 5 8 3 19 11 16 10 2 14 1 0 
7812948010 1.5 10 5 1 3 12 7 11 10 8 0 6 16 
544094226 1.5 10 5 12 0 13 10 1 2 16 11 6 5 
4117823025 1.5 10 5 3 0 15 7 1 11 18 12 4 6 
8159854511 1.5 10 5 3 14 11 17 4 5 15 2 9 13 
7134621009 1.5 10 5 2 0 18 12 10 4 19 11 9 3 
2714524027 1.5 10 5 19 5 12 16 14 9 1 4 2 7 
2659003336 1.5 10 5 8 13 5 15 2 1 10 0 11 6 
8885100465 1.5 10 5 10 0 7 2 6 19 13 18 5 4 
5985724475 1.5 10 5 2 14 17 6 11 18 7 0 19 12 
7221809355 1.5 10 5 19 3 14 13 11 5 16 8 4 9 
551164558 1.5 10 5 19 5 11 9 8 10 16 13 14 7 
6484607475 1.5 10 5 5 19 11 9 10 0 7 6 15 2 
2676771927 1.5 10 5 7 13 16 2 19 18 11 8 9 3 
1600036607 1.5 10 5 1 19 11 12 8 18 7 0 6 4 
9117029297 1.5 10 5 19 18 12 17 3 5 8 10 13 4 
4074439001 1.5 10 5 8 4 15 18 10 19 7 0 12 1 
3386893391 1.5 10 5 0 1 17 6 4 19 11 10 12 7 
5124166766 1.5 10 5 14 13 5 16 19 9 10 12 7 6 
59258258 1.5 10 5 11 16 3 6 8 14 18 10 4 9 
1766141939 1.5 10 5 16 1 8 10 4 11 0 6 9 5 
9638757683 1.5 10 5 17 4 16 12 10 9 0 7 3 15 
636577123 1.5 10 5 18 3 15 7 12 16 19 10 0 4 
7312006363 1.5 10 5 9 19 18 3 17 2 0 4 15 6 
3743124272 1.5 10 5 4 8 16 7 3 18 15 2 6 9 
6171226382 1.5 10 5 9 17 6 12 2 19 0 8 14 15 
2686671817 1.5 10 5 6 0 1 19 15 18 9 11 10 5 
5472958615 1.5 10 5 10 9 0 3 11 4 15 5 16 13 
4065295069 1.5 10 5 12 15 19 11 18 4 9 14 5 6 
7424967659 1.5 10 5 16 12 5 15 3 0 17 18 19 9 
5214917542 1.5 10 5 5 16 2 17 6 10 18 14 0 4 
373027506 1.5 10 5 16 8 0 18 13 3 9 2 1 12 
6371738436 1.5 10 5 1 3 17 0 5 10 19 18 2 7 
2118030582 1.5 10 5 2 12 0 15 5 18 4 8 3 14 
6985344879 1.5 10 5 8 9 15 14 16 7 1 13 12 17 
5010914042 1.5 10 5 8 16 3 4 2 11 1 10 9 0 
3379801520 1.5 10 5 19 3 0 15 5 6 11 10 13 18 
5345653833 1.5 10 5 14 10 11 18 0 3 12 15 17 13 
3761813905 1.5 10 5 19 1 12 6 17 5 10 8 11 14 
6078875137 1.5 10 5 10 19 0 13 4 5 1 16 2 7 
7695786822 1.5 10 5 3 19 5 14 18 4 9 1 0 7 
3422567290 1.5 10 5 2 7 16 8 13 5 9 11 18 15 
10249008102 1.5 10 5 11 0 1 18 5 10 2 12 13 8 
8862014971 1.5 10 5 16 4 19 13 10 12 7 0 17 15 
7081622978 1.5 10 5 8 2 10 7 4 17 3 16 15 19 
4724496099 1.5 10 5 0 15 7 18 14 2 5 1 19 3 
1516191079 1.5 10 5 4 1 0 19 15 17 18 9 10 8 
2533255959 1.5 10 5 17 2 6 8 15 0 1 18 12 14 
1312736010 1.5 10 5 7 4 0 11 15 18 9 12 3 13 
3337541778 1.5 10 5 10 0 14 15 17 9 1 11 4 3 
10656496538 1.5 10 5 8 3 1 15 0 13 2 7 9 4 
7711901503 1.5 10 5 12 13 1 8 19 9 15 3 10 2 
6618749420 1.5 10 5 19 14 7 2 1 4 18 6 17 12 
8343595723 1.5 10 5 6 18 16 4 15 3 5 11 2 12 
9543837232 1.5 10 5 16 5 14 6 11 13 9 2 12 15 
427299730 1.5 10 5 5 16 14 1 2 12 11 9 18 6 
8937131167 1.5 10 5 0 7 2 3 18 15 9 13 16 4 
8419225344 1.5 10 5 10 2 11 14 9 8 6 1 17 3 
5604605346 1.5 10 5 7 18 11 6 15 1 16 19 0 10 
1551504229 1.5 10 5 12 8 6 1 0 13 3 2 17 16 
6611646465 1.5 10 5 5 4 12 3 14 18 11 19 6 0 
9445760526 1.5 10 5 7 0 14 3 8 9 4 13 5 10 
1979264442 1.5 10 5 18 19 7 9 0 17 5 1 12 3 
3935904819 1.5 10 5 5 16 11 15 19 17 3 8 0 2 
9051214703 1.5 10 5 8 10 2 15 7 6 3 17 4 5 
10391234465 1.5 10 5 8 0 15 12 9 14 17 3 1 2 
4818678238 1.5 10 5 17 13 0 12 6 5 4 7 8 18 
3188211039 1.5 10 5 7 3 14 19 13 2 1 12 10 4 
906653865 1.5 10 5 5 2 10 15 3 11 1 0 6 17 
8062404480 1.5 10 5 19 10 2 0 1 4 12 8 18 11 
3743638923 1.5 10 5 18 6 3 13 11 9 15 10 0 4 
6763822950 1.5 10 5 14 1 0 7 17 9 10 5 13 19 
10613247468 1.5 10 5 1 19 5 4 18 9 16 2 13 0 
4824666029 1.5 10 5 6 10 9 0 3 4 8 11 2 13 
6563241191 1.5 10 5 2 18 10 12 14 5 8 7 17 1 
10336265465 1.5 10 5 0 6 11 15 16 1 19 12 5 13 
3430050868 1.5 10 5 13 5 19 2 16 6 8 18 15 11 
1250452520 1.5 10 5 16 0 14 6 11 15 17 2 9 19 
6698485492 1.5 10 5 8 1 13 6 4 10 19 15 18 9 
10589051674 1.5 10 5 3 6 13 9 4 7 15 2 19 17 
1381524521 1.5 10 5 2 17 11 13 12 16 7 19 8 1 
6874506006 1.5 10 5 4 17 5 11 19 12 3 13 0 15 
2590792732 1.5 10 5 15 3 9 1 16 7 17 13 18 10 
3649571877 1.5 10 5 6 3 4 15 11 17 13 8 0 19 
3065635476 1.5 10 5 3 4 11 7 9 8 14 1 10 12 
3127150831 1.5 10 5 2 8 9 6 1 10 12 14 0 13 
8265775860 1.5 10 5 4 8 1 7 18 16 3 2 13 9 
305259695 1.5 10 5 19 10 4 8 9 15 11 17 12 5 
9211968178 1.5 10 5 1 5 8 0 9 18 10 2 16 3 
1773888311 1.5 10 5 18 2 14 6 19 3 12 0 5 15 
1355004400 1.5 10 5 11 19 12 3 9 8 7 17 4 6 
6825860513 1.5 10 5 1 17 9 13 19 3 12 6 5 0 
1481587400 1.5 10 5 15 19 18 16 17 6 12 10 0 8 
9257209170 1.5 10 5 4 18 8 5 1 7 3 10 0 16 
8381327562 1.5 10 5 15 9 4 16 1 12 7 3 10 6 
888194472 1.5 10 5 6 10 18 13 2 3 0 4 1 17 
7103406037 1.5 10 5 11 13 19 12 15 1 3 17 6 8 
4766450910 1.5 10 5 13 8 2 0 9 10 14 12 11 18 
384169372 1.5 10 5 2 16 4 7 9 19 1 15 14 3 
2861609823 1.5 10 5 19 5 11 18 10 8 1 2 16 14 
7279928164 1.5 10 5 4 18 2 12 9 19 5 17 10 3 
3662772399 1.5 10 5 2 16 12 5 17 10 11 1 6 9 
4631270765 1.5 10 5 3 9 17 13 6 7 0 2 19 8 
5284547059 1.5 10 5 0 1 6 15 10 8 19 4 9 7 
4013861779 1.5 10 5 7 5 9 11 4 19 12 16 10 1 
8580686097 1.5 10 5 13 3 15 1 18 12 2 16 14 19 
8192050135 1.5 10 5 16 5 1 2 19 7 3 9 15 10 
322477029 1.5 10 5 9 1 8 16 17 3 14 7 15 11 
7723274416 1.5 10 5 10 9 2 17 11 6 8 13 12 19 
4252707997 1.5 10 5 3 1 8 13 4 6 18 19 2 7 
8067947312 1.5 10 5 18 1 10 8 15 0 2 13 4 17 
5089260741 1.5 10 5 0 11 1 12 3 15 19 9 2 8 
4530936159 1.5 10 5 1 7 4 2 19 12 18 3 17 0 
489792141 1.5 10 5 10 5 18 8 17 9 11 4 19 12 
9211363753 1.5 10 5 14 13 6 19 7 4 9 1 12 3 
303715187 1.5 10 5 4 18 15 6 14 0 19 7 17 11 
9553217264 1.5 10 5 9 12 13 1 6 10 16 4 8 14 
7185104373 1.5 10 5 19 13 6 14 16 15 3 4 17 10 
6210114959 1.5 10 5 19 8 11 12 18 10 17 16 9 13 
2065048052 1.5 10 5 17 12 14 15 1 10 18 8 3 5 
9739419648 1.5 10 5 14 8 10 18 1 12 7 17 16 0 
7755313625 1.5 10 5 17 11 13 8 0 18 15 2 9 1 
3537900293 1.5 10 5 4 16 9 3 2 14 5 12 8 1 
3554823174 1.5 10 5 10 3 0 19 11 15 5 13 12 4 
1322486656 1.5 10 5 6 14 7 10 1 0 5 13 12 15 
1417855218 1.5 10 5 19 11 17 5 15 9 14 10 8 0 
6464535556 1.5 10 5 3 8 19 6 7 11 17 2 1 18 
3975219781 1.5 10 5 1 5 12 15 8 19 9 2 18 11 
3582906227 1.5 10 5 8 11 16 18 4 2 19 0 3 17 
350079231 1.5 10 5 7 5 17 14 11 13 3 4 9 15 
2263207571 1.5 10 5 19 8 4 10 15 9 14 12 1 2 
3057139921 1.5 10 5 0 2 14 6 12 9 18 1 4 16 
4905336360 1.5 10 5 17 0 10 7 18 6 14 2 15 8 
10510605468 1.5 10 5 7 12 5 2 17 13 8 14 19 16 
2972733497 1.5 10 5 8 5 2 16 1 13 9 14 18 3 
10623334163 1.5 10 5 8 18 12 19 5 15 6 11 16 3 
3770709321 1.5 10 5 18 7 5 13 11 0 19 15 14 12 
3665010494 1.5 10 5 12 8 5 4 6 15 17 18 0 13 
7877113260 1.5 10 5 11 12 3 18 10 15 17 7 13 0 
1153957626 1.5 10 5 8 3 5 1 10 18 11 7 9 0 
3446307061 1.5 10 5 4 18 12 6 16 1 17 3 0 5 
2444161093 1.5 10 5 0 16 4 17 6 5 2 1 3 15 
9783689583 1.5 10 5 1 18 3 10 8 16 0 15 13 2 
5382298903 1.5 10 5 9 0 12 6 15 8 13 19 2 4 
7997088249 1.5 10 5 8 16 11 10 14 19 17 1 5 0 
3847866808 1.5 10 5 11 6 13 10 19 12 0 15 1 16 
10454813230 1.5 10 5 2 5 9 7 19 0 3 13 4 16 
1695472924 1.5 10 5 10 7 4 17 13 12 19 16 3 5 
8709897505 1.5 10 5 6 10 7 0 17 15 14 19 16 8 
5493338376 1.5 10 5 17 10 18 6 14 11 16 3 7 15 
10513765153 1.5 10 5 12 2 17 16 1 0 11 6 3 8 
2359949495 1.5 10 5 8 9 5 2 13 0 1 14 7 19 
10590110360 1.5 10 5 9 6 5 19 18 10 4 7 11 2 
10570922103 1.5 10 5 1 3 8 18 11 19 13 15 10 7 
3110757976 1.5 10 5 4 9 15 8 7 1 16 13 10 17 
8323038277 1.5 10 5 11 18 6 3 0 1 10 5 14 2 
10348157149 1.5 10 5 13 5 0 19 1 18 11 6 2 16 
10505161286 1.5 10 5 8 19 7 13 6 1 3 10 18 2 
1844317834 1.5 10 5 5 19 9 15 11 13 14 17 18 3 
9283199094 1.5 10 5 7 8 17 19 0 12 4 1 6 15 
7223848554 1.5 10 5 19 12 2 0 8 7 18 14 9 3 
854252325 1.5 10 5 15 1 0 14 2 19 4 12 13 5 
9226375230 1.5 10 5 0 7 17 16 10 3 1 5 19 14 
6860895434 1.5 10 5 8 13 19 15 3 2 9 6 17 7 
8978088664 1.5 10 5 15 14 18 7 5 13 11 19 12 9 
5836780501 1.5 10 5 17 5 16 8 9 3 14 7 4 15 
5926960705 1.5 10 5 14 12 1 7 3 16 6 8 17 11 
10671223519 1.5 10 5 13 9 14 4 0 17 8 11 1 3 
5235920090 1.5 10 5 2 18 11 7 17 15 0 6 10 8 
2912089347 1.5 10 5 16 18 14 6 12 5 10 8 4 9 
3784629785 1.5 10 5 19 11 15 17 3 10 16 13 18 9 
7643937547 1.5 10 5 10 5 14 7 4 11 0 6 9 19 
3753139205 1.5 10 5 16 14 10 15 8 12 2 13 5 9 
8279427282 1.5 10 5 7 5 19 9 6 16 14 0 4 10 
205005836 1.5 10 5 17 3 16 13 8 1 7 6 12 5 
5362220041 1.5 10 5 12 2 18 17 11 5 16 6 14 7 
5540006191 1.5 10 5 10 17 2 7 19 13 9 18 5 15 
2967507250 1.5 10 5 14 9 4 3 17 5 16 19 0 8 
9087738879 1.5 10 5 3 5 11 4 16 15 0 14 8 18 
10532577322 1.5 10 5 19 13 1 7 8 10 11 5 9 17 
6474110737 1.5 10 5 15 12 4 5 1 7 10 13 17 8 
5286835249 1.5 10 5 11 14 17 15 19 9 8 13 1 4 
7292128481 1.5 10 5 5 2 11 14 6 0 10 15 16 7 
4230539309 1.5 10 5 19 3 13 7 18 8 6 5 16 1 
9499756077 1.5 10 5 14 9 2 11 8 19 17 10 18 3 
9103200867 1.5 10 5 4 9 1 19 14 2 17 7 3 11 
6810769894 1.5 10 5 5 14 13 1 18 0 16 6 17 8 
9934047879 1.5 10 5 8 14 7 5 19 1 13 3 11 2 
4543812465 1.5 10 5 12 9 13 7 5 17 3 18 8 2 
4838750989 1.5 10 5 4 19 6 1 10 11 9 15 12 16 
1582159288 1.5 10 5 12 15 11 1 10 13 6 16 0 17 
8567085541 1.5 10 5 4 7 17 2 10 1 3 9 12 13 
6171779641 1.5 10 5 2 9 19 16 3 11 4 6 12 8 
6037845900 1.5 10 5 10 19 3 4 14 12 2 16 1 17 
6071696802 1.5 10 5 7 2 6 16 4 12 11 13 0 3 
4000240622 1.5 10 5 11 19 5 6 13 17 12 15 1 0 
8961744714 1.5 10 5 18 1 16 7 15 11 19 0 12 5 
3575452500 1.5 10 5 6 17 1 8 19 0 18 2 3 16 
8740122660 1.5 10 5 4 12 14 9 8 0 11 3 18 15 
7145593167 1.5 10 5 8 16 12 4 7 19 5 11 6 1 
9964848991 1.5 10 5 8 12 10 16 11 4 18 15 17 2 
1892814368 1.5 10 5 9 17 19 14 13 0 16 10 8 3 
5257345133 1.5 10 5 19 16 4 10 17 12 13 3 1 0 
3460338139 1.5 10 5 17 14 0 10 12 7 18 3 19 4 
3195066572 1.5 10 5 6 11 10 16 9 15 17 7 1 2 
6814247516 1.5 10 5 2 14 18 8 12 13 7 15 3 0 
8637294712 1.5 10 5 0 5 19 9 7 14 2 11 12 1 
658179232 1.5 10 5 0 15 11 13 1 19 9 16 6 3 
10482240382 1.5 10 5 2 1 7 9 10 6 8 4 11 15 
3947730380 1.5 10 5 7 9 14 6 18 4 19 5 13 1 
766396460 1.5 10 5 12 3 10 4 6 19 5 17 11 9 
4099476944 1.5 10 5 5 15 9 19 2 17 11 6 12 10 
6224105781 1.5 10 5 19 10 7 11 16 6 18 2 17 15 
8721494562 1.5 10 5 8 4 1 19 18 7 12 13 3 15 
9362232351 1.5 10 5 6 19 2 7 17 1 11 14 10 15 
8266153695 1.5 10 5 5 10 1 13 15 18 3 19 17 12 
5385950081 1.5 10 5 7 13 10 6 18 2 9 16 0 19 
10242169330 1.5 10 5 19 2 9 3 14 12 1 18 5 7 
4827046930 1.5 10 5 13 15 6 19 4 12 3 0 1 16 
6051285521 1.5 10 5 8 16 11 0 1 15 14 2 6 10 
5947204565 1.5 10 5 17 4 5 0 12 11 13 19 18 2 
9816554885 1.5 10 5 1 3 15 9 19 8 17 5 4 7 
8398743567 1.5 10 5 16 17 4 7 6 3 12 18 0 11 
8641341937 1.5 10 5 6 3 8 15 17 1 11 9 14 5 
1688740260 1.5 10 5 5 12 18 19 4 1 16 8 15 6 
10532662722 1.5 10 5 16 3 11 5 17 19 14 2 9 10 
1310783580 1.5 10 5 6 16 14 15 3 19 1 13 18 12 
8585280209 1.5 10 5 16 9 13 18 11 12 4 19 14 10 
7235210650 1.5 10 5 3 18 8 13 7 0 6 5 4 19 
1719758124 1.5 10 5 3 9 7 6 14 11 15 8 16 10 
10408006215 1.5 10 5 18 6 8 19 9 5 1 2 7 13 
5303754940 1.5 10 5 16 2 6 12 7 3 1 9 13 10 
6692873149 1.5 10 5 0 12 13 16 8 19 11 5 15 7 
1334862472 1.5 10 5 17 13 19 8 15 3 16 18 9 10 
9664521624 1.5 10 5 5 18 10 7 17 0 15 3 8 6 
2347542915 1.5 10 5 4 1 10 8 17 0 15 12 13 2 
10290194782 1.5 10 5 18 9 16 15 3 12 4 6 1 17 
6025881758 1.5 10 5 7 5 3 15 11 13 12 9 19 10 
740520697 1.5 10 5 2 12 19 14 5 7 0 13 6 10 
7522890468 1.5 10 5 18 2 5 12 14 4 7 8 19 9 
2257340605 1.5 10 5 7 3 11 15 0 1 17 5 19 6 
7852490646 1.5 10 5 12 7 8 18 6 15 17 0 5 11 
2404823272 1.5 10 5 14 8 10 15 4 11 12 19 2 9 
8322795014 1.5 10 5 3 19 15 4 2 6 10 0 1 16 
10613783458 1.5 10 5 8 1 9 2 14 5 13 17 10 6 
7688608922 1.5 10 5 11 4 13 0 15 14 10 9 1 18 
1631461695 1.5 10 5 0 13 15 9 4 19 5 6 8 12 
2296595033 1.5 10 5 18 16 14 13 17 1 6 3 5 19 
7268046242 1.5 10 5 11 13 10 7 16 17 8 12 6 0 
8197352856 1.5 10 5 0 7 13 12 17 16 15 10 19 5 
3172868623 1.5 10 5 1 19 15 16 7 12 2 10 5 3 
395790428 1.5 10 5 12 19 14 1 2 7 15 0 6 10 
10409252695 1.5 10 5 8 10 3 13 18 17 2 0 16 14 
3359096569 1.5 10 5 19 9 0 13 14 7 1 16 10 5 
796421702 1.5 10 5 5 14 0 18 19 3 1 7 2 13 
6250196481 1.5 10 5 16 6 7 0 1 18 2 4 10 12 
583891472 1.5 10 5 7 17 8 16 12 5 11 2 1 3 
9078903322 1.5 10 5 7 11 19 12 9 6 10 0 4 1 
7298924461 1.5 10 5 19 13 8 17 11 6 15 18 0 3 
8694287786 1.5 10 5 14 6 3 19 13 18 12 8 4 1 
428915479 1.5 10 5 0 8 6 18 16 9 1 2 17 10 
3244598154 1.5 10 5 19 7 1 10 16 13 17 0 18 5 
2142486480 1.5 10 5 10 11 17 8 2 18 6 3 0 5 
8476311807 1.5 10 5 18 7 6 8 16 0 14 12 1 17 
9344737334 1.5 10 5 0 2 17 15 18 4 10 5 6 11 
9775031750 1.5 10 5 14 2 18 13 9 15 1 4 0 6 
4184202142 1.5 10 5 0 18 6 12 10 19 7 15 14 5 
1770238162 1.5 10 5 5 14 13 2 10 4 8 11 12 0 
6059685704 1.5 10 5 17 13 16 6 5 1 4 9 12 8 
9112008417 1.5 10 5 6 3 2 15 19 12 11 8 10 4 
207208048 1.5 10 5 3 18 17 14 9 2 12 10 15 8 
4888329218 1.5 10 5 14 11 13 3 17 10 0 12 2 19 
1291333232 1.5 10 5 13 2 0 4 3 19 7 1 10 16 
4652876247 1.5 10 5 13 19 17 16 7 8 11 1 12 2 
7178118205 1.5 10 5 10 16 8 18 11 5 13 17 6 12 
9501221302 1.5 10 5 17 8 13 2 12 4 14 3 9 6 
3193788760 1.5 10 5 4 9 8 3 0 11 1 7 10 12 
5640154015 1.5 10 5 8 7 15 12 16 4 10 11 14 0 
6207995152 1.5 10 5 4 2 18 6 16 12 10 0 19 9 
5330861068 1.5 10 5 12 17 3 8 10 4 18 1 11 0 
3210821610 1.5 10 5 2 17 1 19 15 6 7 14 4 12 
875881914 1.5 10 5 14 8 13 7 12 16 10 3 5 4 
8823098211 1.5 10 5 2 9 12 5 3 14 0 19 4 17 
6015290320 1.5 10 5 19 5 9 13 6 18 10 7 12 16 
5527523458 1.5 10 5 10 2 7 15 3 17 13 0 19 16 
8978179276 1.5 10 5 4 14 6 9 13 7 1 15 12 17 
3978570494 1.5 10 5 7 19 0 2 12 6 15 11 17 14 
734328592 1.5 10 5 9 16 18 10 15 11 8 4 6 0 
7037849544 1.5 10 5 13 10 15 8 0 9 6 17 11 2 
4569198527 1.5 10 5 7 1 10 3 9 6 15 16 2 11 
8801824048 1.5 10 5 4 2 7 19 1 10 18 17 12 11 
4365884616 1.5 10 5 1 6 2 3 4 10 5 0 17 11 
4223232037 1.5 10 5 7 12 9 10 15 13 19 3 6 0 
5750617703 1.5 10 5 8 1 7 0 3 19 15 6 12 5 
2892103570 1.5 10 5 8 2 0 17 18 9 3 15 4 5 
10623374457 1.5 10 5 12 14 13 19 10 0 9 3 4 1 
3467020792 1.5 10 5 9 6 10 1 13 15 17 7 16 2 
6439361150 1.5 10 5 7 14 10 5 0 13 3 9 8 16 
4356532978 1.5 10 5 11 16 14 7 12 10 6 13 8 19 
8921883206 1.5 10 5 9 3 4 16 14 0 15 2 13 19 
3845629777 1.5 10 5 12 18 8 4 5 16 7 0 15 13 
6324805621 1.5 10 5 15 19 3 10 18 13 9 5 1 14 
10209995135 1.5 10 5 6 14 15 11 7 19 13 17 18 8 
3249768050 1.5 10 5 14 18 4 0 3 2 8 9 7 1 
6107382692 1.5 10 5 10 19 12 15 0 6 2 1 7 3 
252273137 1.5 10 5 18 2 7 12 10 3 17 15 6 14 
1399296763 1.5 10 5 0 12 4 1 3 7 13 8 14 2 
7071432586 1.5 10 5 15 5 11 7 17 14 12 19 4 6 
6433751367 1.5 10 5 10 18 7 1 4 13 9 19 6 0 
3912745985 1.5 10 5 15 9 7 11 18 14 2 5 17 10 
9256753415 1.5 10 5 8 1 4 18 12 0 3 16 10 5 
2998184550 1.5 10 5 3 13 8 1 7 4 18 12 11 0 
1852268708 1.5 10 5 11 0 13 2 18 14 16 10 19 15 
461695316 1.5 10 5 1 17 7 0 12 5 16 13 2 3 
9625354308 1.5 10 5 13 8 12 17 19 1 9 18 0 7 
4728751004 1.5 10 5 11 1 14 15 12 7 9 18 6 16 
66408356 1.5 10 5 8 12 6 18 19 9 14 13 11 4 
9965972112 1.5 10 5 18 0 9 7 15 19 8 13 17 2 
3555306499 1.5 10 5 5 7 19 6 18 2 10 1 12 0 
7100142341 1.5 10 5 17 18 1 9 15 13 7 5 3 0 
5301743132 1.5 10 5 16 14 0 4 5 15 7 12 10 17 
5527736200 1.5 10 5 3 17 10 6 12 16 13 5 11 19 
3953252094 1.5 10 5 4 2 6 10 3 9 13 11 17 14 
4074145094 1.5 10 5 9 4 16 2 10 0 18 3 17 7 
9141507871 1.5 10 5 6 14 3 13 12 19 4 5 8 15 
2197705980 1.5 10 5 7 4 18 17 2 11 3 10 13 0 
8408860774 1.5 10 5 10 15 14 11 3 6 12 2 5 7 
4110232076 1.5 10 5 5 15 0 10 2 6 1 17 19 3 
4596451532 1.5 10 5 4 12 18 3 15 6 2 0 14 11 
6949192096 1.5 10 5 15 5 7 2 17 19 6 3 12 11 
4314908850 1.5 10 5 5 18 13 0 11 14 10 8 7 15 
842607957 1.5 10 5 14 2 6 4 17 11 12 7 9 5 
4256248829 1.5 10 5 5 17 1 0 19 3 14 10 13 7 
7614466729 1.5 10 5 14 19 13 17 10 18 15 3 5 9 
1531366091 1.5 10 5 18 16 15 4 0 7 13 12 9 11 
9741178687 1.5 10 5 2 9 14 8 1 0 7 11 10 12 
5616655966 1.5 10 5 19 12 0 13 3 5 15 10 1 18 
2894146041 1.5 10 5 17 4 15 0 1 19 14 12 2 7 
820600014 1.5 10 5 4 1 14 12 5 6 3 0 13 8 
8199035447 1.5 10 5 19 17 8 13 14 7 16 10 2 18 
3612856552 1.5 10 5 11 5 17 0 9 10 6 15 13 3 
10599490228 1.5 10 5 0 5 7 12 11 9 6 4 2 16 
4527677388 1.5 10 5 8 18 15 16 7 4 19 0 13 9 
5120382595 1.5 10 5 11 8 18 2 5 1 13 12 15 6 
5335089804 1.5 10 5 19 14 3 10 8 17 2 18 11 0 
8902563880 1.5 10 5 2 14 16 17 15 7 5 6 8 4 
5104354770 1.5 10 5 5 13 17 6 18 7 19 2 10 16 
8518835527 1.5 10 5 12 14 15 13 3 4 16 8 17 5 
9696270167 1.5 10 5 13 7 3 17 0 14 16 1 9 6 
3330002583 1.5 10 5 19 16 15 14 2 17 1 0 18 4 
6299509563 1.5 10 5 17 4 19 0 6 10 2 8 14 1 
1240799094 1.5 10 5 15 8 2 18 13 0 7 1 3 4 
1021482792 1.5 10 5 4 7 1 3 2 5 19 0 9 12 
1412003925 1.5 10 5 7 6 11 17 4 15 0 1 13 9 
3442971269 1.5 10 5 1 5 9 19 4 8 2 16 15 14 
6891141388 1.5 10 5 14 11 15 16 1 17 5 18 10 8 
9026291463 1.5 10 5 12 19 16 13 1 9 0 5 10 2 
5007422315 1.5 10 5 13 7 10 2 5 15 18 4 17 9 
714033793 1.5 10 5 7 3 0 11 6 13 16 2 4 5 
6734349168 1.5 10 5 0 19 9 4 18 1 2 6 11 5 
961909795 1.5 10 5 13 1 6 14 7 2 18 15 17 10 
6192498124 1.5 10 5 6 18 4 9 3 17 7 5 0 16 
4645417042 1.5 10 5 10 16 13 4 2 3 17 15 12 7 
1664204568 1.5 10 5 14 6 8 10 16 2 15 13 12 5 
5405956178 1.5 10 5 9 0 15 14 19 7 5 18 8 1 
487191925 1.5 10 5 2 8 1 10 0 3 4 6 14 13 
2274686785 1.5 10 5 6 13 14 4 10 11 9 0 16 15 
4667908128 1.5 10 5 6 5 14 3 16 13 1 18 15 10 
4405964318 1.5 10 5 8 16 3 6 9 10 17 11 12 7 
6970775609 1.5 10 5 17 15 8 14 9 13 10 18 2 4 
6972589791 1.5 10 5 5 3 15 6 19 14 1 2 0 16 
8022946689 1.5 10 5 10 4 18 15 1 19 14 16 7 8 
3143426880 1.5 10 5 18 13 3 2 8 17 1 15 12 6 
1694601634 1.5 10 5 3 12 19 17 15 13 2 8 9 18 
2639208528 1.5 10 5 12 18 11 19 13 8 15 2 0 5 
2877961397 1.5 10 5 13 3 16 9 10 1 2 8 19 18 
324650104 1.5 10 5 1 9 2 5 15 7 16 19 14 10 
7742977672 1.5 10 5 17 12 3 13 4 16 18 19 1 6 
3942000998 1.5 10 5 6 12 4 19 16 8 3 2 10 18 
9649121299 1.5 10 5 9 13 0 17 18 4 11 15 6 5 
9289210439 1.5 10 5 14 0 19 10 16 15 3 5 18 7 
10356047738 1.5 10 5 13 15 2 19 3 7 14 18 1 5 
7093625844 1.5 10 5 5 15 8 19 18 4 9 13 3 1 
7221028543 1.5 10 5 12 13 11 19 10 4 17 18 7 16 
3519038173 1.5 10 5 1 8 14 0 18 13 6 11 3 4 
1151500233 1.5 10 5 2 4 17 11 10 7 14 18 6 9 
10661221735 1.5 10 5 15 3 9 8 16 18 5 14 4 7 
3246509129 1.5 10 5 7 12 14 3 13 10 17 6 15 11 
6693116402 1.5 10 5 6 11 14 15 1 10 3 4 0 18 
10452724255 1.5 10 5 18 13 10 9 16 8 1 6 2 11 
10158615410 1.5 10 5 4 8 17 6 0 19 15 13 10 5 
7323445229 1.5 10 5 18 7 12 4 10 13 8 2 15 17 
7374540523 1.5 10 5 15 9 18 10 11 7 1 5 0 3 
1156017100 1.5 10 5 8 12 18 7 5 16 0 15 19 1 
10507303429 1.5 10 5 6 2 14 19 7 1 8 13 15 9 
3213815265 1.5 10 5 14 15 8 18 1 13 0 3 5 17 
4219223506 1.5 10 5 19 15 13 14 17 11 16 4 18 8 
1532320209 1.5 10 5 16 1 4 13 10 7 19 6 17 0 
2588398986 1.5 10 5 17 19 18 15 16 1 14 4 6 12 
6270865721 1.5 10 5 2 0 16 17 1 9 7 12 6 11 
5268317361 1.5 10 5 17 13 6 18 1 14 7 11 9 2 
7949468115 1.5 10 5 0 14 13 15 10 18 2 12 1 6 
8313342459 1.5 10 5 9 19 6 14 17 3 18 10 16 13 
7648927312 1.5 10 5 13 6 5 16 8 19 11 14 12 17 
9277061136 1.5 10 5 2 13 8 15 3 7 1 6 12 11 
8873884018 1.5 10 5 1 16 19 18 7 11 17 12 9 5 
3807116248 1.5 10 5 19 6 5 10 12 1 17 15 18 9 
9687872140 1.5 10 5 8 9 12 17 13 6 3 18 16 4 
7401416443 1.5 10 5 6 18 16 8 9 19 4 11 3 13 
6097902357 1.5 10 5 19 14 4 5 9 3 1 7 12 11 
8464200118 1.5 10 5 0 2 15 10 14 6 16 9 4 3 
5672607558 1.5 10 5 13 6 1 18 5 4 16 12 3 14 
8133596885 1.5 10 5 2 0 15 5 6 7 14 8 17 18 
3103132911 1.5 10 5 15 8 5 3 12 7 16 0 2 19 
4750061039 1.5 10 5 5 0 11 15 17 9 8 6 4 16 
3093782181 1.5 10 5 13 1 4 3 2 16 18 8 7 14 
3500192545 1.5 10 5 7 2 16 15 12 9 0 18 17 1 
1331054196 1.5 10 5 7 0 4 14 16 3 8 17 9 5 
5984682732 1.5 10 5 18 14 4 15 0 17 10 1 16 19 
8850146600 1.5 10 5 14 15 12 16 1 0 8 19 3 17 
4851142524 1.5 10 5 9 15 11 5 4 19 0 10 7 12 
8413050156 1.5 10 5 1 0 16 8 17 14 5 6 2 13 
9337046078 1.5 10 5 2 19 17 7 13 14 12 16 9 5 
2802473794 1.5 10 5 1 0 17 3 6 4 16 5 9 12 
3532040533 1.5 10 5 18 11 4 12 3 16 13 6 17 1 
4480339732 1.5 10 5 10 15 8 6 12 3 16 17 18 2 
9401816259 1.5 10 5 6 13 12 17 8 0 15 5 14 3 
5410085251 1.5 10 5 16 14 9 4 5 3 7 15 17 13 
3332045706 1.5 10 5 1 9 16 4 5 2 3 17 15 14 
9560496082 1.5 10 5 0 3 4 6 16 9 2 17 7 14 
10516090142 1.5 10 5 13 9 1 14 4 18 16 7 17 19 
5527427909 1.5 10 5 5 17 0 6 9 12 11 15 13 1 
6661925958 1.5 10 5 14 3 6 8 18 2 10 5 9 19 
1802493141 1.5 10 5 6 11 16 10 19 0 13 12 8 5 
9054758098 1.5 10 5 0 5 17 4 8 18 14 6 9 3 
3943984797 1.5 10 5 19 7 15 5 11 9 16 4 18 13 
2273935531 1.5 10 5 9 5 0 11 18 12 17 15 4 7 
5779486606 1.5 10 5 14 17 3 6 0 4 16 12 15 8 
9846422691 1.5 10 5 0 14 4 9 19 16 11 12 5 18 
3963357772 1.5 10 5 15 18 5 3 14 19 10 13 12 7 
764738706 1.5 10 5 14 16 6 2 17 8 13 3 1 18 
8870952668 1.5 10 5 17 19 10 2 8 7 14 5 4 16 
593403728 1.5 10 5 2 5 8 1 15 10 16 6 14 13 
10182394764 1.5 10 5 2 8 9 14 12 3 19 4 17 10 
1434039735 1.5 10 5 15 17 7 2 5 14 10 8 19 0 
5397124932 1.5 10 5 15 5 13 2 7 12 6 10 8 11 
3123760853 1.5 10 5 12 16 15 6 1 17 19 13 14 7 
1461319446 1.5 10 5 18 9 17 6 2 15 13 11 0 14 
8730963735 1.5 10 5 8 14 15 0 9 5 17 4 18 13 
7998913198 1.5 10 5 0 11 2 18 14 15 8 1 19 10 
4904978178 1.5 10 5 8 7 13 15 2 11 18 6 12 19 
403880764 1.5 10 5 12 15 5 3 17 18 7 19 10 16 
201590417 1.5 10 5 2 17 12 4 6 0 11 5 18 9 
4549290923 1.5 10 5 4 10 15 7 3 18 17 19 9 1 
4067422979 1.5 10 5 10 8 2 4 3 14 13 0 1 18 
4900050190 1.5 10 5 0 10 5 1 2 9 12 18 16 15 
1280126188 1.5 10 5 11 6 7 15 14 12 9 1 16 18 
664669662 1.5 10 5 3 13 16 2 6 12 15 7 19 9 
8107823081 1.5 10 5 0 13 15 1 3 10 7 19 12 18 
5817584285 1.5 10 5 2 17 7 1 16 14 4 11 19 3 
275999975 1.5 10 5 14 0 19 3 15 6 8 11 12 16 
1857980772 1.5 10 5 11 16 19 5 4 6 17 15 0 9 
7816676196 1.5 10 5 8 11 2 16 3 10 0 14 12 7 
9633271964 1.5 10 5 0 16 1 14 6 8 19 2 9 3 
4480070282 1.5 10 5 7 15 11 12 16 18 8 4 14 5 
4157131299 1.5 10 5 4 14 7 5 12 16 18 0 17 6 
1850610248 1.5 10 5 17 4 0 14 19 9 2 5 6 13 
6544425151 1.5 10 5 7 10 3 8 11 2 16 15 4 14 
9584085294 1.5 10 5 9 14 6 16 12 4 3 2 18 10 
9292085693 1.5 10 5 10 0 6 13 18 9 1 4 14 17 
7897040252 1.5 10 5 19 2 7 11 14 0 5 9 3 18 
3087939421 1.5 10 5 11 14 8 7 4 13 3 0 19 16 
8300872961 1.5 10 5 18 7 6 17 14 9 1 11 5 8 
4124955738 1.5 10 5 8 6 15 9 0 5 1 7 18 12 
7007513433 1.5 10 5 6 16 4 11 1 13 12 17 14 0 
2577382153 1.5 10 5 15 7 3 16 2 19 13 10 5 9 
8061214799 1.5 10 5 3 11 14 9 7 13 12 0 19 8 
1052506759 1.5 10 5 14 11 9 12 18 0 7 4 17 15 
1811760676 1.5 10 5 5 15 9 8 16 10 0 2 4 7 
8532299572 1.5 10 5 11 12 6 2 16 1 19 4 5 9 
5345133365 1.5 10 5 9 8 2 17 1 10 14 15 16 5 
915881067 1.5 10 5 13 6 15 2 9 5 19 1 11 8 
407596308 1.5 10 5 10 13 9 11 1 12 15 0 6 8 
3907190063 1.5 10 5 0 4 14 11 8 3 2 9 16 19 
8426356891 1.5 10 5 6 1 4 0 18 10 5 9 13 11 
3429523784 1.5 10 5 18 1 5 11 13 2 9 17 3 6 
734477689 1.5 10 5 16 9 11 19 5 12 2 18 0 7 
8233090342 1.5 10 5 4 14 6 7 10 5 16 17 12 11 
9768129366 1.5 10 5 5 17 0 14 10 3 9 15 4 6 
9785797001 1.5 10 5 1 12 9 18 7 11 19 16 14 15 
4408192490 1.5 10 5 7 12 4 19 3 6 11 1 5 8 
7312775081 1.5 10 5 5 2 17 9 4 13 19 8 3 0 
9547292136 1.5 10 5 5 17 10 6 18 13 0 14 3 9 
8732058676 1.5 10 5 10 19 1 0 3 17 5 15 13 12 
9393150536 1.5 10 5 6 13 8 10 11 18 4 1 9 3 
5281932924 1.5 10 5 10 8 0 5 13 18 2 17 6 7 
691806769 1.5 10 5 0 10 8 7 13 16 17 5 2 12 
9579663657 1.5 10 5 17 12 18 0 8 15 14 19 11 2 
10016913685 1.5 10 5 19 12 11 18 0 2 5 10 13 9 
10319700799 1.5 10 5 7 5 9 11 14 3 6 15 8 17 
7592463505 1.5 10 5 10 11 3 17 19 18 14 16 7 9 
9441167885 1.5 10 5 7 10 15 6 1 16 19 8 18 4 
5789656734 1.5 10 5 5 3 15 0 14 10 19 7 13 12 
9712495095 1.5 10 5 10 2 13 11 6 5 17 3 12 8 
4742831427 1.5 10 5 5 19 15 0 9 10 18 7 6 8 
5491421749 1.5 10 5 2 11 10 13 16 18 4 8 12 5 
3432566609 1.5 10 5 10 9 4 18 2 13 3 0 5 8 
7837537144 1.5 10 5 19 13 5 17 12 9 18 4 16 1 
4538409352 1.5 10 5 16 3 19 7 17 15 6 12 1 9 
2519038552 1.5 10 5 14 15 2 9 18 16 3 7 6 11 
3353295401 1.5 10 5 7 5 1 17 12 6 10 4 13 2 
9494085208 1.5 10 5 19 13 3 2 18 7 1 5 0 12 
6891434234 1.5 10 5 10 9 19 0 17 7 13 6 5 14 
8736076809 1.5 10 5 13 4 5 19 11 15 8 0 7 12 
2988757516 1.5 10 5 6 2 14 18 3 10 19 12 13 7 
7748108380 1.5 10 5 10 9 15 16 1 11 19 2 8 18 
4624480172 1.5 10 5 3 19 6 4 1 13 2 18 5 8 
2952607234 1.5 10 5 13 3 0 10 14 17 18 12 5 9 
7892735912 1.5 10 5 0 8 14 1 16 7 19 10 15 13 
4359851022 1.5 10 5 2 4 12 3 13 1 17 5 19 16 
1046188275 1.5 10 5 12 2 10 15 5 9 16 0 18 3 
6993761651 1.5 10 5 8 0 14 2 11 5 16 9 4 3 
2999568043 1.5 10 5 19 6 14 11 15 2 5 7 8 16 
4596712019 1.5 10 5 3 15 7 8 19 4 16 11 1 0 
7714626089 1.5 10 5 0 9 3 5 12 6 17 8 19 16 
10295512672 1.5 10 5 2 19 15 16 3 0 14 10 17 13 
2327155412 1.5 10 5 10 8 2 1 12 5 14 11 7 0 
8623200910 1.5 10 5 7 13 18 15 4 6 16 11 1 3 
9172287899 1.5 10 5 6 3 5 4 8 13 12 2 14 9 
104659503 1.5 10 5 5 8 19 14 13 16 3 1 2 6 
5293757149 1.5 10 5 13 3 2 10 8 1 5 16 11 14 
8917696482 1.5 10 5 11 13 15 6 5 4 14 9 1 17 
1235498639 1.5 10 5 17 4 13 2 0 1 6 8 18 3 
9641418400 1.5 10 5 16 10 6 2 17 13 15 12 8 1 
2036315003 1.5 10 5 10 0 2 18 1 17 3 11 14 9 
100886483 1.5 10 5 14 12 9 17 18 7 2 4 0 19 
1138455427 1.5 10 5 5 8 17 12 2 10 11 3 1 18 
3945234187 1.5 10 5 4 12 19 14 13 0 11 18 15 1 
1467409247 1.5 10 5 6 11 16 19 18 2 17 3 10 9 
7771451105 1.5 10 5 11 5 4 14 17 18 7 8 9 15 
969910681 1.5 10 5 3 12 16 18 11 0 10 13 9 15 
8477779355 1.5 10 5 19 3 18 11 9 16 2 8 13 12 
8491829827 1.5 10 5 8 5 2 18 6 19 17 12 16 13 
10495319562 1.5 10 5 19 18 6 16 15 0 1 5 8 4 
8623162800 1.5 10 5 7 9 10 18 5 3 6 14 15 11 
9586416192 1.5 10 5 16 7 17 18 12 11 2 13 9 6 
4713185225 1.5 10 5 19 12 0 10 17 2 16 15 9 1 
1914793862 1.5 10 5 15 16 5 0 4 8 13 1 6 11 
8924145187 1.5 10 5 16 5 0 19 8 17 1 2 7 4 
8467684464 1.5 10 5 4 17 1 3 15 18 7 8 14 13 
3934273767 1.5 10 5 16 15 8 9 14 7 12 18 11 5 
9881696532 1.5 10 5 12 11 10 18 5 1 17 8 4 9 
612523541 1.5 10 5 15 16 3 7 2 19 18 12 4 17 
5359453142 1.5 10 5 15 17 3 1 8 6 11 14 5 2 
8235551416 1.5 10 5 5 14 8 1 15 0 13 16 2 12 
3132138202 1.5 10 5 17 15 2 14 3 0 1 7 6 9 
6679898186 1.5 10 5 13 14 17 2 7 15 12 4 10 11 
2337211561 1.5 10 5 18 0 3 8 4 14 12 1 15 19 
2037561624 1.5 10 5 13 8 14 2 16 5 12 4 1 0 
8219347118 1.5 10 5 10 17 3 18 5 19 6 0 9 11 
9599377403 1.5 10 5 4 17 15 1 19 18 8 10 14 9 
2344700389 1.5 10 5 9 16 14 8 2 10 6 4 11 13 
2007326145 1.5 10 5 13 4 9 3 17 18 0 12 2 8 
1665264087 1.5 10 5 4 19 15 0 12 10 18 17 9 6 
1225113567 1.5 10 5 11 9 3 5 13 17 2 12 19 0 
3386221933 1.5 10 5 4 15 10 3 0 8 1 13 14 12 
8569119757 1.5 10 5 13 18 17 8 4 2 14 15 16 3 
7197528813 1.5 10 5 6 1 17 19 18 4 14 8 16 15 
10258730463 1.5 10 5 16 12 8 15 13 2 4 19 11 1 
8615547451 1.5 10 5 10 18 17 19 9 7 16 1 2 11 
147907915 1.5 10 5 8 10 6 12 1 14 0 17 4 5 
7891095624 1.5 10 5 6 14 15 9 0 16 11 8 7 4 
8446965320 1.5 10 5 18 12 2 0 1 8 6 7 16 15 
7322882674 1.5 10 5 4 2 6 18 10 17 5 0 14 19 
549911807 1.5 10 5 1 14 8 9 12 7 15 0 18 13 
7900456233 1.5 10 5 8 19 16 12 6 7 3 0 17 18 
7464209586 1.5 10 5 16 0 6 14 7 17 5 3 12 15 
585437578 1.5 10 5 11 6 8 3 10 5 16 14 1 17 
6734552984 1.5 10 5 0 1 17 12 6 16 11 8 14 3 
8907134765 1.5 10 5 9 7 16 3 10 14 12 4 19 13 
7241739885 1.5 10 5 14 10 17 1 7 9 8 13 3 16 
2390053913 1.5 10 5 7 12 9 17 18 5 0 11 4 10 
5490624481 1.5 10 5 14 8 18 15 12 9 4 1 2 3 
736449020 1.5 10 5 10 13 14 2 0 1 4 17 18 5 
10368514339 1.5 10 5 8 16 0 15 1 4 6 2 18 5 
7730024426 1.5 10 5 17 7 9 13 4 16 3 18 12 10 
2368343429 1.5 10 5 14 6 13 19 9 3 8 10 11 5 
9099757869 1.5 10 5 17 15 4 11 0 3 19 2 14 12 
10500108572 1.5 10 5 15 0 11 1 12 16 7 14 4 2 
3017217925 1.5 10 5 14 8 12 10 6 17 11 1 5 15 
9426878700 1.5 10 5 8 18 11 6 12 7 19 9 4 5 
6945591886 1.5 10 5 17 13 14 2 15 4 12 9 0 1 
6057572865 1.5 10 5 15 6 17 3 9 12 1 4 19 16 
8448112195 1.5 10 5 5 0 19 6 8 7 12 2 3 10 
8337857991 1.5 10 5 4 6 15 5 12 13 1 7 3 8 
1745046109 1.5 10 5 0 17 14 5 4 10 8 11 7 3 
5105123636 1.5 10 5 16 10 8 18 14 15 0 9 3 19 
6302589223 1.5 10 5 7 16 18 9 5 12 17 11 8 3 
7812110549 1.5 10 5 16 17 9 8 13 1 6 3 2 19 
5807792765 1.5 10 5 2 19 16 17 14 11 8 5 18 12 
3675036154 1.5 10 5 7 4 9 6 2 16 19 10 15 0 
10064098644 1.5 10 5 14 16 7 5 17 4 8 6 10 11 
8764011090 1.5 10 5 4 18 2 1 6 10 0 3 9 7 
2873755402 1.5 10 5 4 8 10 7 11 16 5 15 9 14 
3408840300 1.5 10 5 8 15 7 9 3 14 6 10 16 4 
5745987949 1.5 10 5 3 6 10 14 0 11 7 9 8 15 
802418010 1.5 10 5 15 8 0 6 11 9 12 2 3 1 
2325516860 1.5 10 5 1 6 12 0 2 15 4 18 13 16 
6617871304 1.5 10 5 14 8 6 5 13 2 18 0 10 19 
9075511035 1.5 10 5 18 0 2 9 5 17 14 19 15 12 
556706998 1.5 10 5 13 1 18 17 4 16 7 15 10 9 
1308750767 1.5 10 5 8 0 17 13 2 18 5 1 7 16 
6281441773 1.5 10 5 19 4 13 8 10 0 15 12 5 9 
3718857599 1.5 10 5 8 6 18 2 5 19 12 0 1 3 
4175648790 1.5 10 5 6 19 11 17 3 1 10 4 7 18 
6273192607 1.5 10 5 9 16 12 8 0 7 13 10 4 18 
9260869062 1.5 10 5 0 16 14 17 7 1 6 3 19 11 
9064978337 1.5 10 5 11 10 9 17 6 1 16 0 19 18 
6043955430 1.5 10 5 2 1 11 16 19 6 13 14 7 5 
7638406345 1.5 10 5 9 18 12 7 11 16 1 19 2 5 
5027644509 1.5 10 5 0 2 11 12 18 15 8 16 6 14 
7579432631 1.5 10 5 2 11 12 6 16 14 17 7 15 18 
3783981094 1.5 10 5 6 1 12 7 0 3 18 13 10 11 
6953946802 1.5 10 5 3 0 2 19 9 1 13 8 16 17 
1766693244 1.5 10 5 14 9 19 3 16 4 12 8 6 17 
10639295475 1.5 10 5 3 14 11 2 18 1 17 8 5 9 
3839177802 1.5 10 5 5 18 1 3 2 7 14 17 6 12 
10483005744 1.5 10 5 18 1 15 12 10 19 7 2 4 17 
7537214350 1.5 10 5 6 2 1 15 18 10 4 8 5 7 
8961511580 1.5 10 5 18 17 13 4 7 1 14 0 6 19 
3691894538 1.5 10 5 6 15 4 5 3 10 9 1 12 16 
8829236408 1.5 10 5 18 5 19 12 0 1 17 15 7 8 
9550196881 1.5 10 5 16 3 5 15 6 2 9 10 1 4 
7806512056 1.5 10 5 9 0 10 1 16 5 12 2 15 17 
3875894179 1.5 10 5 6 1 12 10 16 9 2 19 0 17 
5554066130 1.5 10 5 16 6 15 5 3 12 11 18 13 1 
9531380730 1.5 10 5 7 4 13 0 15 8 19 5 6 2 
7280262321 1.5 10 5 13 3 5 4 1 19 2 7 17 12 
6475776101 1.5 10 5 5 18 17 19 8 4 6 3 14 15 
2623431503 1.5 10 5 10 2 5 19 0 13 9 15 4 7 
6066787685 1.5 10 5 2 6 4 10 3 19 11 16 8 5 
2926866229 1.5 10 5 9 11 0 5 7 13 10 4 2 18 
3981320739 1.5 10 5 18 5 4 13 9 16 12 15 19 11 
6575491026 1.5 10 5 3 19 8 18 12 11 5 9 16 13 
2901439488 1.5 10 5 16 5 11 7 1 15 8 4 17 12 
7842869787 1.5 10 5 8 1 7 18 15 0 5 10 3 14 
2780514136 1.5 10 5 14 3 4 7 0 2 15 12 13 1 
7620842040 1.5 10 5 1 11 18 17 3 14 10 9 13 16 
6997711543 1.5 10 5 14 19 3 12 8 15 17 4 11 10 
4446503119 1.5 10 5 11 2 18 13 0 6 5 3 12 19 
4676432317 1.5 10 5 8 18 4 13 12 11 0 10 5 17 
4984328890 1.5 10 5 10 16 8 7 6 12 2 5 19 9 
708989935 1.5 10 5 2 14 12 5 11 17 6 16 19 13 
7688074462 1.5 10 5 17 5 3 10 4 9 8 14 6 11 
162376103 1.5 10 5 10 19 1 17 16 18 13 2 11 14 
6750596912 1.5 10 5 8 10 13 16 11 3 7 9 12 2 
3691315757 1.5 10 5 0 8 4 17 9 15 6 16 5 11 
8306959293 1.5 10 5 3 14 5 13 9 8 16 18 12 19 
9833781995 1.5 10 5 17 6 13 16 10 3 15 1 5 19 
7852706953 1.5 10 5 4 10 17 15 2 6 0 1 5 18 
2902558073 1.5 10 5 19 1 13 9 15 5 7 2 6 11 
5127822804 1.5 10 5 10 8 4 13 16 1 17 19 7 11 
949881516 1.5 10 5 7 10 1 19 13 6 18 15 4 16 
5574961451 1.5 10 5 12 9 19 18 4 5 15 7 17 10 
8841118510 1.5 10 5 13 0 14 16 15 5 6 9 10 1 
4513959717 1.5 10 5 14 0 16 4 15 18 3 9 5 13 
7476755473 1.5 10 5 10 7 3 12 5 8 1 15 6 18 
174651936 1.5 10 5 4 1 18 3 15 12 19 0 11 5 
10131336015 1.5 10 5 3 1 17 4 10 6 15 5 14 0 
8514898071 1.5 10 5 5 12 19 1 9 0 17 6 8 11 
2585905146 1.5 10 5 2 17 5 14 10 18 9 0 7 19 
3828382878 1.5 10 5 9 1 2 15 18 11 0 19 4 14 
2983070679 1.5 10 5 16 14 5 19 17 8 13 3 12 1 
10150331008 1.5 10 5 18 14 17 19 5 12 4 11 13 9 
5297120907 1.5 10 5 18 0 10 2 1 6 17 4 14 9 
9070025074 1.5 10 5 3 11 9 15 13 5 7 1 2 14 
3226498104 1.5 10 5 3 15 17 0 1 8 9 12 6 16 
529733572 1.5 10 5 6 17 0 14 19 9 8 15 11 5 
2448688976 1.5 10 5 1 16 5 15 18 17 7 8 4 10 
5818565477 1.5 10 5 17 10 11 6 13 16 2 1 0 3 
3699517734 1.5 10 5 7 6 5 2 4 1 14 15 18 11 
10203120017 1.5 10 5 13 0 10 12 9 2 19 1 18 15 
10116394366 1.5 10 5 10 2 8 5 11 0 9 6 12 3 
5431599588 1.5 10 5 12 11 15 8 0 1 5 6 18 17 
5584305540 1.5 10 5 1 7 11 14 0 13 5 6 10 19 
9103329956 1.5 10 5 16 10 4 0 11 2 19 8 1 7 
7458057015 1.5 10 5 19 3 4 0 14 8 10 1 15 18 
2425983747 1.5 10 5 10 9 13 19 1 14 0 4 16 12 
1748417925 1.5 10 5 0 18 16 11 2 4 15 12 5 17 
10319953074 1.5 10 5 18 3 9 19 8 16 14 1 17 7 
3631464660 1.5 10 5 13 6 19 16 10 18 0 1 17 8 
10076926479 1.5 10 5 6 8 0 19 12 5 3 14 7 11 
3414486392 1.5 10 5 16 12 3 4 18 9 17 11 1 2 
6386961890 1.5 10 5 14 12 17 13 0 10 8 7 1 16 
2823403438 1.5 10 5 2 4 8 3 10 11 16 19 6 5 
10335842925 1.5 10 5 10 8 7 13 3 11 18 14 0 9 
2790200247 1.5 10 5 8 15 6 14 3 19 0 1 13 18 
10346295721 1.5 10 5 19 13 6 3 12 9 18 17 5 16 
3336175158 1.5 10 5 18 17 14 2 5 19 7 15 4 10 
3808910156 1.5 10 5 2 6 14 10 13 3 8 15 4 17 
7179310836 1.5 10 5 11 10 15 7 16 14 18 3 0 19 
8269911508 1.5 10 5 15 14 3 12 17 2 0 10 18 11 
10484172344 1.5 10 5 4 15 3 12 2 11 7 8 1 14 
4988029941 1.5 10 5 0 6 15 11 5 17 18 7 12 10 
2891767803 1.5 10 5 8 10 5 17 7 1 3 9 13 6 
5584136434 1.5 10 5 8 7 9 5 18 13 6 2 12 14 
6586648592 1.5 10 5 13 6 1 5 3 15 17 14 2 9 
68538007 1.5 10 5 16 6 17 18 9 10 4 12 2 7 
562836809 1.5 10 5 16 4 0 6 11 1 2 14 19 5 
7371457415 1.5 10 5 10 14 9 2 18 0 5 19 6 16 
5460130331 1.5 10 5 8 7 12 15 19 3 14 0 11 6 
1263611356 1.5 10 5 12 6 17 13 19 15 7 5 2 18 
9736863439 1.5 10 5 14 9 7 5 11 8 13 12 16 1 
8680419572 1.5 10 5 15 14 17 4 13 19 7 6 9 11 
5495509370 1.5 10 5 5 0 16 12 10 14 2 3 7 9 
4090757988 1.5 10 5 6 2 14 18 5 12 9 4 1 13 
5103267593 1.5 10 5 2 15 19 16 3 10 14 8 4 0 
7627669151 1.5 10 5 4 17 18 7 2 0 19 12 8 9 
7690202274 1.5 10 5 10 3 2 13 16 4 11 19 1 14 
898670291 1.5 10 5 18 14 3 9 11 5 2 0 10 19 
6765510226 1.5 10 5 9 13 1 5 12 7 16 3 8 14 
6788302119 1.5 10 5 14 15 2 10 0 12 1 17 13 16 
9459013934 1.5 10 5 2 1 19 18 0 7 14 12 5 6 
9491169465 1.5 10 5 10 5 8 3 7 0 13 12 15 17 
1632525821 1.5 10 5 0 19 13 9 14 8 7 15 4 2 
2623198964 1.5 10 5 3 15 2 7 13 8 4 6 17 19 
3313369283 1.5 10 5 2 12 3 4 11 0 17 1 13 14 
188534225 1.5 10 5 16 1 11 12 2 3 14 17 10 5 
4604676707 1.5 10 5 11 18 12 2 7 0 6 15 3 14 
9716939244 1.5 10 5 15 17 16 8 4 1 19 6 14 5 
7699298638 1.5 10 5 0 10 2 4 16 5 18 8 1 9 
9408206855 1.5 10 5 3 13 8 6 14 11 16 17 9 4 
10226992106 1.5 10 5 16 5 15 11 4 12 17 18 3 19 
5733633052 1.5 10 5 7 6 4 13 19 12 1 3 16 2 
3955573877 1.5 10 5 16 7 10 12 4 6 13 17 1 15 
1367066725 1.5 10 5 10 14 7 16 15 6 5 17 0 13 
6982494079 1.5 10 5 10 6 11 9 17 1 4 16 0 12 
8170178395 1.5 10 5 8 3 12 4 14 13 9 10 17 0 
2726260316 1.5 10 5 17 4 10 19 11 2 5 18 15 13 
5459984868 1.5 10 5 5 4 16 18 12 11 17 14 8 9 
1522974962 1.5 10 5 10 9 5 0 4 11 15 13 17 1 
2213222503 1.5 10 5 7 9 14 19 12 15 10 18 8 13 
4782955616 1.5 10 5 17 10 16 4 1 0 19 2 3 12 
10081098403 1.5 10 5 19 12 13 0 18 8 11 2 3 15 
10045736822 1.5 10 5 12 2 18 4 7 9 19 8 14 13 
9947279481 1.5 10 5 3 6 18 4 16 9 17 10 14 5 
5768897795 1.5 10 5 13 3 14 9 17 12 0 2 16 15 
8746883827 1.5 10 5 17 1 13 14 18 5 7 2 15 16 
1881409911 1.5 10 5 18 4 16 11 13 12 7 15 10 9 
5659557560 1.5 10 5 2 8 14 1 16 19 7 15 0 12 
3165302800 1.5 10 5 12 16 13 5 15 6 8 2 7 1 
7667934528 1.5 10 5 14 2 18 7 3 6 17 8 16 4 
10539714548 1.5 10 5 9 19 5 2 15 3 8 16 11 0 
5982154395 1.5 10 5 8 18 12 1 4 10 19 9 16 0 
6358586592 1.5 10 5 15 18 0 3 16 2 7 4 17 6 
773967156 1.5 10 5 7 2 11 14 10 9 4 16 19 6 
1315182215 1.5 10 5 3 6 17 9 1 5 0 2 19 13 
10514963186 1.5 10 5 12 9 1 19 2 18 10 0 8 6 
7912882167 1.5 10 5 15 12 13 7 6 19 11 10 2 4 
10409912451 1.5 10 5 19 18 4 5 7 14 15 16 1 13 
9821736374 1.5 10 5 13 14 12 9 3 4 0 11 10 19 
10077129142 1.5 10 5 13 8 14 4 3 2 0 15 16 17 
2911150028 1.5 10 5 5 0 15 13 16 8 11 10 4 1 
9741113792 1.5 10 5 15 13 8 10 7 19 5 14 11 18 
4058698435 1.5 10 5 2 6 19 16 12 4 8 18 14 9 
5602694003 1.5 10 5 9 1 19 4 6 14 15 3 17 13 
3521497918 1.5 10 5 2 10 14 11 9 19 8 12 13 16 
336059518 1.5 10 5 1 15 9 3 0 13 12 6 10 8 
9249492005 1.5 10 5 12 19 3 13 11 6 17 4 0 8 
5265100625 1.5 10 5 14 17 6 9 2 10 5 8 15 11 
8146027714 1.5 10 5 17 11 1 16 0 14 12 15 18 3 
2812099492 1.5 10 5 15 11 8 6 18 17 4 2 14 19 
43375623 1.5 10 5 14 4 18 6 12 13 19 17 11 2 
4580761697 1.5 10 5 8 13 9 12 7 19 2 14 18 17 
1728305023 1.5 10 5 1 15 8 18 12 19 16 5 4 0 
2738445366 1.5 10 5 13 1 9 3 17 8 6 19 5 16 
9821525221 1.5 10 5 9 8 19 5 10 2 16 14 18 13 
7749653906 1.5 10 5 1 6 10 16 2 5 8 7 4 0 
2898811970 1.5 10 5 7 16 3 9 12 4 10 14 18 2 
2385394987 1.5 10 5 1 2 0 6 10 12 8 9 14 15 
7883337579 1.5 10 5 12 19 1 8 13 15 9 5 10 2 
6476588039 1.5 10 5 10 0 19 9 15 14 1 11 18 7 
259786567 1.5 10 5 17 18 9 12 7 1 0 8 6 4 
663028670 1.5 10 5 16 10 3 15 11 8 9 2 17 12 
10604268869 1.5 10 5 8 12 6 19 18 15 10 7 1 14 
8434347480 1.5 10 5 9 15 10 2 6 13 12 8 5 1 
5751323097 1.5 10 5 18 7 11 1 3 19 15 14 6 8 
8218477969 1.5 10 5 5 9 13 15 17 4 11 7 19 14 
6412375132 1.5 10 5 14 6 8 13 1 19 2 4 17 11 
976769108 1.5 10 5 19 11 9 15 12 5 7 17 3 16 
2402460554 1.5 10 5 18 13 15 3 16 5 11 9 14 12 
9621110657 1.5 10 5 14 11 12 15 4 3 1 7 5 13 
9386536770 1.5 10 5 7 18 9 11 13 19 8 12 2 16 
591586170 1.5 10 5 16 8 5 9 7 12 1 4 6 19 
2537774747 1.5 10 5 4 3 11 14 7 12 0 10 15 9 
6269544337 1.5 10 5 2 19 3 8 11 15 13 0 16 6 
10260867305 1.5 10 5 11 9 1 17 14 3 0 5 10 13 
1645482329 1.5 10 5 5 19 18 12 7 15 9 16 14 4 
2094949362 1.5 10 5 6 10 4 15 5 0 12 2 1 14 
7279721159 1.5 10 5 18 12 19 14 2 3 17 0 9 8 
2207896928 1.5 10 5 14 6 12 17 8 10 13 11 0 15 
7561877545 1.5 10 5 1 15 8 3 13 5 9 6 17 18 
7580406608 1.5 10 5 8 3 16 17 6 4 18 15 10 11 
5919476920 1.5 10 5 9 19 5 6 18 17 0 1 13 3 
5952986621 1.5 10 5 18 7 6 19 12 11 2 9 14 10 
8179708823 1.5 10 5 3 12 7 18 1 6 5 4 10 14 
5948107619 1.5 10 5 12 1 18 19 13 0 8 11 16 9 
2214842969 1.5 10 5 13 2 9 10 19 5 17 3 15 11 
1246193647 1.5 10 5 3 10 0 16 1 14 15 19 17 12 
2312155935 1.5 10 5 15 6 4 8 2 1 18 17 14 13 
5858754600 1.5 10 5 14 8 11 13 3 18 16 1 0 5 
4258851295 1.5 10 5 17 19 2 6 12 0 7 1 10 11 
6233119072 1.5 10 5 16 14 10 7 17 11 18 5 1 3 
5820534749 1.5 10 5 7 5 1 10 18 11 0 9 8 19 
3638150202 1.5 10 5 17 14 13 9 16 1 0 10 2 19 
6544807237 1.5 10 5 10 1 2 14 9 5 6 4 19 16 
1516041433 1.5 10 5 9 7 5 11 14 1 12 18 4 19 
700366215 1.5 10 5 17 0 1 3 9 10 8 11 13 16 
4513147379 1.5 10 5 9 4 5 2 16 13 3 10 1 15 
2552130135 1.5 10 5 1 0 7 16 17 2 14 6 12 10 
9336084073 1.5 10 5 12 19 11 17 8 0 7 10 15 2 
8103359157 1.5 10 5 14 17 9 18 2 3 16 11 5 0 
4642069977 1.5 10 5 6 10 5 0 4 12 7 8 18 3 
6223265702 1.5 10 5 0 2 17 10 1 8 9 6 14 18 
6990585329 1.5 10 5 18 12 3 17 9 1 6 14 11 16 
9980003925 1.5 10 5 15 10 17 16 3 6 11 14 0 1 
3045182749 1.5 10 5 2 1 8 7 4 15 16 17 14 3 
3607953733 1.5 10 5 8 9 12 0 16 11 4 14 7 19 
382491841 1.5 10 5 8 18 12 4 0 5 9 16 1 11 
7361465603 1.5 10 5 15 18 9 14 13 8 2 16 3 10 
6424293454 1.5 10 5 4 5 12 7 9 0 14 3 2 16 
5033215428 1.5 10 5 18 13 12 16 7 10 11 19 3 9 
6283738456 1.5 10 5 4 14 9 18 2 19 3 13 12 16 
5474204517 1.5 10 5 16 8 6 3 4 12 18 19 1 11 
7355649742 1.5 10 5 10 16 6 9 15 3 0 11 19 5 
849021194 1.5 10 5 0 10 4 13 12 14 19 17 2 9 
8821742554 1.5 10 5 6 9 4 5 1 15 14 17 7 2 
5608281177 1.5 10 5 16 11 10 0 9 13 2 1 14 18 
2995838795 1.5 10 5 1 4 16 11 13 12 2 15 10 9 
5022244718 1.5 10 5 0 4 1 19 14 9 11 17 6 7 
9314871491 1.5 10 5 2 9 3 15 4 6 11 8 10 18 
3468956273 1.5 10 5 19 18 2 4 15 10 0 12 7 14 
8045298640 1.5 10 5 9 5 13 15 7 19 0 17 2 18 
855196048 1.5 10 5 17 11 12 15 2 18 16 8 10 19 
2908705056 1.5 10 5 1 12 16 2 13 15 5 6 8 19 
5934370287 1.5 10 5 2 17 13 15 16 9 11 14 7 5 
101096093 1.5 10 5 12 18 7 16 19 1 15 11 0 14 
5395626512 1.5 10 5 12 6 14 0 3 7 8 19 10 18 
4786491225 1.5 10 5 9 18 2 7 5 10 16 19 17 6 
3316814270 1.5 10 5 3 4 9 7 15 19 16 1 5 8 
8606805770 1.5 10 5 13 17 8 6 19 10 9 11 0 7 
8247535054 1.5 10 5 10 14 19 12 0 8 7 18 5 1 
3488234246 1.5 10 5 2 19 11 10 14 6 3 0 8 13 
9514099490 1.5 10 5 11 15 7 16 19 9 0 1 13 17 
4741000127 1.5 10 5 17 3 14 2 12 4 7 16 11 0 
10504292791 1.5 10 5 7 4 17 12 15 1 9 13 14 3 
8176679882 1.5 10 5 9 5 1 19 8 12 14 6 11 13 
2146982295 1.5 10 5 1 13 12 19 7 0 4 11 17 14 
1307698272 1.5 10 5 11 10 4 15 19 18 14 2 6 12 
8127216906 1.5 10 5 9 12 4 2 15 8 0 19 6 11 
3431158000 1.5 10 5 6 0 4 7 9 16 2 12 3 15 
10348085696 1.5 10 5 16 0 6 2 7 13 19 14 1 15 
5672822314 1.5 10 5 7 3 14 9 12 6 19 15 18 1 
9407083445 1.5 10 5 13 7 12 19 17 0 4 2 3 10 
9445637743 1.5 10 5 9 12 2 15 11 4 6 13 14 19 
3359688511 1.5 10 5 19 1 17 18 13 14 0 11 3 5 
6714132129 1.5 10 5 11 17 18 9 0 6 4 10 1 16 
393223057 1.5 10 5 15 1 17 14 16 12 5 10 9 18 
539520036 1.5 10 5 14 18 6 7 4 16 3 19 15 12 
8722251406 1.5 10 5 6 2 8 14 4 5 13 0 15 3 
1463664692 1.5 10 5 3 17 2 5 0 13 7 18 16 14 
701207971 1.5 10 5 3 12 6 18 0 19 14 13 9 1 
828180933 1.5 10 5 10 18 11 0 9 1 5 17 8 15 
767303044 1.5 10 5 17 9 7 19 11 13 0 3 1 6 
860236533 1.5 10 5 17 11 6 19 18 4 5 10 3 13 
958342061 1.5 10 5 5 7 3 13 2 1 10 12 14 19 
643893088 1.5 10 5 17 14 8 15 5 13 16 2 3 0 
5370470088 1.5 10 5 16 6 13 12 7 17 0 2 14 9 
4304169972 1.5 10 5 0 17 5 2 4 15 11 13 14 10 
17 184 11
3 852 31
15 530 41
1 537 43
11 581 17
1 6 42
1 287 50
17 949 50
4 138 0
5 330 24
7 191 20
10 528 48
14 659 27
0 404 18
2 963 26
19 957 43
9 562 45
13 266 31
10 628 43
17 780 25
5 652 33
7 763 19
4 658 49
12 934 8
9 238 26
9 398 1
7 119 27
2 216 17
9 688 12
11 491 18
4 16 21
12 899 49
19 814 19
0 620 30
11 625 31
9 490 21
7 71 13
3 858 32
1 288 22
16 612 49
2 174 13
12 236 31
2 105 47
6 405 49
2 513 19
0 297 12
15 752 15
19 886 20
13 35 26
7 901 13
7 119 12
18 877 24
1 318 20
4 46 11
18 881 28
0 838 28
1 446 20
5 819 28
11 993 17
9 264 24
15 402 27
18 901 34
1 122 41
5 811 23
3 500 22
17 439 10
12 354 39
12 914 30
13 767 44
9 649 33
18 947 8
13 602 11
13 276 30
13 61 8
5 928 38
14 435 23
3 762 14
1 137 29
8 31 18
9 907 32
3 948 24
4 50 48
5 689 15
8 262 13
5 783 46
0 306 50
7 31 15
19 753 5
15 66 27
9 23 22
7 537 13
0 256 28
16 220 18
2 41 20
14 735 50
12 35 25
6 448 43
10 926 4
13 217 27
1 477 15
