20 20 1000 100
1073741824 1073741824
1073741824 1073741824
1073741824 1073741824
1073741824 1073741824
1073741824 1073741824
1073741824 1073741824
1073741824 1073741824
1073741824 1073741824
1073741824 1073741824
1073741824 1073741824
1073741824 1073741824
1073741824 1073741824
1073741824 1073741824
1073741824 1073741824
1073741824 1073741824
1073741824 1073741824
1073741824 1073741824
1073741824 1073741824
1073741824 1073741824
1073741824 1073741824
1073741824
1073741824
1073741824
1073741824
1073741824
1073741824
1073741824
1073741824
1073741824
1073741824
1073741824
1073741824
1073741824
1073741824
1073741824
1073741824
1073741824
1073741824
1073741824
1073741824
10726240380 1.5 15 5 6 2 19 11 7 15 4 14 17 16 12 3 9 5 18 
862382247 1.5 15 5 9 18 5 12 15 0 13 14 4 1 7 2 11 16 3 
2174346134 1.5 15 5 18 16 8 11 9 17 13 2 1 14 12 19 15 0 6 
417276665 1.5 15 5 1 9 8 2 4 6 3 12 7 16 13 19 10 0 18 
7086492348 1.5 15 5 10 12 3 17 9 16 13 7 6 8 18 11 4 5 14 
3571201040 1.5 15 5 3 0 17 13 9 16 12 2 5 11 18 8 19 14 15 
717752699 1.5 15 5 11 8 17 6 13 3 4 15 9 19 2 16 12 1 5 
4380372395 1.5 15 5 3 1 2 0 11 8 14 5 7 4 15 17 6 13 19 
1170516170 1.5 15 5 14 17 4 1 10 12 19 7 8 2 13 18 11 16 3 
1084956640 1.5 15 5 14 1 8 17 13 16 5 9 3 6 15 18 11 0 12 
1297486398 1.5 15 5 12 17 13 11 15 14 18 10 6 0 2 4 3 9 19 
6086301331 1.5 15 5 17 13 11 9 19 8 3 6 0 2 10 7 16 14 15 
2709288467 1.5 15 5 19 14 5 16 0 3 13 11 2 9 10 7 15 18 6 
9201558261 1.5 15 5 19 10 14 15 1 5 2 13 3 4 6 0 9 18 17 
2315883204 1.5 15 5 19 12 15 5 7 14 10 2 8 18 1 3 16 17 6 
8173409526 1.5 15 5 11 2 7 3 9 12 10 19 8 15 14 1 4 17 6 
970918381 1.5 15 5 14 13 7 9 8 10 15 16 12 0 6 5 19 1 3 
8673594452 1.5 15 5 13 3 10 19 14 11 7 2 12 9 18 1 5 4 15 
6625381550 1.5 15 5 13 0 16 7 1 12 3 19 18 10 15 9 5 14 8 
913637402 1.5 15 5 14 16 9 13 12 8 0 1 15 4 10 5 2 17 7 
9729992047 1.5 15 5 19 0 15 11 13 8 14 7 6 3 1 9 12 4 18 
6807084212 1.5 15 5 18 1 16 8 6 5 19 11 10 17 13 2 9 3 7 
6299379633 1.5 15 5 8 1 5 2 11 9 14 19 13 17 18 16 0 6 15 
3793689208 1.5 15 5 13 9 5 8 11 3 2 17 4 14 0 6 16 15 7 
3204163190 1.5 15 5 2 7 10 12 5 8 19 15 9 1 3 17 4 14 13 
6749697898 1.5 15 5 16 2 17 9 4 11 8 0 19 1 7 15 6 14 3 
9180869920 1.5 15 5 15 4 18 10 9 13 3 7 0 12 11 6 19 5 2 
8615228637 1.5 15 5 19 8 2 5 11 13 18 6 10 3 0 17 7 15 14 
1307981405 1.5 15 5 5 17 15 10 2 16 19 8 18 11 4 0 3 14 7 
3941083993 1.5 15 5 9 16 18 4 13 1 5 12 0 17 10 2 19 14 3 
6666460138 1.5 15 5 2 5 15 7 16 4 10 9 19 1 18 3 0 11 13 
6615461613 1.5 15 5 6 10 8 15 13 19 17 16 14 18 2 1 3 4 7 
4617753959 1.5 15 5 17 0 11 15 8 19 13 4 5 14 16 7 6 10 18 
7877558797 1.5 15 5 12 7 11 2 4 18 16 17 6 0 19 9 1 8 3 
4153006322 1.5 15 5 18 6 7 10 2 12 4 13 17 0 5 16 11 15 8 
733936895 1.5 15 5 4 0 12 15 16 7 18 6 5 3 1 14 11 13 19 
2454071604 1.5 15 5 7 17 13 11 19 18 16 0 4 14 15 9 1 6 8 
2002433023 1.5 15 5 3 0 12 13 9 7 4 18 8 17 16 19 11 15 6 
727697660 1.5 15 5 1 17 11 5 10 3 6 7 15 18 9 13 16 0 12 
8946602133 1.5 15 5 11 14 5 18 17 8 6 16 15 19 13 10 0 4 3 
9542702728 1.5 15 5 12 0 18 8 5 3 11 13 6 9 19 7 14 17 4 
7389730979 1.5 15 5 6 5 7 3 17 18 1 0 19 10 15 16 4 14 12 
5700850289 1.5 15 5 19 12 9 14 17 0 8 2 18 3 11 4 10 5 16 
9991867063 1.5 15 5 6 3 9 15 0 13 19 4 10 1 8 16 2 14 17 
3639490885 1.5 15 5 2 12 13 9 10 1 11 4 8 6 5 16 19 15 0 
10107345142 1.5 15 5 7 4 10 3 17 13 12 5 9 16 15 8 14 0 18 
10473488705 1.5 15 5 4 11 13 15 8 5 10 16 12 3 6 9 7 14 19 
5642064851 1.5 15 5 12 2 16 3 4 8 7 15 11 0 14 9 10 18 5 
7155485014 1.5 15 5 18 15 4 10 7 2 16 17 14 1 12 19 11 8 13 
4282702254 1.5 15 5 10 9 6 2 4 11 1 3 7 16 15 13 14 8 17 
6168324624 1.5 15 5 5 3 4 1 15 19 7 2 16 18 14 8 0 6 9 
456505433 1.5 15 5 13 11 18 6 1 19 0 12 7 16 9 8 15 3 5 
3053450175 1.5 15 5 12 6 13 1 15 18 10 17 14 7 2 3 16 0 19 
2733223133 1.5 15 5 15 10 9 17 6 1 19 0 3 16 4 12 11 5 8 
2902570254 1.5 15 5 15 18 13 16 2 10 0 1 8 3 11 17 6 14 5 
2990446354 1.5 15 5 17 4 9 2 14 16 19 13 11 8 18 3 10 0 1 
2345065085 1.5 15 5 17 12 0 13 9 3 2 15 8 7 1 18 16 6 11 
10529115971 1.5 15 5 2 15 11 9 18 0 7 12 16 13 8 4 19 3 17 
1570801112 1.5 15 5 16 2 7 14 17 19 12 3 15 13 8 0 18 11 9 
1510233514 1.5 15 5 16 11 17 4 19 7 10 6 5 8 14 12 2 1 3 
3532118283 1.5 15 5 17 15 16 7 2 11 5 12 9 10 1 3 6 4 13 
2039600271 1.5 15 5 16 2 4 10 19 7 6 12 0 1 5 3 14 9 8 
4914401939 1.5 15 5 3 0 17 8 7 9 11 18 2 19 5 12 15 1 13 
1218038512 1.5 15 5 12 1 19 18 16 9 2 15 5 8 3 0 11 7 10 
5167971103 1.5 15 5 1 19 12 0 14 11 10 6 7 13 17 4 5 3 2 
1320239008 1.5 15 5 0 13 6 14 10 7 3 1 12 4 11 9 17 2 18 
4948217565 1.5 15 5 10 7 12 6 4 8 17 15 3 13 11 5 2 18 14 
10574189202 1.5 15 5 3 13 19 5 16 4 8 12 9 17 15 2 14 0 10 
8868598822 1.5 15 5 13 10 17 11 6 18 19 1 9 3 7 8 0 5 12 
946619658 1.5 15 5 15 11 12 4 14 1 16 5 19 10 0 6 7 17 3 
8256721376 1.5 15 5 3 13 10 6 5 16 4 0 1 9 7 18 19 2 12 
9992539926 1.5 15 5 14 6 17 12 7 13 2 4 18 1 10 19 9 16 15 
1350015187 1.5 15 5 12 9 5 19 17 1 11 4 0 10 7 16 15 6 18 
9597535841 1.5 15 5 10 7 13 9 5 1 19 17 11 15 6 0 16 2 3 
3250008586 1.5 15 5 18 3 8 17 6 9 12 0 16 15 5 2 13 10 19 
3562111412 1.5 15 5 2 0 4 7 15 14 18 6 13 3 16 9 19 12 10 
907334548 1.5 15 5 11 19 18 6 1 4 17 3 8 13 16 0 7 5 12 
7000260805 1.5 15 5 10 9 3 11 12 6 18 2 14 0 4 17 13 16 15 
5440894986 1.5 15 5 9 6 17 1 15 7 13 8 14 19 0 3 11 10 18 
4732977257 1.5 15 5 6 19 18 2 0 3 12 4 11 14 13 8 15 1 9 
1606858747 1.5 15 5 8 1 3 16 15 12 4 13 10 14 17 9 18 19 7 
2953398796 1.5 15 5 17 2 6 10 8 18 3 16 1 7 4 12 14 11 19 
4125534008 1.5 15 5 1 4 19 2 5 13 0 7 11 18 12 3 15 9 10 
2668826400 1.5 15 5 18 14 1 19 4 8 7 16 9 2 6 10 0 3 5 
5774561398 1.5 15 5 13 1 11 19 8 14 16 10 18 2 15 17 4 9 6 
9558200817 1.5 15 5 11 12 7 3 13 9 1 5 18 0 2 6 14 16 8 
8041769850 1.5 15 5 15 8 14 0 16 12 4 7 2 11 5 1 6 9 10 
4212589420 1.5 15 5 9 4 1 15 16 18 7 0 14 11 2 13 17 5 3 
7371313434 1.5 15 5 2 14 8 9 17 4 13 3 11 7 5 10 18 6 0 
4413688508 1.5 15 5 9 5 13 19 3 14 11 16 2 10 0 4 17 12 8 
3665833688 1.5 15 5 9 15 1 3 16 2 6 4 12 17 0 19 5 14 18 
9170938276 1.5 15 5 14 19 5 10 9 8 2 1 0 3 17 16 12 18 13 
1160765947 1.5 15 5 3 16 19 5 9 12 18 2 11 10 4 1 6 13 0 
3865087357 1.5 15 5 14 15 3 6 12 2 19 7 17 1 4 18 0 10 9 
7413657062 1.5 15 5 15 4 17 14 18 13 7 12 1 3 11 16 19 0 2 
2059907675 1.5 15 5 16 4 10 6 0 5 15 12 1 13 8 11 18 2 14 
5449939427 1.5 15 5 3 1 5 16 17 13 19 11 10 6 18 14 4 2 8 
6255996932 1.5 15 5 11 13 2 15 3 9 16 17 7 10 4 5 8 14 1 
6067186403 1.5 15 5 16 8 6 4 5 19 11 1 9 0 18 10 2 14 3 
1777103065 1.5 15 5 4 19 0 17 7 6 5 3 18 10 15 16 14 13 9 
5512400652 1.5 15 5 0 17 4 10 6 3 1 8 5 2 7 19 16 18 15 
8138522078 1.5 15 5 17 11 19 12 3 13 2 8 16 18 15 5 9 14 10 
6598030642 1.5 15 5 17 7 3 14 4 0 6 9 8 5 12 10 11 1 13 
9613759774 1.5 15 5 2 5 0 16 6 18 19 17 7 9 13 10 14 4 1 
10708081623 1.5 15 5 13 15 11 9 17 19 8 18 4 16 12 3 7 5 10 
560891084 1.5 15 5 8 11 6 4 16 18 19 13 5 1 17 14 3 10 15 
9414287467 1.5 15 5 5 8 18 14 11 4 10 13 9 6 17 15 12 0 1 
1762079168 1.5 15 5 3 11 9 17 5 18 1 0 4 16 15 12 7 19 14 
704709182 1.5 15 5 3 8 11 19 16 17 1 6 10 18 13 14 5 0 9 
7426314607 1.5 15 5 2 12 18 19 10 11 16 13 7 9 3 0 17 6 4 
3517392856 1.5 15 5 3 14 5 1 12 16 8 9 10 18 15 17 19 0 13 
9552392361 1.5 15 5 2 16 4 11 7 8 15 14 9 6 13 19 0 10 17 
5856638772 1.5 15 5 4 9 6 7 12 14 3 8 16 0 1 10 15 13 19 
115738896 1.5 15 5 1 11 12 2 15 7 18 16 6 13 17 19 5 0 8 
7282114122 1.5 15 5 17 8 2 10 12 11 3 7 1 6 9 15 19 16 13 
4248733888 1.5 15 5 2 13 19 1 0 7 5 9 11 6 10 3 17 18 4 
19248288 1.5 15 5 17 14 13 16 15 18 2 3 12 4 19 7 11 10 8 
6935447146 1.5 15 5 10 17 13 18 14 7 12 3 11 9 15 16 0 5 19 
4107636569 1.5 15 5 0 19 8 13 17 14 18 3 6 2 10 1 9 5 15 
4711238000 1.5 15 5 19 18 15 16 0 9 4 6 10 13 3 1 17 2 11 
9465126547 1.5 15 5 15 10 16 12 7 19 13 5 11 0 1 2 4 14 17 
1911488165 1.5 15 5 19 14 16 15 12 3 8 6 0 10 4 9 11 5 13 
10553246291 1.5 15 5 12 13 3 2 14 17 15 16 19 9 11 10 1 0 4 
1387241412 1.5 15 5 2 11 8 19 10 14 0 12 1 7 17 18 9 4 3 
9008020114 1.5 15 5 13 12 14 11 15 6 8 2 0 18 19 5 3 10 9 
6918453345 1.5 15 5 18 16 3 1 9 10 7 5 14 12 19 11 6 13 0 
9528029563 1.5 15 5 14 12 4 3 16 9 8 18 6 1 10 13 5 2 17 
7711743843 1.5 15 5 17 5 6 9 15 18 13 4 3 19 2 0 12 16 10 
8164837469 1.5 15 5 4 7 0 9 16 18 15 11 19 14 12 8 10 5 3 
6244051538 1.5 15 5 13 2 8 0 15 4 3 10 1 9 6 12 19 5 18 
2706622545 1.5 15 5 14 8 1 17 15 3 9 7 19 4 11 6 12 18 0 
6673160335 1.5 15 5 2 13 19 1 0 4 11 15 12 7 3 14 5 6 9 
2758305931 1.5 15 5 10 1 3 13 8 17 16 9 6 7 4 2 5 14 12 
6135125571 1.5 15 5 3 10 11 15 4 14 2 18 0 8 9 13 7 12 6 
8012282159 1.5 15 5 15 6 8 10 16 18 4 1 5 0 14 17 11 2 13 
5176837303 1.5 15 5 3 10 9 14 15 12 0 5 19 6 2 8 16 17 1 
1597079971 1.5 15 5 13 3 2 17 16 1 8 18 9 15 10 6 11 19 7 
7161062746 1.5 15 5 3 11 7 8 16 14 19 0 17 6 2 12 1 18 5 
3089644924 1.5 15 5 5 0 7 10 11 12 6 4 9 16 19 17 3 18 1 
10042706344 1.5 15 5 4 0 16 19 18 8 11 13 2 6 9 1 10 5 12 
1004295621 1.5 15 5 12 19 17 7 15 2 11 16 4 13 6 0 8 9 10 
6900914430 1.5 15 5 19 17 6 13 10 18 9 3 4 16 7 0 2 1 5 
2126739379 1.5 15 5 0 18 10 1 13 2 14 16 17 15 7 11 8 4 9 
5625039595 1.5 15 5 13 1 7 11 14 5 10 9 6 8 0 15 3 2 19 
3562517202 1.5 15 5 5 16 2 10 4 12 11 13 8 14 6 19 9 7 0 
10127032995 1.5 15 5 15 2 16 1 7 19 3 18 17 11 8 0 5 6 10 
5482512432 1.5 15 5 3 5 0 18 10 11 19 2 7 15 17 14 16 8 9 
7310442920 1.5 15 5 4 0 14 11 5 8 12 6 13 3 2 15 19 17 16 
1546930261 1.5 15 5 14 16 1 6 0 10 8 11 7 18 17 19 4 9 2 
1195747107 1.5 15 5 10 6 11 4 0 9 5 12 14 17 18 16 2 3 15 
5610303561 1.5 15 5 4 11 14 17 18 10 15 1 7 0 16 9 6 2 3 
4887206399 1.5 15 5 18 12 15 17 16 3 14 4 9 8 19 7 6 11 2 
5727050685 1.5 15 5 6 19 10 13 8 5 12 11 4 1 3 15 9 18 0 
9149973912 1.5 15 5 8 13 7 15 9 10 3 2 4 12 19 6 5 1 16 
8457472615 1.5 15 5 4 11 6 18 19 9 10 17 12 14 8 0 3 15 1 
1639113363 1.5 15 5 14 10 19 0 17 15 7 16 5 2 9 18 12 6 11 
2097164998 1.5 15 5 5 14 13 11 17 9 15 10 7 6 16 4 2 3 1 
3491486523 1.5 15 5 7 10 18 2 11 14 3 13 8 12 15 0 6 1 5 
438075821 1.5 15 5 18 1 3 14 0 8 13 17 5 11 6 9 10 19 4 
7083942913 1.5 15 5 14 18 8 11 13 15 4 2 6 17 3 9 1 12 16 
7599490339 1.5 15 5 1 9 10 0 18 16 17 3 2 8 7 15 19 12 11 
7349594479 1.5 15 5 2 3 0 4 7 19 13 9 15 12 17 5 10 6 1 
3167158259 1.5 15 5 2 4 14 10 5 18 0 12 13 3 17 11 15 19 1 
9400270081 1.5 15 5 12 11 14 16 19 10 8 3 18 2 1 4 7 17 0 
10319556008 1.5 15 5 5 17 3 4 12 9 19 10 11 7 0 14 15 1 6 
1415710031 1.5 15 5 18 1 7 13 12 11 19 15 8 0 16 9 2 4 14 
8305323239 1.5 15 5 3 17 12 7 11 16 4 10 15 19 13 8 9 1 0 
1985095778 1.5 15 5 16 4 5 13 11 6 1 10 7 2 14 18 9 0 8 
7668571602 1.5 15 5 14 12 18 16 0 4 2 10 9 11 13 7 5 19 17 
7378101054 1.5 15 5 0 15 7 5 2 3 11 6 10 16 8 19 12 17 13 
5659585654 1.5 15 5 0 12 11 7 10 18 5 2 16 15 3 9 4 1 17 
5245807413 1.5 15 5 17 18 19 11 6 1 12 14 9 8 7 3 16 4 13 
10236165564 1.5 15 5 8 10 12 4 13 3 9 16 14 11 15 18 0 19 5 
2901803088 1.5 15 5 16 10 2 0 1 9 7 17 18 3 11 5 4 15 13 
4830849475 1.5 15 5 14 16 15 13 11 6 5 10 1 0 12 8 9 3 4 
5165138961 1.5 15 5 16 4 17 19 2 3 10 15 9 6 7 5 1 14 12 
9782810965 1.5 15 5 11 15 13 5 18 19 3 16 1 14 17 7 4 12 9 
7707682899 1.5 15 5 9 4 16 2 10 6 7 11 8 0 13 3 12 19 18 
9190232955 1.5 15 5 16 6 0 8 9 4 17 10 11 2 7 13 1 15 18 
10243146424 1.5 15 5 6 8 3 14 1 0 13 10 19 11 15 9 18 17 12 
8721119539 1.5 15 5 5 4 9 19 17 10 13 6 7 2 12 18 16 3 15 
2498942755 1.5 15 5 11 2 17 8 16 12 18 9 13 3 6 14 19 5 10 
10058667170 1.5 15 5 11 13 3 9 0 6 19 12 17 8 2 7 1 5 18 
1003555258 1.5 15 5 5 18 7 16 10 4 13 19 8 9 1 15 2 12 11 
5005139940 1.5 15 5 14 6 1 4 7 3 8 12 0 5 16 17 2 18 9 
7213488489 1.5 15 5 1 18 9 7 17 3 0 16 10 15 11 6 8 19 13 
9802568339 1.5 15 5 13 15 7 11 4 19 10 1 12 14 16 5 18 2 8 
1531062148 1.5 15 5 8 3 14 10 7 11 18 16 1 15 12 4 6 17 2 
6671788376 1.5 15 5 14 16 15 19 18 2 5 9 12 7 4 11 1 0 10 
794757317 1.5 15 5 6 5 18 7 17 8 2 10 3 4 15 12 1 13 19 
3145847060 1.5 15 5 15 17 5 11 14 1 0 3 13 10 2 19 6 4 18 
10089062940 1.5 15 5 4 16 19 1 8 10 5 11 6 3 7 9 2 0 18 
5461506663 1.5 15 5 1 13 11 9 17 5 16 6 2 10 18 3 15 7 12 
9665298318 1.5 15 5 16 19 15 1 10 14 4 9 5 11 13 0 7 6 18 
6702506380 1.5 15 5 10 0 17 19 14 7 1 13 16 2 6 3 9 11 8 
2949355234 1.5 15 5 12 11 1 10 0 17 5 18 9 8 4 15 19 2 16 
10523547412 1.5 15 5 1 10 17 3 12 13 15 14 2 4 18 0 9 7 16 
8238673408 1.5 15 5 5 15 12 10 8 16 7 3 6 2 0 13 14 19 11 
1011584976 1.5 15 5 1 15 8 6 0 18 5 10 2 3 11 17 19 9 14 
9943495719 1.5 15 5 8 14 9 11 12 10 4 19 17 13 1 16 7 3 2 
9173090392 1.5 15 5 13 19 15 14 10 3 7 9 8 2 11 5 16 12 4 
9696956216 1.5 15 5 3 0 19 1 8 15 7 2 5 12 10 17 14 18 16 
621200262 1.5 15 5 15 14 3 11 7 12 5 17 6 8 18 4 9 16 0 
8579379884 1.5 15 5 12 0 7 3 16 13 1 4 6 14 17 9 18 8 19 
9898473405 1.5 15 5 7 9 3 14 1 13 15 18 6 0 19 4 2 5 16 
4116901557 1.5 15 5 13 3 0 11 12 16 1 8 2 6 18 5 4 17 10 
6275037901 1.5 15 5 1 16 3 19 13 12 2 5 18 17 14 10 0 4 6 
201616446 1.5 15 5 13 12 18 16 1 11 5 10 6 17 19 9 3 15 14 
7169168551 1.5 15 5 3 18 8 5 11 10 12 16 0 2 7 6 13 14 19 
7385161445 1.5 15 5 17 3 5 13 10 18 6 7 1 4 19 11 2 15 0 
9786001699 1.5 15 5 2 6 16 0 18 19 15 7 17 13 10 11 8 1 12 
2282156280 1.5 15 5 14 4 3 12 19 17 11 5 2 0 13 6 18 9 16 
1291060452 1.5 15 5 8 5 3 19 0 11 16 18 12 13 10 2 14 4 6 
9328755122 1.5 15 5 12 9 13 14 17 15 1 10 19 18 5 6 2 11 16 
4875991956 1.5 15 5 11 19 14 6 0 12 3 15 18 4 2 16 7 8 9 
7671141090 1.5 15 5 3 8 9 6 14 11 19 18 5 4 17 13 7 12 16 
8751394188 1.5 15 5 12 2 8 9 15 10 7 14 6 16 17 19 0 13 3 
8259809013 1.5 15 5 2 15 7 10 19 12 3 11 8 13 1 4 17 14 5 
3176520218 1.5 15 5 11 3 6 18 19 7 4 5 9 8 12 10 13 15 17 
8758026194 1.5 15 5 8 19 17 3 5 2 0 7 12 16 11 9 18 1 4 
6799280260 1.5 15 5 15 4 8 1 16 13 17 10 7 19 6 18 5 14 3 
9467823986 1.5 15 5 0 9 15 6 14 13 7 18 11 10 16 17 12 19 5 
6011899151 1.5 15 5 11 13 8 2 14 0 19 17 15 12 10 6 3 5 1 
5959322511 1.5 15 5 11 5 4 17 19 16 7 0 13 6 14 15 12 3 2 
5113136296 1.5 15 5 6 11 3 17 0 5 9 15 2 4 14 13 1 10 8 
4848066817 1.5 15 5 8 0 4 1 17 16 3 11 10 5 2 9 18 12 7 
3151861016 1.5 15 5 3 4 0 15 19 14 18 13 12 1 9 17 6 8 11 
2291603150 1.5 15 5 18 17 6 1 9 13 0 5 4 15 14 2 11 7 16 
2144692130 1.5 15 5 1 7 3 14 18 5 15 12 4 9 11 2 17 13 10 
3950804475 1.5 15 5 2 10 0 18 13 1 8 19 14 6 16 15 12 5 17 
8886286628 1.5 15 5 12 2 11 15 18 14 10 0 17 13 19 7 4 5 8 
1840238996 1.5 15 5 1 15 9 4 16 6 8 17 18 14 3 2 5 12 11 
138196616 1.5 15 5 11 19 1 16 12 0 3 15 8 4 17 7 18 10 9 
5099544947 1.5 15 5 11 5 14 1 16 19 4 3 9 10 15 18 6 2 13 
4073253045 1.5 15 5 16 18 6 0 2 5 13 12 14 17 7 15 4 3 1 
10575839013 1.5 15 5 3 18 1 17 8 16 9 12 13 15 7 6 0 10 2 
7944069472 1.5 15 5 15 9 18 13 5 16 17 14 4 10 1 19 6 11 7 
10671381216 1.5 15 5 4 10 12 8 16 6 3 14 0 2 1 11 18 9 7 
1596784614 1.5 15 5 15 19 5 18 9 1 17 16 10 6 2 8 0 11 7 
9909496062 1.5 15 5 11 12 3 7 5 15 9 10 8 18 16 1 6 0 4 
10549031717 1.5 15 5 0 3 8 11 1 15 2 9 7 14 18 19 16 6 12 
4859507183 1.5 15 5 7 19 3 16 1 18 9 14 4 5 15 13 8 17 11 
9325096964 1.5 15 5 5 8 16 15 13 19 3 12 6 1 0 18 4 11 14 
287871167 1.5 15 5 0 10 18 8 4 15 5 2 19 7 3 9 1 14 6 
3445521796 1.5 15 5 3 17 16 14 19 6 2 4 15 7 12 8 18 1 9 
8412586797 1.5 15 5 13 12 9 16 6 8 5 3 0 11 1 14 17 19 10 
1439003831 1.5 15 5 8 16 10 19 15 18 5 6 1 7 14 9 11 3 17 
2887047557 1.5 15 5 0 11 9 10 15 17 1 19 2 12 16 3 4 5 18 
9900573989 1.5 15 5 6 4 5 15 10 9 18 14 1 8 17 3 19 13 7 
4834701772 1.5 15 5 15 9 6 16 14 17 2 10 5 0 8 12 13 4 19 
9375468169 1.5 15 5 10 19 17 1 2 15 9 5 8 4 13 12 3 14 18 
228893118 1.5 15 5 5 18 17 10 9 13 3 0 2 11 15 12 6 14 4 
3426871302 1.5 15 5 1 10 9 14 3 7 18 0 11 6 15 5 16 4 8 
1451985501 1.5 15 5 5 12 1 9 4 10 11 3 0 6 8 17 15 13 2 
7330345132 1.5 15 5 3 10 19 11 2 14 8 4 7 1 0 9 6 13 18 
7954357111 1.5 15 5 5 16 10 19 4 14 15 0 8 3 6 13 11 17 18 
2019166513 1.5 15 5 6 19 12 16 10 1 8 3 0 13 7 4 15 14 2 
673213813 1.5 15 5 2 5 17 10 6 14 4 3 1 19 16 9 8 11 18 
8257784946 1.5 15 5 9 13 16 0 3 12 17 6 7 4 19 2 8 5 11 
9711241630 1.5 15 5 2 14 13 15 12 10 16 17 5 6 19 4 1 8 11 
7727147155 1.5 15 5 15 3 11 13 12 2 9 1 4 0 6 17 19 8 5 
2207223480 1.5 15 5 0 8 1 17 10 6 12 7 3 9 19 2 18 11 14 
9711993886 1.5 15 5 19 15 14 13 3 11 2 7 16 9 5 6 8 12 1 
4801059127 1.5 15 5 13 2 14 18 9 17 0 8 3 7 19 12 4 10 6 
4021293856 1.5 15 5 1 4 16 15 6 9 7 13 17 12 0 5 8 19 3 
3748186307 1.5 15 5 15 5 0 14 11 19 10 7 8 16 18 12 17 2 9 
10289842196 1.5 15 5 8 18 1 0 9 3 4 5 7 11 6 15 13 19 12 
9515545067 1.5 15 5 3 13 2 14 1 8 5 15 17 7 10 4 18 9 12 
5018600434 1.5 15 5 6 18 5 8 4 3 2 19 11 0 7 16 12 1 10 
7924704432 1.5 15 5 18 0 13 1 11 12 5 6 9 8 7 19 15 4 2 
208977424 1.5 15 5 14 16 9 5 15 18 3 6 8 7 17 10 0 2 1 
2808603368 1.5 15 5 4 10 14 5 17 0 18 12 9 16 7 6 1 15 3 
3445858388 1.5 15 5 14 11 0 13 18 4 19 3 12 10 15 7 16 1 6 
8471077940 1.5 15 5 17 16 3 1 12 4 8 6 5 14 15 11 2 10 18 
2280140902 1.5 15 5 14 13 0 4 8 19 7 12 17 9 1 2 15 16 3 
10172316253 1.5 15 5 16 8 0 11 5 15 12 7 14 3 19 17 6 18 10 
188831950 1.5 15 5 18 10 11 9 13 1 0 14 17 16 3 4 19 5 12 
1465463273 1.5 15 5 9 2 14 17 15 0 16 1 7 6 12 11 5 13 4 
8966321322 1.5 15 5 9 1 3 18 11 8 16 5 10 2 17 0 12 7 6 
9861988131 1.5 15 5 18 14 5 10 6 11 0 9 7 12 15 19 13 2 8 
6547945179 1.5 15 5 9 5 14 7 18 2 6 15 0 10 3 16 8 13 12 
6513144533 1.5 15 5 3 13 19 16 7 1 12 6 11 17 0 14 2 5 9 
4384358277 1.5 15 5 16 2 12 1 8 7 17 0 18 6 13 5 9 10 14 
5131814863 1.5 15 5 17 11 5 16 3 14 2 18 19 10 0 9 13 6 7 
8727669044 1.5 15 5 10 11 5 12 9 4 2 15 17 1 8 6 0 19 3 
9049469249 1.5 15 5 2 15 13 3 11 17 18 0 9 10 5 19 1 7 16 
7995851742 1.5 15 5 12 0 2 11 5 9 13 8 18 6 16 19 3 17 1 
8739245682 1.5 15 5 7 0 17 13 14 4 2 9 10 8 16 18 12 3 15 
1454990909 1.5 15 5 14 10 0 3 15 4 5 12 17 8 1 11 13 7 2 
5762179605 1.5 15 5 15 14 13 9 11 18 1 8 2 4 17 3 10 0 7 
1145170453 1.5 15 5 6 12 14 18 11 19 9 4 3 13 16 15 17 1 5 
7129168323 1.5 15 5 18 8 9 7 0 2 17 19 3 4 15 13 12 6 1 
3690724429 1.5 15 5 13 0 12 6 1 8 7 15 10 4 17 3 11 18 16 
8289193095 1.5 15 5 8 17 3 0 18 7 10 16 6 15 19 12 5 14 13 
10737077043 1.5 15 5 14 4 0 17 6 9 8 13 7 2 16 12 11 18 15 
1448123297 1.5 15 5 16 5 14 7 0 18 19 4 10 11 3 2 17 13 8 
5955560841 1.5 15 5 15 9 5 7 10 18 8 19 3 17 16 14 0 4 13 
7278293120 1.5 15 5 10 2 11 14 17 6 5 9 15 13 3 18 12 0 16 
1627766431 1.5 15 5 14 15 8 17 5 4 9 6 16 12 1 19 3 13 18 
10032851246 1.5 15 5 13 1 18 4 12 0 17 3 8 9 15 6 14 16 11 
806611205 1.5 15 5 19 9 14 13 1 3 16 2 0 5 4 10 7 17 6 
3011814795 1.5 15 5 19 2 18 17 5 15 7 9 13 1 3 4 6 16 11 
2393027265 1.5 15 5 4 19 18 12 16 15 14 1 9 13 10 8 6 3 0 
10265313565 1.5 15 5 8 10 7 1 6 4 13 14 16 0 17 12 11 2 5 
1957586191 1.5 15 5 15 6 13 16 17 10 19 5 7 9 8 4 1 14 18 
2973344415 1.5 15 5 9 7 12 19 15 4 5 0 3 2 8 1 17 10 16 
7422710767 1.5 15 5 11 18 8 2 16 12 13 4 6 9 15 19 17 3 10 
8406245324 1.5 15 5 3 10 1 9 12 13 15 0 19 6 8 11 5 14 17 
2250283164 1.5 15 5 7 5 1 16 9 14 17 3 12 6 2 0 15 19 13 
9767965524 1.5 15 5 2 14 13 16 12 18 17 7 10 11 8 5 6 4 3 
5271359391 1.5 15 5 11 19 14 18 5 9 4 3 10 0 12 15 6 7 8 
6294701732 1.5 15 5 1 11 18 13 0 15 19 6 14 8 7 9 16 12 4 
5813666013 1.5 15 5 17 14 8 18 2 5 10 3 7 1 9 13 11 12 6 
4023127289 1.5 15 5 12 5 15 0 4 16 6 19 2 11 3 7 18 13 1 
2561240198 1.5 15 5 6 8 18 14 15 4 0 12 19 16 10 5 7 1 9 
2472273407 1.5 15 5 0 8 6 4 13 15 11 12 1 7 14 3 9 5 18 
10606789610 1.5 15 5 10 0 3 19 13 1 2 11 5 4 7 14 16 12 17 
10056871080 1.5 15 5 1 12 19 0 5 7 9 6 18 16 3 13 14 4 17 
131110848 1.5 15 5 10 1 19 2 4 17 14 0 12 3 7 15 8 11 9 
3960330715 1.5 15 5 0 2 3 7 16 11 8 14 1 12 5 6 18 17 9 
4625441377 1.5 15 5 8 2 10 18 12 1 14 17 9 11 4 19 0 15 16 
8667551464 1.5 15 5 11 10 0 4 16 19 1 7 18 3 15 2 17 8 5 
3203962862 1.5 15 5 18 6 16 12 19 13 5 7 15 17 3 8 1 14 4 
7993686656 1.5 15 5 11 14 18 5 3 4 16 6 12 10 0 1 17 7 8 
9337903954 1.5 15 5 11 10 5 18 7 15 19 16 17 0 6 9 12 4 8 
5892515146 1.5 15 5 8 13 4 6 17 9 10 11 2 18 3 7 12 19 16 
6342386075 1.5 15 5 2 17 6 15 16 8 7 3 18 13 0 5 19 10 4 
6327960394 1.5 15 5 7 4 13 5 0 3 18 6 10 12 8 9 19 2 16 
9070395760 1.5 15 5 17 7 10 1 12 11 9 0 16 3 14 8 6 15 5 
8981378096 1.5 15 5 11 8 0 14 13 16 3 18 12 19 5 1 15 2 6 
4113488438 1.5 15 5 1 5 15 8 2 3 12 0 4 7 10 18 14 11 9 
9368548590 1.5 15 5 19 0 7 3 17 16 4 10 8 1 15 11 9 5 13 
6490214814 1.5 15 5 1 0 6 5 9 15 17 19 11 14 13 3 18 8 12 
9918645448 1.5 15 5 11 12 15 5 2 17 9 0 4 10 19 16 8 7 18 
61100605 1.5 15 5 12 0 9 17 8 13 11 16 5 3 4 14 10 1 6 
9563392456 1.5 15 5 15 0 11 4 8 9 7 6 2 19 17 14 16 18 12 
10463758150 1.5 15 5 1 4 7 0 18 12 8 16 15 5 9 13 14 3 19 
1387558368 1.5 15 5 0 18 16 1 19 2 5 7 15 3 12 9 14 4 8 
10737026942 1.5 15 5 15 13 7 3 4 2 12 17 10 18 14 6 1 9 0 
897613542 1.5 15 5 13 8 6 18 5 1 4 10 3 15 11 0 2 12 17 
5754187431 1.5 15 5 10 7 2 16 17 19 1 6 14 12 8 3 13 0 18 
7983002482 1.5 15 5 3 5 18 19 14 8 1 0 12 11 2 17 10 15 9 
9917809231 1.5 15 5 13 18 1 10 12 5 14 19 6 11 8 17 7 3 9 
2766864971 1.5 15 5 5 9 2 16 15 11 10 7 1 3 0 17 13 8 12 
6925254225 1.5 15 5 4 7 14 15 19 0 5 10 17 11 12 8 13 3 6 
8958084316 1.5 15 5 13 16 14 1 11 17 6 19 12 8 5 18 7 3 15 
1566786502 1.5 15 5 2 3 6 0 8 7 12 1 11 13 17 16 15 4 9 
3134744785 1.5 15 5 6 15 10 17 1 16 4 3 0 5 7 8 13 18 14 
9673039565 1.5 15 5 2 0 6 5 14 16 18 17 1 12 11 8 13 3 10 
4301555865 1.5 15 5 10 0 4 12 1 7 18 2 5 16 13 9 3 14 17 
8958104261 1.5 15 5 16 6 9 0 12 1 10 4 11 8 18 2 7 13 3 
3689712725 1.5 15 5 18 10 7 11 5 15 13 6 2 0 12 1 8 19 14 
1048235597 1.5 15 5 9 10 11 19 18 7 17 6 16 5 13 15 8 12 4 
4334630875 1.5 15 5 18 8 5 4 6 19 9 15 2 12 11 16 14 7 1 
7285429886 1.5 15 5 2 1 7 8 0 12 15 4 5 17 16 10 3 6 18 
2044096958 1.5 15 5 11 8 13 17 3 18 6 15 16 9 12 7 0 4 2 
9303879516 1.5 15 5 19 6 1 12 17 18 7 14 4 8 2 13 5 10 15 
8168578180 1.5 15 5 19 1 0 8 16 6 12 10 15 5 11 7 4 3 13 
8850749935 1.5 15 5 16 2 1 11 0 4 17 13 3 12 7 19 9 6 5 
7405451434 1.5 15 5 12 7 8 2 16 1 17 0 9 5 13 10 3 4 14 
1777978838 1.5 15 5 19 2 7 1 6 9 17 12 16 13 0 11 4 18 8 
3842562797 1.5 15 5 2 9 3 13 7 10 19 5 18 17 0 1 14 16 12 
6567044731 1.5 15 5 2 12 0 18 4 16 17 15 6 3 7 9 5 19 8 
2580853229 1.5 15 5 4 19 6 8 17 18 16 3 1 9 10 14 2 13 12 
8264579574 1.5 15 5 12 15 17 16 0 7 14 10 4 18 6 11 19 9 8 
4696396213 1.5 15 5 7 11 17 14 13 0 3 1 12 15 8 6 18 5 9 
9491223896 1.5 15 5 6 8 15 5 16 9 12 11 14 7 2 0 19 3 18 
6018881898 1.5 15 5 11 10 13 6 4 7 18 5 19 12 2 0 1 15 14 
6979642864 1.5 15 5 16 15 3 14 10 5 7 19 12 4 2 6 17 9 1 
150582672 1.5 15 5 11 10 14 4 0 6 1 2 3 18 16 19 17 12 5 
8406957650 1.5 15 5 10 14 4 5 13 1 0 3 2 19 9 16 7 8 18 
8940913263 1.5 15 5 8 9 6 10 18 7 16 17 3 13 0 15 5 14 2 
6414654001 1.5 15 5 10 3 17 18 1 6 16 11 7 8 9 2 13 14 19 
4419013194 1.5 15 5 11 10 15 13 9 12 16 17 7 18 1 0 2 5 4 
10321540225 1.5 15 5 3 13 4 7 2 10 6 16 5 0 15 9 19 14 11 
10485232773 1.5 15 5 7 6 15 4 19 18 5 14 11 2 13 0 12 8 16 
1382208683 1.5 15 5 19 1 5 10 13 2 11 3 9 18 4 15 16 0 7 
8413638756 1.5 15 5 6 19 15 9 11 17 5 4 7 14 18 10 3 13 12 
10110991501 1.5 15 5 14 5 17 10 6 18 1 12 8 2 16 0 13 11 7 
5818670977 1.5 15 5 12 5 3 8 4 19 10 6 9 16 17 14 15 11 2 
2762295401 1.5 15 5 3 10 7 12 11 8 17 19 5 14 0 2 1 6 9 
108194933 1.5 15 5 16 1 17 13 4 10 7 6 11 18 0 2 3 8 9 
3549917380 1.5 15 5 3 5 6 8 9 13 14 11 1 19 18 0 15 12 17 
6334472333 1.5 15 5 14 5 2 13 11 0 10 1 9 4 12 17 6 16 7 
2139658726 1.5 15 5 2 7 15 5 4 14 19 8 18 6 10 9 17 1 0 
2980761659 1.5 15 5 13 6 0 16 8 18 14 1 12 7 15 11 5 4 3 
10156640231 1.5 15 5 8 6 19 11 9 4 13 16 18 2 14 7 5 10 0 
9510385908 1.5 15 5 4 13 14 17 7 0 9 15 11 12 19 3 6 18 1 
941365582 1.5 15 5 19 7 2 1 10 6 8 5 11 15 17 3 14 16 4 
2022052518 1.5 15 5 10 13 11 3 14 18 5 12 7 9 16 15 17 6 1 
8045188646 1.5 15 5 1 18 17 4 19 3 8 10 0 15 14 11 6 12 2 
6810118668 1.5 15 5 15 13 14 8 17 4 11 16 18 12 3 19 0 6 10 
9885822622 1.5 15 5 12 4 19 13 5 18 3 11 15 2 10 1 8 16 17 
3030967905 1.5 15 5 11 19 9 16 14 10 5 12 0 2 3 1 13 8 18 
8378753458 1.5 15 5 16 0 9 14 5 4 10 1 7 3 17 15 8 13 18 
4176732040 1.5 15 5 4 0 7 13 18 16 11 12 14 5 6 19 8 10 15 
2538481994 1.5 15 5 2 9 1 16 11 19 3 8 18 0 5 12 10 4 13 
3347782504 1.5 15 5 10 13 15 4 2 5 18 8 7 9 16 12 11 14 17 
5882041312 1.5 15 5 14 16 1 15 4 3 18 11 13 7 9 10 19 0 17 
1653171032 1.5 15 5 10 16 1 17 19 7 9 4 6 18 0 15 13 3 11 
9848795245 1.5 15 5 10 12 5 8 3 4 1 15 2 16 17 7 9 11 0 
4375722251 1.5 15 5 18 4 11 1 14 7 2 3 12 17 6 13 19 0 9 
6580120758 1.5 15 5 6 14 15 5 12 1 0 2 16 7 17 18 11 13 19 
318287353 1.5 15 5 16 14 3 15 10 8 5 9 0 13 18 2 19 17 6 
6182677525 1.5 15 5 8 5 3 12 0 6 4 18 10 2 16 7 13 19 15 
6662328005 1.5 15 5 3 19 13 6 16 14 17 5 7 1 9 4 12 2 8 
9413241340 1.5 15 5 1 13 15 9 12 18 17 8 0 2 6 14 3 5 19 
4014460631 1.5 15 5 9 17 7 16 10 3 13 5 4 19 2 14 8 0 11 
7415062013 1.5 15 5 6 11 13 2 0 8 12 3 15 17 9 4 10 19 1 
9081748074 1.5 15 5 1 11 17 18 9 14 16 5 2 13 3 12 7 0 10 
3047681254 1.5 15 5 4 3 10 19 1 8 9 11 0 5 14 18 7 17 12 
2451540185 1.5 15 5 2 17 11 19 1 6 12 15 8 14 18 9 4 3 16 
9852592553 1.5 15 5 14 18 1 0 6 9 7 5 10 4 19 16 17 2 12 
7697335928 1.5 15 5 15 16 19 7 17 5 18 2 10 11 12 9 4 3 0 
8602243615 1.5 15 5 2 17 7 19 5 9 14 13 11 18 8 16 1 15 4 
2911963783 1.5 15 5 14 9 5 1 8 16 6 4 11 2 19 12 0 3 17 
7469378681 1.5 15 5 7 12 14 4 16 0 15 8 11 3 6 18 2 13 10 
335254918 1.5 15 5 5 15 9 7 19 3 1 18 6 0 12 10 4 2 16 
3605802093 1.5 15 5 15 8 13 9 18 19 2 16 5 12 6 7 11 10 14 
1104803792 1.5 15 5 17 14 18 3 15 11 12 6 5 1 10 9 0 19 13 
4069902873 1.5 15 5 8 16 14 3 15 2 1 5 9 0 12 7 6 4 19 
671340157 1.5 15 5 16 15 11 7 17 1 18 13 4 8 3 2 12 10 5 
10518721292 1.5 15 5 13 10 17 7 16 14 11 15 8 6 12 0 19 5 9 
8123249019 1.5 15 5 18 1 5 19 12 6 8 11 7 10 17 0 9 13 14 
1358670177 1.5 15 5 4 7 11 1 13 10 0 5 9 14 12 2 3 8 15 
1268571283 1.5 15 5 13 17 10 0 15 3 7 8 11 6 16 12 19 5 4 
6423289878 1.5 15 5 17 7 18 16 4 5 9 15 3 11 13 10 12 8 14 
7645157844 1.5 15 5 13 3 11 14 2 8 12 6 17 19 4 5 18 16 10 
8291527397 1.5 15 5 5 17 10 11 15 2 1 0 4 6 3 7 8 19 16 
2406757803 1.5 15 5 7 9 14 10 3 4 2 16 19 12 18 8 1 13 5 
872478884 1.5 15 5 11 4 10 14 16 6 17 7 15 1 3 8 13 19 5 
4043499378 1.5 15 5 14 6 17 4 0 9 15 7 19 5 13 2 3 11 10 
1312335579 1.5 15 5 12 2 14 11 18 8 7 9 16 15 3 19 17 13 0 
4544649973 1.5 15 5 5 15 2 0 16 6 12 17 9 10 11 4 3 7 13 
473562142 1.5 15 5 10 7 2 12 11 9 13 19 6 14 8 1 17 3 18 
3888203469 1.5 15 5 12 16 1 9 19 4 13 5 11 15 2 8 7 10 18 
9874684904 1.5 15 5 19 10 14 4 3 1 5 0 13 17 18 15 9 12 7 
5433845437 1.5 15 5 19 18 3 0 8 7 15 2 1 13 10 9 14 4 6 
10016478677 1.5 15 5 6 9 10 7 1 8 18 3 16 4 0 17 5 15 19 
7359561579 1.5 15 5 15 19 12 4 5 6 13 0 7 1 14 11 3 10 16 
6176723005 1.5 15 5 9 10 5 4 14 13 1 11 16 6 18 17 7 12 0 
336528874 1.5 15 5 17 7 15 16 8 10 14 6 5 0 13 12 19 18 9 
6876568852 1.5 15 5 19 12 17 1 13 2 5 15 9 7 11 8 3 6 4 
2300758837 1.5 15 5 12 10 15 0 5 18 19 9 4 6 17 11 7 16 13 
9389933787 1.5 15 5 15 17 10 0 3 2 4 6 19 18 13 14 8 11 16 
10253139346 1.5 15 5 3 18 17 7 8 16 15 5 10 19 1 14 9 13 6 
7384801568 1.5 15 5 19 10 3 1 9 14 2 17 13 15 6 8 18 5 12 
8113864419 1.5 15 5 3 6 9 13 2 16 10 15 0 17 18 19 1 14 4 
6434156975 1.5 15 5 9 13 1 11 18 10 7 0 12 6 4 5 8 17 14 
5886003904 1.5 15 5 11 19 7 0 2 1 17 16 14 18 5 12 10 13 3 
52773509 1.5 15 5 17 18 11 13 2 14 12 9 6 3 1 10 19 0 15 
4781571537 1.5 15 5 15 5 18 9 16 4 10 11 3 6 0 7 1 19 8 
7048052572 1.5 15 5 16 13 18 12 6 4 10 3 0 2 8 19 7 17 1 
727038005 1.5 15 5 16 5 9 8 11 0 4 13 3 14 15 2 7 19 6 
504662267 1.5 15 5 14 2 17 6 16 8 9 18 11 1 5 19 0 10 3 
1849395853 1.5 15 5 13 8 0 16 7 15 12 18 1 14 19 10 4 9 6 
7336328352 1.5 15 5 5 18 11 8 1 4 2 12 14 15 7 17 13 3 6 
9483134581 1.5 15 5 13 12 0 16 11 10 17 1 6 2 5 7 4 14 15 
6054605249 1.5 15 5 13 4 5 10 15 14 3 8 17 2 18 11 16 19 6 
10328426556 1.5 15 5 0 2 9 1 17 14 5 4 6 18 16 15 3 11 10 
8984118240 1.5 15 5 10 16 17 13 6 1 7 2 0 3 14 4 19 11 8 
827322979 1.5 15 5 15 8 2 10 11 7 5 6 3 12 13 18 9 0 1 
7817086786 1.5 15 5 18 6 4 15 9 8 7 12 5 14 11 2 19 0 1 
6602283108 1.5 15 5 4 6 0 14 2 8 5 7 16 19 11 12 3 10 17 
10353992580 1.5 15 5 3 19 0 17 16 6 12 5 10 1 18 15 4 9 11 
10255881414 1.5 15 5 17 0 8 11 16 9 15 18 1 6 7 10 4 14 3 
6859094119 1.5 15 5 2 0 6 11 17 15 9 4 14 3 5 8 1 19 13 
808790924 1.5 15 5 10 7 13 19 8 18 6 16 0 1 12 3 11 9 5 
1964024814 1.5 15 5 13 3 5 16 7 8 15 2 14 6 4 1 19 10 18 
7361805974 1.5 15 5 1 15 9 18 10 0 16 19 2 13 17 8 12 14 6 
7503504839 1.5 15 5 19 16 7 12 17 15 8 11 1 13 4 5 3 10 18 
8355297693 1.5 15 5 10 4 3 18 12 13 5 14 7 6 8 9 11 2 15 
2776908880 1.5 15 5 14 5 16 6 0 15 11 17 9 19 12 2 4 1 7 
4645665474 1.5 15 5 2 3 14 13 17 9 19 7 18 11 0 10 1 6 12 
4253619997 1.5 15 5 18 15 1 19 4 10 16 2 0 6 9 3 14 13 8 
4387008920 1.5 15 5 6 13 12 8 16 15 4 11 14 17 3 0 18 19 2 
7699648753 1.5 15 5 12 15 2 0 1 6 8 14 7 19 16 18 11 3 5 
4519462338 1.5 15 5 12 7 8 19 18 4 5 1 0 15 3 11 9 6 13 
5288535961 1.5 15 5 5 12 8 6 19 7 16 13 0 14 9 18 4 2 15 
2987635861 1.5 15 5 4 12 14 9 3 7 18 16 17 13 8 10 15 1 19 
7773000865 1.5 15 5 13 19 2 4 18 17 10 5 12 6 8 7 16 14 11 
4614347804 1.5 15 5 17 15 13 0 9 19 6 3 12 11 16 7 4 8 1 
4237093692 1.5 15 5 15 10 19 12 17 3 14 11 6 7 9 5 2 16 13 
10639319640 1.5 15 5 15 16 14 2 3 13 12 19 4 7 10 0 5 1 6 
649255238 1.5 15 5 3 12 5 14 13 10 16 11 1 9 4 7 18 6 8 
8577667841 1.5 15 5 19 10 12 9 3 11 0 15 7 5 1 2 4 16 13 
5752744550 1.5 15 5 2 8 19 10 13 0 7 1 16 5 17 15 18 12 9 
3362403882 1.5 15 5 13 1 12 9 4 6 18 17 2 3 0 10 7 5 16 
10051852274 1.5 15 5 13 2 8 17 14 11 19 6 18 7 10 9 4 0 16 
4327193542 1.5 15 5 15 18 17 4 13 12 16 5 1 7 0 6 11 9 2 
4206614621 1.5 15 5 3 13 8 19 1 17 4 5 14 9 15 2 0 7 12 
777710105 1.5 15 5 4 14 2 10 13 12 19 18 6 11 1 9 3 16 7 
500474171 1.5 15 5 19 5 2 6 18 12 9 17 13 3 4 8 7 16 11 
7861937505 1.5 15 5 7 18 12 19 8 6 9 15 3 0 5 17 4 1 13 
5755934852 1.5 15 5 14 1 4 12 18 16 13 15 6 17 19 3 7 2 5 
3049432228 1.5 15 5 12 0 5 17 10 16 2 3 13 1 11 14 18 19 7 
746182224 1.5 15 5 15 2 10 5 8 3 14 4 6 18 12 9 7 16 17 
808601924 1.5 15 5 1 9 4 0 12 10 18 19 2 14 17 3 13 16 6 
907784774 1.5 15 5 13 2 15 6 19 4 12 18 7 1 10 0 5 16 14 
288810343 1.5 15 5 0 3 12 2 11 7 16 10 15 1 4 13 14 17 19 
9136081158 1.5 15 5 6 1 19 5 0 16 8 11 15 12 10 2 7 17 14 
1236478317 1.5 15 5 6 10 3 18 19 7 12 15 5 0 9 11 14 2 17 
6491081624 1.5 15 5 7 18 10 8 16 9 14 4 17 5 0 2 1 15 6 
3186059972 1.5 15 5 0 3 8 10 18 12 4 15 14 5 16 6 7 2 1 
7671249859 1.5 15 5 18 11 8 5 12 1 13 10 3 0 17 4 15 2 6 
4255303705 1.5 15 5 10 14 9 13 11 8 15 3 4 6 19 0 17 7 16 
6714402718 1.5 15 5 1 14 12 4 7 3 17 16 5 0 9 6 10 13 2 
8800242031 1.5 15 5 13 3 14 12 10 0 18 19 7 16 6 1 11 5 9 
6817468081 1.5 15 5 15 2 14 11 16 9 5 17 6 3 1 13 0 7 10 
1118485478 1.5 15 5 13 19 6 3 7 2 17 18 5 9 11 16 8 0 10 
5981936971 1.5 15 5 16 13 9 4 1 15 12 10 17 6 3 7 5 18 0 
295247565 1.5 15 5 10 13 11 2 9 12 0 16 7 5 15 18 8 4 1 
1369993377 1.5 15 5 1 14 19 12 5 0 10 8 18 7 16 15 4 3 17 
4097882567 1.5 15 5 12 11 1 3 0 4 6 5 18 8 2 13 10 15 19 
3243281974 1.5 15 5 6 15 3 8 19 0 13 18 11 10 12 17 16 1 9 
1060172241 1.5 15 5 7 3 14 19 1 9 16 5 12 11 15 18 6 4 13 
1215005557 1.5 15 5 8 4 7 19 3 12 5 9 15 14 10 6 13 11 16 
7264240235 1.5 15 5 16 19 18 9 4 10 3 15 2 0 12 7 13 17 1 
8087014353 1.5 15 5 14 3 4 2 12 15 6 16 8 18 7 5 9 13 10 
7802846603 1.5 15 5 7 10 16 3 18 6 5 8 19 14 9 12 1 15 13 
10035146960 1.5 15 5 12 13 8 1 19 5 9 18 7 3 10 17 6 16 11 
7936210998 1.5 15 5 14 2 18 15 10 19 7 8 11 9 1 17 12 6 0 
8122225729 1.5 15 5 4 12 18 6 9 13 14 2 10 15 1 5 3 19 16 
861425606 1.5 15 5 5 13 12 17 8 7 16 3 0 1 9 14 10 4 11 
2790250359 1.5 15 5 18 14 10 2 19 12 13 8 9 7 11 17 6 0 5 
3805925171 1.5 15 5 2 18 13 6 4 16 0 9 17 14 8 11 3 7 12 
1910900740 1.5 15 5 18 17 5 15 1 10 8 19 7 0 11 9 4 2 14 
8438516964 1.5 15 5 11 14 0 18 16 4 2 12 13 5 3 1 17 7 10 
10322851781 1.5 15 5 12 15 19 14 3 13 6 16 17 0 9 7 10 2 8 
4423344190 1.5 15 5 3 15 12 4 14 1 2 10 7 19 5 18 9 0 17 
1786304118 1.5 15 5 0 6 11 16 15 7 2 14 17 1 8 4 9 5 19 
1987628764 1.5 15 5 6 9 7 8 10 4 0 16 13 2 5 1 15 18 11 
145733493 1.5 15 5 17 5 11 6 13 3 8 2 1 7 9 14 0 4 15 
10630472765 1.5 15 5 12 15 6 16 0 14 5 18 11 13 7 4 1 19 2 
1034336218 1.5 15 5 5 2 17 16 4 18 19 9 10 12 0 3 6 14 15 
6305581836 1.5 15 5 8 2 14 12 10 7 6 3 4 1 15 19 9 11 13 
657782547 1.5 15 5 18 6 15 12 19 0 7 17 4 1 8 9 13 16 10 
531678208 1.5 15 5 2 16 10 9 1 8 15 7 17 13 6 4 0 5 3 
2209657319 1.5 15 5 13 3 4 1 18 9 17 6 19 8 7 0 5 12 2 
10081821351 1.5 15 5 14 0 9 13 16 4 19 7 15 18 5 8 17 10 11 
7668403234 1.5 15 5 12 8 11 6 13 16 3 9 4 1 2 5 14 15 0 
4261937206 1.5 15 5 7 19 0 6 5 11 13 10 1 16 3 17 9 18 12 
6312047157 1.5 15 5 4 2 18 8 7 17 5 6 12 19 3 9 15 14 10 
10432689345 1.5 15 5 0 16 15 13 17 18 4 3 9 5 1 6 2 14 8 
7434601055 1.5 15 5 15 8 13 19 6 14 2 11 3 5 17 0 12 1 16 
3777070033 1.5 15 5 3 14 12 19 1 7 9 18 2 0 13 10 11 4 6 
6772047129 1.5 15 5 10 19 14 11 5 18 15 3 9 6 1 7 12 13 4 
1008280802 1.5 15 5 12 13 8 7 17 19 9 18 2 1 3 6 15 5 16 
3340812647 1.5 15 5 13 7 14 9 17 19 3 18 16 12 6 0 1 5 10 
7991416544 1.5 15 5 6 12 16 15 9 0 13 17 10 1 7 5 18 4 2 
4334014461 1.5 15 5 18 7 16 4 13 12 6 3 8 19 0 11 14 2 9 
3877827686 1.5 15 5 7 16 3 15 12 13 18 19 8 0 6 17 2 1 10 
8936581463 1.5 15 5 11 5 17 6 2 7 14 0 3 13 12 15 9 19 8 
5378861037 1.5 15 5 8 6 11 14 5 18 4 13 15 1 19 0 17 10 7 
2547991264 1.5 15 5 19 5 7 17 8 4 18 11 9 12 14 2 13 0 3 
5070924040 1.5 15 5 5 6 0 14 11 18 13 12 19 17 7 15 10 16 1 
8515137783 1.5 15 5 3 0 19 16 13 9 6 10 2 7 18 17 1 14 15 
3047125056 1.5 15 5 11 12 1 18 10 2 14 16 15 13 7 3 9 8 5 
9045500308 1.5 15 5 7 17 2 8 10 11 13 1 19 6 18 4 0 3 15 
429663270 1.5 15 5 6 12 8 11 17 5 13 18 1 0 15 7 10 19 9 
2908519041 1.5 15 5 12 17 7 4 19 10 0 18 14 16 5 11 1 9 3 
3860717467 1.5 15 5 18 13 1 2 16 4 10 0 3 5 14 11 19 6 12 
3381407236 1.5 15 5 11 8 9 15 19 17 6 3 1 13 7 5 2 12 4 
9576389282 1.5 15 5 17 8 7 1 15 2 6 4 12 11 10 9 13 3 5 
7975052679 1.5 15 5 3 17 9 4 11 18 13 19 12 16 6 7 15 14 2 
3717156427 1.5 15 5 2 18 10 4 9 8 16 5 15 14 17 13 6 7 1 
10598447186 1.5 15 5 8 19 0 16 9 7 13 15 18 12 14 17 2 4 3 
2726228145 1.5 15 5 7 5 18 3 10 19 17 8 9 13 15 6 2 11 16 
559093466 1.5 15 5 13 15 12 14 17 18 7 2 5 10 6 1 8 9 16 
4913669242 1.5 15 5 17 4 19 11 13 6 15 12 9 16 3 7 18 5 10 
8563759103 1.5 15 5 0 8 19 14 3 5 4 10 16 15 12 6 13 7 2 
5409591125 1.5 15 5 15 6 14 11 5 1 12 3 9 10 4 18 8 0 2 
2038507240 1.5 15 5 2 18 13 6 1 4 15 12 11 7 10 9 5 0 8 
8381351531 1.5 15 5 18 7 13 17 14 12 9 6 3 4 11 0 1 10 16 
4089210443 1.5 15 5 2 7 10 16 11 5 4 12 18 3 17 0 13 15 8 
9031669319 1.5 15 5 16 5 10 1 12 9 3 17 4 2 7 11 13 15 14 
2267778446 1.5 15 5 6 1 5 8 17 10 16 9 19 7 15 3 14 4 11 
8028670645 1.5 15 5 15 18 9 6 19 11 2 10 7 13 16 3 0 4 17 
6227551193 1.5 15 5 18 13 3 4 12 17 1 8 5 15 0 9 11 2 7 
2532336851 1.5 15 5 7 13 4 14 0 15 12 2 19 18 8 9 16 10 11 
106313947 1.5 15 5 7 18 2 3 11 10 4 15 6 5 19 16 13 0 12 
8606916464 1.5 15 5 9 11 15 2 6 18 1 5 14 13 8 7 16 3 17 
2678158698 1.5 15 5 10 19 8 1 11 2 5 15 7 3 14 18 0 6 9 
1398476793 1.5 15 5 5 10 12 7 4 15 19 16 8 14 1 11 6 9 18 
9175082508 1.5 15 5 2 5 18 13 10 19 3 9 15 11 6 17 8 12 4 
7916228789 1.5 15 5 8 19 16 9 1 12 5 3 10 0 13 17 14 18 6 
6606934923 1.5 15 5 14 5 2 18 6 19 1 8 13 16 0 9 15 3 12 
3078600966 1.5 15 5 9 4 0 18 5 3 16 11 7 6 15 14 10 17 2 
6083641933 1.5 15 5 15 14 13 12 16 17 3 18 8 0 7 11 1 19 6 
1797159541 1.5 15 5 4 19 2 11 3 15 18 12 8 17 14 10 13 0 5 
7316636111 1.5 15 5 8 10 18 15 13 6 4 14 17 19 11 5 1 7 0 
148759546 1.5 15 5 9 6 0 10 16 3 4 2 11 15 12 8 13 17 1 
8476886471 1.5 15 5 9 17 2 8 15 5 14 3 19 16 7 13 18 0 12 
3666943440 1.5 15 5 16 7 18 10 8 11 3 2 1 19 4 6 17 13 9 
8393152195 1.5 15 5 13 17 15 5 4 11 9 1 19 16 0 3 18 6 12 
7212697197 1.5 15 5 12 14 13 9 11 0 4 16 3 1 17 6 7 10 19 
5474940711 1.5 15 5 19 3 14 1 17 18 13 16 12 10 2 15 0 11 5 
4116318541 1.5 15 5 14 4 17 2 12 18 8 0 3 1 13 10 9 15 19 
1712975278 1.5 15 5 18 0 12 2 11 13 3 7 8 17 1 5 6 19 9 
8333266211 1.5 15 5 15 7 18 19 17 16 14 10 12 6 2 5 9 4 3 
2042088183 1.5 15 5 0 9 3 6 11 16 7 14 10 18 17 2 1 4 5 
9754637319 1.5 15 5 19 16 5 4 15 6 8 10 14 7 0 11 18 17 2 
8194490694 1.5 15 5 6 16 14 13 9 18 15 19 3 4 0 17 8 1 12 
4123005946 1.5 15 5 17 7 6 12 14 4 0 13 2 1 3 18 15 10 16 
9731558057 1.5 15 5 7 0 3 14 8 18 15 19 5 6 4 17 9 16 1 
8128450052 1.5 15 5 15 0 16 11 4 19 1 17 18 8 13 14 10 6 12 
3521928056 1.5 15 5 4 14 1 11 8 0 2 15 16 13 3 10 9 6 7 
5513822184 1.5 15 5 19 9 15 8 0 5 14 12 11 4 10 13 16 2 18 
9964306177 1.5 15 5 11 8 3 19 7 15 1 6 16 17 18 5 13 0 14 
7749334354 1.5 15 5 14 15 12 7 17 16 4 10 9 2 6 13 1 3 8 
320380244 1.5 15 5 7 13 16 4 1 18 15 12 0 10 6 19 5 9 8 
5571652879 1.5 15 5 11 16 13 15 10 8 9 14 2 6 18 3 17 12 4 
8998204452 1.5 15 5 8 11 10 0 16 9 17 3 4 18 13 19 5 12 2 
9931956851 1.5 15 5 10 18 12 15 17 8 3 9 0 11 13 1 4 6 16 
4311982117 1.5 15 5 19 10 7 12 14 11 2 1 15 16 6 13 3 0 18 
4409276930 1.5 15 5 18 1 16 2 11 7 8 0 13 15 4 9 17 14 12 
9578595414 1.5 15 5 12 2 18 13 9 16 11 3 15 8 14 10 7 19 4 
1907903304 1.5 15 5 15 6 14 19 2 13 10 12 9 3 4 0 5 16 8 
1311254076 1.5 15 5 7 18 8 16 19 2 5 10 3 12 11 0 13 17 6 
3960455193 1.5 15 5 4 18 10 19 2 11 8 6 15 1 3 7 14 12 17 
3592057526 1.5 15 5 18 10 17 11 7 12 9 13 0 16 6 15 5 3 8 
6409210280 1.5 15 5 2 0 15 1 11 6 4 16 5 9 8 7 17 3 14 
4657335390 1.5 15 5 10 6 12 2 9 4 7 0 17 11 3 14 15 16 19 
6777439771 1.5 15 5 3 16 1 2 13 0 4 17 5 11 18 9 8 12 7 
4346983860 1.5 15 5 9 10 4 14 7 5 2 18 16 1 15 0 19 8 11 
8532454496 1.5 15 5 12 19 10 9 2 11 3 13 5 6 1 15 4 8 18 
6733717515 1.5 15 5 4 18 12 19 5 15 17 3 2 6 8 0 7 14 16 
6975001522 1.5 15 5 19 18 14 6 5 11 16 15 2 1 13 3 8 7 17 
211565963 1.5 15 5 17 16 11 14 2 0 7 5 12 9 10 19 15 3 4 
2132518399 1.5 15 5 6 4 11 3 16 1 18 15 13 5 2 17 7 9 14 
7068395328 1.5 15 5 13 8 7 16 2 0 1 15 18 10 6 17 9 14 12 
2087940951 1.5 15 5 8 0 5 9 12 11 16 18 2 10 17 4 13 6 14 
865093966 1.5 15 5 17 5 18 0 4 10 19 16 13 8 11 14 1 7 6 
3129437784 1.5 15 5 7 12 16 1 10 2 3 14 0 15 13 8 9 17 5 
8910221529 1.5 15 5 17 10 7 9 8 14 0 4 15 19 6 18 2 3 11 
8576577057 1.5 15 5 3 1 14 2 4 16 19 7 11 6 13 12 8 5 10 
1993529526 1.5 15 5 13 19 6 10 18 2 16 17 15 3 7 1 14 11 0 
8034728889 1.5 15 5 16 12 11 17 6 18 5 1 13 8 7 4 2 9 19 
7871257807 1.5 15 5 9 15 18 1 11 12 2 3 5 4 7 0 6 8 17 
3368247261 1.5 15 5 12 2 3 9 6 7 18 4 8 19 17 10 0 5 14 
3645833850 1.5 15 5 5 11 18 10 3 15 12 17 0 4 2 8 13 9 16 
897925591 1.5 15 5 11 9 1 18 2 7 8 16 13 12 5 10 3 4 14 
9782742307 1.5 15 5 17 7 4 12 1 3 13 14 5 2 19 0 9 8 6 
3152109614 1.5 15 5 4 7 15 17 11 8 18 14 5 2 3 19 13 0 9 
10104899161 1.5 15 5 15 5 1 7 18 9 12 13 4 16 6 0 10 8 19 
4218588115 1.5 15 5 9 3 11 10 13 8 6 1 16 12 18 5 0 7 4 
4073325904 1.5 15 5 12 7 1 3 0 2 10 19 6 13 8 18 15 11 5 
3943894311 1.5 15 5 16 10 5 14 13 17 4 9 0 19 18 1 11 15 6 
1526980501 1.5 15 5 14 11 1 19 10 3 13 12 16 15 0 8 18 6 17 
379263923 1.5 15 5 16 12 7 17 1 0 14 18 11 13 4 6 15 2 8 
8984808542 1.5 15 5 15 0 12 16 2 7 9 18 10 1 4 19 8 13 14 
5411922955 1.5 15 5 14 2 0 3 16 13 7 18 8 17 11 5 1 12 19 
8040937395 1.5 15 5 8 13 18 17 3 1 6 19 14 2 10 12 7 4 11 
6556529930 1.5 15 5 6 5 13 16 0 15 2 4 1 17 18 12 14 3 11 
10237913909 1.5 15 5 10 7 19 4 16 12 11 5 13 0 17 2 3 8 1 
8655375140 1.5 15 5 9 10 14 7 17 1 2 11 15 3 16 4 19 5 13 
5799637423 1.5 15 5 7 14 10 17 13 8 15 9 12 0 3 18 2 16 6 
1768074676 1.5 15 5 7 9 16 11 1 2 3 8 18 0 10 12 19 14 15 
6832353798 1.5 15 5 6 17 11 3 4 12 5 0 2 13 16 7 8 19 18 
7482768563 1.5 15 5 15 7 1 16 3 8 2 11 19 13 0 9 6 10 4 
599743536 1.5 15 5 17 2 1 9 13 11 3 7 0 12 10 16 5 18 14 
1022765140 1.5 15 5 4 8 11 16 7 19 1 10 13 12 0 18 5 17 2 
10304588713 1.5 15 5 3 2 7 1 14 0 12 6 19 4 11 18 15 8 10 
7899109195 1.5 15 5 15 6 18 2 8 10 13 0 12 9 19 14 5 4 11 
8374942122 1.5 15 5 17 5 0 6 11 13 18 2 7 1 4 14 12 15 8 
1975305748 1.5 15 5 14 6 3 15 18 10 17 16 7 13 8 2 5 9 1 
1351096615 1.5 15 5 7 1 14 19 15 2 9 5 6 12 16 17 4 8 0 
6968402389 1.5 15 5 17 18 12 3 5 14 10 11 4 7 0 15 6 2 16 
8722576790 1.5 15 5 9 10 11 4 12 13 7 14 5 6 1 16 3 18 19 
3379079552 1.5 15 5 4 19 8 11 3 18 6 1 9 0 10 12 5 15 7 
8809130445 1.5 15 5 13 0 5 19 17 1 15 10 3 12 6 2 18 11 7 
8619874833 1.5 15 5 1 7 3 14 18 6 10 19 2 11 13 4 12 17 0 
6831138614 1.5 15 5 3 12 16 13 11 6 18 7 5 4 0 17 9 10 8 
3241915882 1.5 15 5 11 17 10 9 1 18 15 8 4 0 16 5 6 3 19 
3036071600 1.5 15 5 11 5 13 10 16 14 17 7 18 3 9 1 0 2 15 
6902430169 1.5 15 5 14 12 8 7 18 13 10 15 2 16 0 6 1 3 4 
7256536650 1.5 15 5 12 15 1 5 19 18 4 8 13 9 11 7 6 10 17 
5514490440 1.5 15 5 8 1 10 6 17 7 11 2 14 4 9 18 3 12 15 
374013355 1.5 15 5 10 9 18 19 4 7 14 12 1 5 6 15 8 13 16 
2416257878 1.5 15 5 0 16 17 7 9 11 14 15 6 13 1 19 10 4 8 
7938221891 1.5 15 5 8 14 4 0 16 12 17 5 18 9 7 1 13 10 19 
2920946122 1.5 15 5 7 12 9 10 2 17 3 15 11 13 19 18 6 1 4 
8339280822 1.5 15 5 19 14 17 4 16 6 1 2 10 13 8 5 18 9 12 
713137419 1.5 15 5 10 17 8 4 18 9 1 2 15 12 19 0 11 14 5 
10148546197 1.5 15 5 4 17 2 12 18 19 15 6 1 16 13 11 7 5 0 
9408672532 1.5 15 5 15 3 9 8 1 14 10 13 7 17 5 19 2 0 18 
8401299427 1.5 15 5 9 8 2 11 4 1 7 14 17 16 3 6 18 13 5 
1654330375 1.5 15 5 4 6 1 7 3 9 18 5 15 17 12 16 0 8 10 
3091454835 1.5 15 5 17 11 14 15 2 3 19 10 9 12 7 16 18 5 4 
3329138804 1.5 15 5 12 19 2 16 18 5 17 10 11 6 9 0 8 7 14 
557988808 1.5 15 5 18 3 1 10 15 7 17 6 11 2 5 4 13 9 12 
7903885222 1.5 15 5 15 9 0 3 7 4 5 1 13 17 14 12 2 6 16 
5312383910 1.5 15 5 11 4 10 5 13 12 17 1 14 15 6 19 9 0 7 
2260427147 1.5 15 5 0 10 3 4 2 6 11 14 8 19 7 5 18 12 13 
2339490808 1.5 15 5 1 0 5 4 14 18 13 6 19 9 12 10 16 15 17 
4485548900 1.5 15 5 16 18 5 9 14 12 11 2 6 0 10 1 8 19 3 
7052287958 1.5 15 5 14 5 6 10 1 2 18 15 11 8 9 16 3 13 7 
536013217 1.5 15 5 13 1 7 12 5 19 0 2 17 15 18 14 11 16 10 
3546452582 1.5 15 5 3 1 4 14 6 2 16 18 15 13 12 8 0 7 10 
2128275821 1.5 15 5 16 2 3 10 14 11 18 7 12 8 15 6 19 5 1 
3533895483 1.5 15 5 5 11 18 2 13 3 10 17 4 16 19 15 7 6 9 
9634716094 1.5 15 5 7 14 16 11 18 4 12 1 13 2 3 0 19 6 5 
6898705221 1.5 15 5 3 7 14 8 16 9 1 15 0 19 10 18 17 11 6 
2663993172 1.5 15 5 11 1 3 4 7 17 15 14 16 10 0 6 18 12 2 
3027049674 1.5 15 5 6 1 5 7 10 9 8 18 16 17 12 19 3 2 15 
9846077389 1.5 15 5 1 8 11 17 10 19 6 2 3 4 15 14 18 13 16 
2228834588 1.5 15 5 16 6 3 18 7 5 14 8 0 4 13 11 17 2 12 
8561834129 1.5 15 5 17 0 7 2 12 14 11 9 18 10 1 13 6 19 15 
1677457265 1.5 15 5 13 4 5 1 18 14 17 15 3 7 16 2 19 8 6 
5468850842 1.5 15 5 4 8 11 13 5 12 3 17 0 10 16 18 1 7 15 
2686161868 1.5 15 5 11 15 16 19 13 17 12 0 9 8 18 3 5 6 2 
6940353833 1.5 15 5 13 0 18 8 2 6 9 4 14 11 16 12 7 17 5 
8247211535 1.5 15 5 18 10 4 1 12 5 7 2 15 6 11 16 8 13 14 
6030063157 1.5 15 5 13 7 2 19 3 17 5 11 8 9 6 18 0 1 4 
8331921574 1.5 15 5 5 8 12 9 15 3 17 11 13 2 16 10 4 19 18 
10263765444 1.5 15 5 14 12 0 13 15 8 4 16 17 11 1 2 18 19 7 
7275927857 1.5 15 5 1 9 16 15 13 2 19 6 7 8 14 18 17 11 5 
3879644767 1.5 15 5 5 17 2 14 7 4 10 12 16 3 0 8 11 1 15 
8671422254 1.5 15 5 16 17 5 2 14 11 15 12 6 10 8 19 13 18 7 
587000703 1.5 15 5 17 9 5 16 2 18 10 15 19 0 3 14 1 8 13 
1915150659 1.5 15 5 7 12 5 18 2 9 6 11 15 0 1 16 19 3 8 
10224296333 1.5 15 5 7 4 10 15 3 8 16 19 1 14 6 13 17 11 9 
3975725717 1.5 15 5 6 0 1 18 5 12 15 13 10 8 4 17 3 19 14 
1413322522 1.5 15 5 8 19 11 17 0 4 13 2 6 10 5 18 15 14 7 
2419630227 1.5 15 5 16 3 11 0 12 7 6 17 2 9 10 8 14 19 1 
278126254 1.5 15 5 1 16 9 13 5 10 4 14 12 6 2 19 8 15 3 
1930773345 1.5 15 5 14 5 1 13 19 11 16 12 9 10 7 6 2 8 0 
6864301924 1.5 15 5 16 2 4 6 5 8 9 19 7 14 17 18 10 13 3 
2262556104 1.5 15 5 12 10 15 19 17 13 8 2 16 14 0 4 18 7 1 
8082874457 1.5 15 5 16 2 17 19 11 12 10 14 15 8 7 1 3 5 9 
5544146764 1.5 15 5 18 17 19 3 1 11 10 15 5 4 7 16 2 6 0 
3814869706 1.5 15 5 1 19 3 18 14 16 15 2 10 17 13 6 8 0 7 
4652647174 1.5 15 5 1 3 4 0 5 16 15 12 18 13 7 17 2 8 19 
6951787390 1.5 15 5 3 2 5 11 18 0 15 16 14 8 7 12 4 17 13 
1377906893 1.5 15 5 16 1 5 11 9 8 13 14 18 12 4 3 0 6 15 
6459786247 1.5 15 5 17 15 2 4 1 9 19 18 13 0 5 12 16 14 3 
3880526885 1.5 15 5 15 0 11 2 4 14 13 17 6 3 16 1 5 8 12 
7647563258 1.5 15 5 12 5 13 0 19 17 10 8 7 11 1 6 9 15 16 
8476775526 1.5 15 5 9 7 18 17 0 14 10 8 12 5 6 19 13 3 1 
6636382538 1.5 15 5 4 6 8 15 7 13 12 5 3 17 11 19 14 2 9 
1132699514 1.5 15 5 10 4 6 17 5 9 14 1 15 8 2 18 19 13 16 
631440649 1.5 15 5 4 15 0 14 12 7 18 11 2 10 17 5 3 13 16 
1198754524 1.5 15 5 18 13 3 8 4 17 19 14 9 12 2 7 0 5 10 
8620541840 1.5 15 5 17 6 3 2 8 10 7 13 15 12 9 5 16 4 1 
5999741535 1.5 15 5 16 8 15 13 10 14 12 4 11 7 9 17 6 2 19 
10716510562 1.5 15 5 6 12 2 11 10 8 13 4 18 17 19 7 14 3 5 
1458495477 1.5 15 5 5 4 3 6 19 13 1 16 11 9 10 15 17 7 14 
6332459966 1.5 15 5 19 7 10 15 12 16 14 11 5 6 18 0 3 4 8 
2961782394 1.5 15 5 6 19 1 2 14 11 10 15 3 8 7 0 5 17 9 
4494706241 1.5 15 5 0 7 15 6 16 11 12 10 17 19 1 8 4 3 9 
4199411903 1.5 15 5 16 0 19 4 6 2 5 18 10 1 14 13 7 17 12 
2808360041 1.5 15 5 16 10 3 19 17 14 13 5 7 12 15 9 1 8 18 
6710396964 1.5 15 5 18 13 17 1 5 15 7 9 19 2 11 14 8 6 10 
4321316866 1.5 15 5 0 11 16 6 1 15 18 7 13 19 9 12 4 17 8 
3725304639 1.5 15 5 17 3 9 13 16 5 12 10 6 8 15 4 2 0 19 
1649583912 1.5 15 5 9 1 3 5 7 4 11 15 19 13 18 6 17 14 2 
3675325661 1.5 15 5 4 8 14 12 11 15 16 7 1 9 19 13 6 17 18 
611647504 1.5 15 5 0 2 12 16 18 17 4 6 8 9 13 1 7 5 19 
6946744957 1.5 15 5 13 10 12 17 15 14 11 19 7 8 3 0 1 5 4 
3832286399 1.5 15 5 17 13 3 15 18 14 5 1 0 6 4 16 19 7 11 
2428837746 1.5 15 5 7 15 5 9 10 14 2 1 8 3 16 6 4 19 13 
10697347454 1.5 15 5 12 9 17 13 15 4 7 10 8 19 0 11 16 3 18 
9807619492 1.5 15 5 9 4 0 6 10 13 15 8 3 11 19 7 18 2 5 
5152401066 1.5 15 5 11 5 4 19 16 12 0 1 13 3 9 6 18 2 8 
6426320792 1.5 15 5 0 18 11 8 6 2 19 5 10 15 17 3 16 1 7 
476952955 1.5 15 5 6 16 3 5 11 7 13 19 14 17 15 2 8 9 18 
10506973945 1.5 15 5 18 17 19 4 3 16 0 2 10 11 9 5 8 14 15 
7499212868 1.5 15 5 7 10 1 4 12 6 3 17 9 0 16 18 13 2 19 
3488352061 1.5 15 5 3 16 7 8 4 5 0 12 2 1 13 11 15 9 17 
4012860059 1.5 15 5 4 15 19 1 17 13 16 6 12 2 14 18 0 3 9 
4147281862 1.5 15 5 19 1 6 12 4 15 8 18 14 0 7 9 2 10 3 
5310812528 1.5 15 5 2 4 19 1 6 18 12 14 11 7 10 5 17 8 0 
776163154 1.5 15 5 17 1 9 12 10 6 2 14 5 11 16 13 0 3 7 
221728507 1.5 15 5 0 4 16 1 15 14 13 11 18 5 6 8 19 12 10 
5331100505 1.5 15 5 13 6 14 3 12 16 15 18 19 10 8 17 4 2 7 
10147411852 1.5 15 5 10 12 18 6 9 13 19 15 8 4 17 5 16 1 14 
4411854343 1.5 15 5 12 10 13 16 5 9 14 1 8 19 6 3 0 17 18 
10647693446 1.5 15 5 16 7 17 19 0 15 5 18 9 8 14 1 3 12 11 
8737635884 1.5 15 5 0 7 18 8 19 16 12 2 14 15 6 13 1 10 4 
8330182571 1.5 15 5 4 1 3 16 0 5 18 10 9 7 12 11 13 8 17 
3865242726 1.5 15 5 3 9 12 8 16 2 13 1 4 15 6 14 10 5 17 
7590634020 1.5 15 5 11 3 4 1 7 2 12 15 17 0 14 13 16 8 19 
8620995101 1.5 15 5 6 9 15 8 3 12 4 16 1 18 14 2 10 7 19 
8260032756 1.5 15 5 16 3 10 0 1 13 7 12 2 4 18 5 8 15 11 
10574585969 1.5 15 5 18 0 13 11 14 6 7 10 5 12 15 9 19 3 4 
4695878224 1.5 15 5 12 2 7 9 18 14 13 15 0 19 3 11 16 5 10 
5593953787 1.5 15 5 17 16 10 19 18 2 13 4 12 6 14 15 7 3 9 
2144932708 1.5 15 5 7 8 3 11 17 19 1 16 10 14 12 0 2 9 4 
806642786 1.5 15 5 10 3 8 2 16 17 15 12 7 11 6 5 9 13 18 
7591594254 1.5 15 5 2 19 17 4 9 11 12 7 10 18 0 16 14 1 8 
1668920088 1.5 15 5 8 0 5 4 9 12 17 16 7 14 19 3 11 2 6 
9280498050 1.5 15 5 19 11 15 18 0 16 13 3 8 4 2 14 1 6 10 
4452052334 1.5 15 5 14 3 7 0 16 9 5 1 17 19 2 12 18 8 4 
5778953795 1.5 15 5 13 7 12 6 11 16 5 1 4 10 0 14 18 8 9 
3200572730 1.5 15 5 12 18 8 13 16 14 2 5 15 0 4 11 7 9 3 
2240277413 1.5 15 5 18 6 16 15 2 17 12 5 14 4 3 7 19 0 13 
5347879530 1.5 15 5 4 2 6 14 5 7 8 15 1 9 11 10 13 16 12 
1597025362 1.5 15 5 5 3 18 7 2 10 16 0 13 12 1 14 4 15 17 
2360905883 1.5 15 5 14 19 11 9 6 17 7 13 12 18 10 0 1 16 4 
6961158301 1.5 15 5 19 14 12 6 18 3 8 9 13 15 4 11 2 1 0 
8477212436 1.5 15 5 9 2 13 4 5 15 1 3 17 7 0 19 16 14 6 
5471071533 1.5 15 5 7 16 1 17 13 5 3 8 6 4 18 9 12 15 0 
5797455488 1.5 15 5 16 13 15 14 9 1 6 0 11 17 19 5 10 7 8 
3300507752 1.5 15 5 4 17 1 6 12 0 2 10 5 16 8 3 7 13 9 
1445991780 1.5 15 5 18 10 5 1 9 13 0 2 14 17 7 4 8 12 19 
4535093752 1.5 15 5 3 15 8 6 10 18 2 13 16 9 14 19 12 4 17 
5844194307 1.5 15 5 6 17 13 2 11 14 16 19 12 9 10 0 18 4 15 
7384575908 1.5 15 5 16 11 8 0 10 5 7 15 1 18 4 19 17 2 6 
3093122332 1.5 15 5 15 0 18 1 7 4 16 11 6 9 19 8 2 5 12 
5832645472 1.5 15 5 12 2 13 19 15 5 0 8 1 10 11 7 14 4 3 
510534657 1.5 15 5 17 19 18 10 13 7 0 12 15 16 2 8 1 6 9 
3580752217 1.5 15 5 17 4 14 11 1 15 12 8 5 18 3 19 7 0 13 
1241215071 1.5 15 5 1 13 3 0 2 15 11 19 6 4 9 18 8 7 17 
8709687590 1.5 15 5 5 19 13 15 0 8 7 17 4 9 1 16 3 14 10 
563808057 1.5 15 5 13 2 9 0 4 12 19 18 8 5 7 1 11 6 15 
7573521887 1.5 15 5 4 5 1 17 16 7 6 11 2 18 13 0 9 10 19 
2439353940 1.5 15 5 16 12 7 4 10 13 8 3 17 5 18 11 9 0 1 
1548054874 1.5 15 5 3 7 6 12 4 8 2 13 1 0 15 17 5 14 10 
5850859287 1.5 15 5 1 13 12 5 11 4 10 15 2 16 3 8 6 7 0 
392735103 1.5 15 5 14 16 1 5 8 15 3 18 4 13 12 11 0 19 2 
7456604349 1.5 15 5 19 8 18 5 14 6 15 2 10 9 7 0 1 16 17 
1119499248 1.5 15 5 12 7 1 13 0 6 3 16 10 14 8 15 17 5 11 
736565361 1.5 15 5 10 9 18 1 5 2 3 13 6 16 4 19 8 17 15 
4193357968 1.5 15 5 7 8 13 6 19 18 1 5 9 10 2 15 4 3 14 
2600128759 1.5 15 5 13 10 19 18 3 9 0 15 12 16 6 7 4 5 11 
10672868270 1.5 15 5 6 11 8 12 19 4 7 10 14 9 15 13 2 1 18 
4496206986 1.5 15 5 1 5 15 0 9 19 6 3 14 16 4 2 17 11 12 
5053361984 1.5 15 5 14 6 12 1 16 0 19 5 8 2 10 15 17 4 11 
4612753977 1.5 15 5 2 7 15 3 10 13 14 19 1 17 5 9 4 0 16 
9170909690 1.5 15 5 15 6 4 14 5 2 13 1 12 7 9 0 11 16 18 
7624412704 1.5 15 5 2 14 18 16 17 4 5 3 8 1 10 19 13 11 7 
5008481542 1.5 15 5 4 13 8 10 16 0 9 18 7 17 12 2 15 14 11 
3455098285 1.5 15 5 14 9 15 18 16 19 1 2 4 6 5 0 12 10 17 
7250486270 1.5 15 5 4 10 3 8 12 15 2 13 6 7 11 17 5 18 14 
9251601349 1.5 15 5 16 4 0 3 13 15 5 9 18 14 7 19 6 1 11 
4483803825 1.5 15 5 12 1 10 14 0 17 13 7 4 18 16 9 2 8 3 
10397630148 1.5 15 5 19 1 2 11 9 6 0 7 14 18 17 13 12 5 8 
5102413577 1.5 15 5 19 18 0 9 17 10 7 14 12 15 4 2 1 8 3 
1654206795 1.5 15 5 12 15 2 0 13 10 11 16 19 7 5 1 8 4 14 
6204393000 1.5 15 5 17 13 16 7 2 1 18 19 14 15 6 9 0 3 12 
3068524302 1.5 15 5 15 5 7 3 1 12 19 9 11 14 6 17 18 16 4 
5370994651 1.5 15 5 1 12 14 17 19 4 9 15 11 7 18 5 2 6 3 
5290602668 1.5 15 5 5 8 0 3 15 11 9 12 7 10 14 6 17 16 4 
3466692660 1.5 15 5 7 9 12 3 10 15 17 11 14 2 6 16 5 8 4 
10532932682 1.5 15 5 7 3 13 14 1 12 8 18 6 0 10 11 19 4 5 
10322092871 1.5 15 5 17 2 15 12 11 0 7 6 3 16 4 18 9 1 8 
1389343261 1.5 15 5 12 19 10 18 1 0 17 16 3 7 6 11 5 14 2 
8790317653 1.5 15 5 6 12 9 13 18 8 15 1 5 3 17 11 0 19 2 
9860180404 1.5 15 5 16 8 14 10 3 9 11 0 5 13 1 7 12 4 18 
10725731910 1.5 15 5 11 0 16 8 1 10 15 18 12 3 13 19 4 7 5 
5111167937 1.5 15 5 0 5 8 7 18 12 3 11 17 6 13 16 2 9 14 
10160796436 1.5 15 5 8 15 4 2 9 13 19 0 14 3 12 18 6 5 11 
1550745090 1.5 15 5 18 13 8 1 19 5 11 0 10 3 15 4 7 16 17 
8514484408 1.5 15 5 7 6 10 18 4 3 5 13 15 14 11 8 9 16 17 
6229458889 1.5 15 5 3 18 13 0 16 9 6 5 17 7 8 19 15 11 2 
1147686891 1.5 15 5 2 3 13 9 7 5 8 18 15 19 17 0 6 1 4 
9308404979 1.5 15 5 3 4 8 14 11 1 17 16 5 19 7 12 18 9 10 
2419327331 1.5 15 5 2 17 12 11 7 14 1 18 8 0 19 13 5 6 15 
8079538341 1.5 15 5 14 5 10 4 8 1 9 0 18 6 12 13 2 11 15 
2865414758 1.5 15 5 11 2 6 0 5 1 4 7 3 18 9 19 8 17 16 
2783138883 1.5 15 5 17 6 9 3 15 10 5 7 4 8 16 18 14 1 19 
6898626255 1.5 15 5 11 10 6 18 4 3 16 13 5 2 7 1 8 17 15 
6017020249 1.5 15 5 13 3 9 16 18 5 14 12 2 7 19 0 8 1 15 
6741228678 1.5 15 5 2 15 9 14 6 13 19 3 5 18 10 7 8 1 0 
521087221 1.5 15 5 18 5 10 9 7 4 0 16 2 12 1 8 19 3 6 
5777630229 1.5 15 5 8 1 13 10 17 3 15 2 5 16 7 12 11 19 6 
7262308418 1.5 15 5 18 12 17 9 11 7 4 19 15 8 14 13 6 5 1 
284727097 1.5 15 5 2 12 11 15 1 10 17 13 18 3 14 5 4 9 0 
5569676747 1.5 15 5 10 9 6 15 1 13 5 8 17 14 16 12 7 18 3 
10017402829 1.5 15 5 9 16 7 18 11 14 19 4 5 2 6 3 12 10 0 
2105484816 1.5 15 5 3 16 13 7 1 4 19 6 12 0 17 5 14 15 18 
8816549975 1.5 15 5 12 18 8 9 3 5 10 17 0 15 6 13 14 7 4 
4161899342 1.5 15 5 10 14 19 6 17 3 0 11 1 18 4 9 7 16 12 
10104324791 1.5 15 5 7 14 8 13 18 15 0 9 10 3 5 2 4 11 12 
454725651 1.5 15 5 1 8 18 17 4 2 19 11 13 9 0 12 3 15 7 
6781593466 1.5 15 5 3 17 2 18 6 7 11 1 19 10 0 16 5 8 15 
62561221 1.5 15 5 11 7 2 17 15 12 3 4 9 1 16 10 0 5 19 
10514108306 1.5 15 5 11 17 12 1 0 5 14 9 19 2 18 16 10 13 6 
291484464 1.5 15 5 10 3 2 6 9 16 12 13 8 17 7 1 18 4 14 
6280349668 1.5 15 5 15 9 12 19 4 7 18 11 5 6 13 10 3 2 14 
1466494496 1.5 15 5 14 5 15 7 3 8 9 1 19 11 18 12 10 13 0 
3519787970 1.5 15 5 3 17 13 19 15 6 10 16 14 8 1 18 11 7 4 
7357580287 1.5 15 5 15 12 3 8 17 6 13 1 2 10 4 7 16 0 5 
4661941133 1.5 15 5 18 16 2 9 15 8 12 17 14 6 4 5 1 13 19 
2241174205 1.5 15 5 12 7 1 19 4 5 10 13 8 2 11 0 18 9 15 
1868933146 1.5 15 5 17 8 18 2 3 6 10 15 16 12 11 19 5 1 0 
8567412854 1.5 15 5 12 6 9 15 2 16 19 1 4 7 3 17 13 14 5 
120764603 1.5 15 5 1 6 0 16 15 10 12 7 13 9 19 5 8 4 3 
7536307526 1.5 15 5 12 7 15 13 6 3 0 19 11 8 9 4 17 2 14 
6112288517 1.5 15 5 2 4 15 17 8 10 0 16 6 1 9 7 3 12 5 
3015600519 1.5 15 5 4 1 19 0 10 3 18 5 16 8 14 17 7 2 6 
3809772164 1.5 15 5 13 0 6 9 18 12 16 19 1 7 5 8 17 4 15 
1888133115 1.5 15 5 15 2 17 19 6 9 5 1 10 14 13 4 16 11 0 
6708246333 1.5 15 5 18 0 11 14 6 10 2 12 16 5 9 15 3 19 1 
5693283056 1.5 15 5 7 13 2 17 8 11 16 10 3 4 12 0 9 14 1 
1014838849 1.5 15 5 5 18 6 17 2 13 0 8 19 15 1 3 4 14 12 
7046497545 1.5 15 5 17 14 9 16 4 15 13 10 11 19 2 7 3 18 12 
4800699205 1.5 15 5 2 13 9 15 7 3 19 10 4 14 17 5 11 12 1 
3297378503 1.5 15 5 16 2 10 8 15 7 1 12 11 6 0 14 4 5 9 
6305831542 1.5 15 5 12 8 16 18 17 7 4 5 0 3 1 10 2 9 19 
3955643972 1.5 15 5 2 19 18 10 12 0 9 5 11 3 14 7 8 13 17 
4356935600 1.5 15 5 17 15 9 18 11 14 13 8 2 12 4 10 1 16 19 
2024737478 1.5 15 5 9 13 17 6 11 3 16 8 15 1 12 10 19 2 5 
1313060287 1.5 15 5 16 11 14 7 3 8 10 17 0 9 5 18 2 12 19 
8787401546 1.5 15 5 5 17 16 3 8 13 11 10 18 7 12 19 6 14 1 
3084021234 1.5 15 5 1 11 7 14 13 15 19 12 0 18 3 4 10 9 17 
4284608078 1.5 15 5 16 12 17 19 0 9 8 3 13 14 15 5 6 1 18 
8839949988 1.5 15 5 13 16 7 0 5 11 10 17 9 15 12 14 6 2 1 
4469191547 1.5 15 5 12 9 10 3 17 11 16 8 1 13 6 19 4 5 7 
6126350979 1.5 15 5 5 0 4 18 3 7 11 17 15 13 1 8 16 19 10 
10393685758 1.5 15 5 5 19 12 1 8 7 2 15 4 13 17 18 10 6 11 
5080568579 1.5 15 5 0 14 3 10 7 1 16 12 9 17 2 6 5 11 4 
4544867630 1.5 15 5 15 10 13 2 1 12 4 6 7 17 9 0 11 5 16 
2849495045 1.5 15 5 7 2 17 6 3 5 12 9 4 11 8 14 0 13 15 
2991014387 1.5 15 5 10 0 7 13 16 4 11 2 6 12 5 15 19 8 1 
9401317027 1.5 15 5 3 11 10 0 15 16 8 17 13 9 2 18 4 1 6 
9573099754 1.5 15 5 2 11 5 14 7 12 18 17 15 6 16 10 3 1 4 
997589649 1.5 15 5 19 5 2 1 4 16 15 0 9 7 14 17 8 3 6 
10356180639 1.5 15 5 2 6 4 3 1 19 10 0 7 14 17 12 11 13 9 
1633994182 1.5 15 5 15 1 14 0 7 9 12 11 17 19 5 3 13 10 2 
9559325814 1.5 15 5 3 10 19 13 6 4 17 5 9 14 11 12 7 2 1 
290377362 1.5 15 5 5 4 9 8 3 16 6 15 10 13 2 18 19 14 0 
7708103855 1.5 15 5 7 3 16 4 14 17 13 10 18 11 6 8 0 12 2 
10302543102 1.5 15 5 19 7 11 13 16 14 2 12 17 8 3 18 5 15 9 
10630993381 1.5 15 5 19 16 1 12 11 0 13 2 15 4 9 17 6 5 7 
10571811295 1.5 15 5 0 3 17 18 1 16 4 19 11 10 14 8 13 15 2 
1238915800 1.5 15 5 7 0 9 6 13 14 15 3 12 17 18 10 19 2 5 
5882447727 1.5 15 5 5 14 13 8 19 7 10 1 6 3 2 17 12 9 11 
8634392324 1.5 15 5 12 0 1 4 10 6 8 16 3 13 7 9 19 11 18 
9203219278 1.5 15 5 19 9 16 18 14 6 3 11 0 10 8 17 15 7 12 
9275470485 1.5 15 5 18 9 13 14 15 6 17 10 4 1 7 5 16 2 0 
5301816276 1.5 15 5 5 6 3 11 1 13 0 8 19 4 7 10 16 18 9 
1053651383 1.5 15 5 19 6 3 5 10 2 18 11 15 4 13 16 1 9 12 
3785982780 1.5 15 5 13 9 10 11 4 5 2 7 14 18 19 12 6 0 17 
7472435516 1.5 15 5 6 9 2 7 15 3 5 10 13 19 17 1 11 4 16 
2776335780 1.5 15 5 19 7 8 13 10 4 0 5 3 16 14 18 9 1 17 
3177180110 1.5 15 5 2 16 0 17 19 8 4 14 15 7 10 11 6 9 5 
10300319194 1.5 15 5 7 14 18 3 19 10 11 5 8 4 15 9 1 2 0 
9877377913 1.5 15 5 14 2 8 7 11 10 18 5 4 16 15 19 6 0 12 
4146540065 1.5 15 5 10 5 6 12 17 0 2 11 13 18 1 16 14 3 4 
2459827698 1.5 15 5 2 10 13 6 14 17 18 11 1 19 4 7 0 12 16 
1816086183 1.5 15 5 2 12 5 4 15 18 3 7 11 16 19 1 14 8 6 
10371862977 1.5 15 5 19 10 8 17 3 1 13 0 11 6 5 4 12 15 2 
5218713299 1.5 15 5 12 10 3 16 19 6 13 7 14 15 8 1 17 4 11 
2368311389 1.5 15 5 19 2 14 3 10 15 13 1 0 5 12 8 11 9 16 
1737681638 1.5 15 5 19 7 0 3 13 18 5 16 6 10 2 4 17 9 12 
1212051949 1.5 15 5 19 4 12 2 14 6 1 0 15 5 13 18 10 9 17 
4385260400 1.5 15 5 13 4 3 15 7 14 16 0 8 9 18 11 6 19 2 
10531971565 1.5 15 5 5 14 17 16 7 6 3 8 0 15 9 19 1 12 2 
6638222005 1.5 15 5 5 19 1 17 2 3 8 13 10 16 15 12 9 14 6 
3536446418 1.5 15 5 12 16 19 6 15 8 10 1 13 17 4 18 7 14 2 
1228444098 1.5 15 5 1 19 5 17 9 13 3 7 6 11 16 15 14 0 4 
10116641307 1.5 15 5 16 3 10 0 9 12 17 5 15 6 1 13 11 2 4 
8425284329 1.5 15 5 12 1 16 13 14 0 5 7 6 8 10 4 11 3 15 
8512297794 1.5 15 5 1 7 17 16 19 18 11 6 5 0 15 9 12 14 8 
994072809 1.5 15 5 16 19 14 5 18 13 17 3 1 7 9 11 2 4 6 
122233422 1.5 15 5 9 1 0 18 13 11 17 2 7 15 8 10 4 3 19 
8062593993 1.5 15 5 10 3 18 12 4 2 5 15 14 16 7 19 13 8 11 
3808094481 1.5 15 5 4 11 2 17 13 7 16 3 14 6 9 8 19 12 10 
664871665 1.5 15 5 9 13 0 6 19 11 14 7 12 16 5 15 4 1 8 
2735991959 1.5 15 5 15 14 6 5 16 12 17 18 9 1 7 13 11 0 3 
2846609503 1.5 15 5 4 12 6 7 1 3 18 15 10 14 17 11 0 8 19 
441484556 1.5 15 5 16 8 14 0 19 5 13 6 4 10 12 2 11 17 3 
8535393066 1.5 15 5 6 11 5 7 1 12 2 16 18 14 10 9 19 15 8 
9798836436 1.5 15 5 4 7 6 16 0 5 8 15 13 2 12 1 9 10 11 
8321711105 1.5 15 5 10 7 19 13 4 18 9 2 5 14 15 11 1 0 17 
10177262478 1.5 15 5 8 7 12 15 9 3 2 17 16 11 19 4 1 5 18 
1807654899 1.5 15 5 2 13 5 19 11 15 17 9 14 7 3 0 6 16 18 
2891530716 1.5 15 5 15 16 3 13 2 6 19 14 4 9 18 11 7 12 0 
1026935511 1.5 15 5 17 9 11 15 19 13 4 5 0 14 7 1 3 2 6 
1674304797 1.5 15 5 0 5 16 10 14 9 8 19 1 15 6 18 11 17 7 
9199014428 1.5 15 5 4 9 5 17 19 0 11 3 7 12 15 16 8 1 6 
2752421784 1.5 15 5 5 3 11 1 10 13 6 19 9 17 16 14 7 4 2 
861945020 1.5 15 5 8 7 10 6 4 14 9 0 3 12 15 2 13 17 19 
5850078612 1.5 15 5 14 12 19 9 8 3 7 11 13 0 16 5 15 10 1 
5266131631 1.5 15 5 7 13 9 16 12 8 3 6 5 1 4 19 17 0 14 
6845847698 1.5 15 5 3 19 13 10 16 18 5 8 14 0 11 12 4 2 9 
449966077 1.5 15 5 10 9 18 2 6 3 7 0 4 11 13 16 17 1 15 
295147717 1.5 15 5 17 1 0 18 15 3 14 11 4 19 10 8 6 12 16 
6489345329 1.5 15 5 17 0 10 19 3 18 9 13 1 16 6 14 12 5 15 
10390286499 1.5 15 5 0 3 4 13 8 10 2 12 16 15 11 17 14 19 5 
9936155214 1.5 15 5 14 5 2 18 1 13 17 19 3 8 9 4 11 6 10 
147672843 1.5 15 5 2 13 7 1 15 17 5 14 6 4 8 18 10 19 3 
2988889982 1.5 15 5 14 7 4 5 6 12 17 18 1 13 9 0 10 15 19 
1870999404 1.5 15 5 2 3 7 0 5 8 12 9 11 15 17 14 19 16 13 
8491997012 1.5 15 5 3 11 1 19 5 18 9 16 8 7 4 15 13 17 14 
1080446723 1.5 15 5 3 17 4 16 11 12 0 14 6 9 18 10 19 1 8 
6623917217 1.5 15 5 7 1 6 17 3 14 12 16 4 11 9 10 8 18 15 
8934668160 1.5 15 5 18 4 17 15 11 0 9 19 2 12 8 16 1 5 3 
6725173299 1.5 15 5 12 19 2 3 14 17 16 8 7 15 13 4 9 6 18 
2620725661 1.5 15 5 16 8 1 9 12 15 5 18 14 7 10 11 17 19 0 
9415478908 1.5 15 5 12 2 9 5 17 18 6 1 15 11 4 14 8 7 3 
8785797940 1.5 15 5 10 7 4 5 19 12 1 6 15 2 8 16 11 9 13 
7206816495 1.5 15 5 12 9 13 11 10 18 8 16 6 17 7 14 0 1 3 
5114886919 1.5 15 5 11 15 18 5 17 6 4 14 1 2 3 0 16 12 19 
1604406449 1.5 15 5 8 4 6 17 3 10 14 12 7 13 1 11 15 16 9 
4305163452 1.5 15 5 0 1 2 4 17 8 3 19 9 15 18 6 14 7 11 
3366319590 1.5 15 5 14 2 11 13 9 16 4 5 6 19 7 12 17 3 10 
6631314542 1.5 15 5 17 14 12 6 18 2 11 4 1 16 13 0 8 19 5 
6873079512 1.5 15 5 14 6 15 9 11 3 17 5 12 4 7 19 8 2 18 
4 960 14
9 334 26
18 185 15
5 228 11
12 773 4
18 396 24
17 207 35
5 134 24
18 193 41
14 523 17
10 739 8
0 226 50
18 995 29
0 176 15
2 266 30
18 256 30
10 432 39
5 197 37
19 320 0
11 291 42
2 989 38
2 684 47
6 396 7
10 295 6
15 477 37
9 432 48
10 61 8
1 262 10
11 451 40
7 941 7
17 680 4
11 595 5
3 370 12
1 389 32
15 887 49
10 425 21
1 973 45
11 916 18
9 439 33
11 179 29
9 626 8
14 275 6
15 276 42
15 57 46
14 650 35
15 1 26
13 176 10
5 676 4
10 243 37
9 447 15
15 824 44
10 776 50
15 861 22
7 235 38
1 337 48
14 445 13
10 231 0
11 784 10
18 298 41
2 423 46
12 648 43
12 319 19
14 711 47
17 761 49
10 718 4
15 390 48
13 593 49
2 111 43
19 369 9
4 113 19
14 947 29
7 244 46
15 648 29
1 566 20
14 246 25
0 147 6
7 709 30
5 194 2
17 889 30
8 784 1
14 542 10
14 875 12
4 543 29
16 147 50
13 627 34
16 704 0
7 991 39
1 783 6
6 976 44
13 876 17
16 774 49
12 246 34
16 949 7
4 214 34
3 6 0
19 389 27
11 788 12
17 457 39
0 165 31
12 409 46
