20 20 1000 100
1073741824 1073741824
1073741824 1073741824
1073741824 1073741824
1073741824 1073741824
1073741824 1073741824
1073741824 1073741824
1073741824 1073741824
1073741824 1073741824
1073741824 1073741824
1073741824 1073741824
1073741824 1073741824
1073741824 1073741824
1073741824 1073741824
1073741824 1073741824
1073741824 1073741824
1073741824 1073741824
1073741824 1073741824
1073741824 1073741824
1073741824 1073741824
1073741824 1073741824
1073741824
1073741824
1073741824
1073741824
1073741824
1073741824
1073741824
1073741824
1073741824
1073741824
1073741824
1073741824
1073741824
1073741824
1073741824
1073741824
1073741824
1073741824
1073741824
1073741824
8766940815 1.5 20 5 17 4 8 10 3 9 19 15 0 14 6 12 1 18 16 5 11 13 7 2 
6179879631 1.5 20 5 14 3 4 5 6 15 11 19 2 13 12 10 16 1 18 9 8 17 7 0 
8676138432 1.5 20 5 9 2 3 19 10 12 6 13 16 11 18 4 14 17 8 5 7 0 15 1 
465915507 1.5 20 5 0 2 10 3 17 14 4 8 19 18 6 13 12 5 7 1 9 11 15 16 
704696022 1.5 20 5 14 5 8 15 7 1 2 17 0 3 4 9 18 19 12 16 10 13 6 11 
10672682410 1.5 20 5 18 8 1 3 7 0 15 16 10 5 17 12 9 14 2 11 6 19 13 4 
3858092628 1.5 20 5 19 5 9 3 0 10 13 18 12 8 2 1 17 15 11 14 16 4 6 7 
7764123241 1.5 20 5 13 11 19 2 3 9 4 14 16 12 5 8 1 15 7 6 18 17 10 0 
162646359 1.5 20 5 13 4 6 3 0 11 5 1 12 17 10 7 18 15 9 8 19 14 16 2 
2706762713 1.5 20 5 13 10 16 12 17 11 3 8 15 5 19 1 6 18 0 4 7 2 9 14 
9451478661 1.5 20 5 12 9 5 2 14 6 8 1 11 19 3 0 17 7 4 16 13 18 15 10 
4752052944 1.5 20 5 13 4 14 0 10 15 7 17 8 6 2 5 12 3 9 19 1 11 18 16 
1513169513 1.5 20 5 11 5 0 7 4 6 3 19 2 14 10 17 18 13 15 12 8 9 1 16 
7905411946 1.5 20 5 17 9 6 13 3 10 12 14 15 0 5 7 11 19 18 16 8 4 2 1 
4385761877 1.5 20 5 1 9 14 10 16 18 11 17 5 2 19 3 8 12 4 15 13 6 0 7 
278772359 1.5 20 5 3 5 1 11 4 15 12 10 9 7 19 18 16 14 0 6 13 17 2 8 
7463512169 1.5 20 5 4 0 19 1 17 2 10 9 8 7 5 13 6 18 15 16 14 12 3 11 
7579254401 1.5 20 5 19 5 16 11 8 2 12 10 13 0 9 15 7 17 3 4 14 1 18 6 
6271829101 1.5 20 5 10 5 19 16 6 11 13 18 15 2 0 17 12 9 7 8 3 14 4 1 
3193169973 1.5 20 5 18 2 16 11 5 13 14 4 3 17 12 9 19 1 6 8 15 7 10 0 
9628971427 1.5 20 5 13 12 3 0 4 18 6 17 1 15 11 14 8 16 19 5 7 9 2 10 
8380830766 1.5 20 5 2 3 7 18 16 12 15 11 19 6 1 5 14 10 9 8 4 17 13 0 
7902076245 1.5 20 5 12 17 19 10 14 5 4 11 18 6 0 9 8 2 13 15 16 3 1 7 
4827590769 1.5 20 5 19 16 7 13 14 17 3 11 4 18 0 6 12 1 15 5 8 9 10 2 
9308814057 1.5 20 5 7 5 17 14 0 3 11 4 12 13 2 1 8 9 10 16 18 6 19 15 
9510891204 1.5 20 5 18 5 3 17 10 6 2 16 19 11 9 13 12 8 1 15 4 7 0 14 
6314965922 1.5 20 5 4 15 6 8 18 12 9 11 0 17 19 2 14 1 3 10 7 13 5 16 
8372569608 1.5 20 5 8 1 17 11 0 14 2 3 7 5 13 12 19 9 16 4 10 6 18 15 
10669074222 1.5 20 5 5 4 11 0 9 15 10 6 16 14 8 17 12 7 2 3 1 13 19 18 
6411927753 1.5 20 5 19 14 12 13 1 0 4 2 18 3 9 10 5 8 11 17 15 16 6 7 
1299973444 1.5 20 5 6 7 1 14 8 3 9 15 16 0 10 4 2 13 11 5 17 18 19 12 
8470700046 1.5 20 5 14 0 7 16 1 11 8 2 13 12 6 9 15 19 3 10 5 17 4 18 
3103260775 1.5 20 5 9 0 18 8 10 1 12 13 6 16 4 5 14 15 7 17 3 11 2 19 
2328083802 1.5 20 5 7 8 6 12 15 11 16 5 3 13 2 19 10 0 18 17 4 14 9 1 
2991837042 1.5 20 5 6 10 13 11 1 8 12 9 15 2 17 0 18 14 3 4 16 5 7 19 
6488955008 1.5 20 5 1 6 13 16 9 3 10 12 0 15 14 19 17 2 7 4 18 11 5 8 
4450040184 1.5 20 5 9 12 7 14 10 8 16 19 3 5 4 2 11 13 0 17 15 6 1 18 
8155675237 1.5 20 5 10 9 17 13 15 16 14 11 8 18 5 6 1 3 12 0 4 7 2 19 
8746244344 1.5 20 5 14 9 16 8 18 13 7 3 0 11 4 1 15 5 19 12 10 2 6 17 
3701887084 1.5 20 5 3 5 12 19 15 8 9 14 16 6 13 2 17 1 7 18 0 11 10 4 
6384019094 1.5 20 5 10 19 4 5 6 2 9 13 17 1 0 16 14 11 12 15 7 18 8 3 
4308737165 1.5 20 5 11 0 8 5 1 16 15 4 6 12 2 7 9 17 19 3 18 13 10 14 
8057162293 1.5 20 5 4 3 14 16 10 8 12 5 11 18 13 6 19 15 2 17 1 0 9 7 
2319984001 1.5 20 5 17 14 0 6 13 7 15 11 18 4 9 10 12 5 19 3 2 16 8 1 
9390104523 1.5 20 5 4 15 18 9 16 0 3 12 17 8 2 1 7 19 10 6 14 11 13 5 
3769285619 1.5 20 5 11 12 8 6 2 10 15 3 1 14 5 16 7 9 17 19 0 18 13 4 
1975438703 1.5 20 5 11 14 16 13 10 19 6 2 0 9 18 7 8 3 15 5 17 4 1 12 
8942997363 1.5 20 5 0 12 10 18 15 16 9 11 17 4 2 5 7 1 13 14 6 19 8 3 
10405011804 1.5 20 5 14 15 1 6 9 3 10 12 8 18 16 4 13 11 2 19 5 0 17 7 
7792502332 1.5 20 5 19 14 9 12 5 7 6 0 3 13 4 15 8 18 17 11 10 16 2 1 
3321881881 1.5 20 5 3 12 0 2 4 7 19 13 16 8 18 11 9 15 17 6 5 1 14 10 
3523254809 1.5 20 5 7 15 9 16 1 5 14 3 18 13 8 12 4 10 6 11 17 0 2 19 
8754854587 1.5 20 5 1 7 9 6 4 14 11 19 3 15 5 17 13 16 10 18 0 8 12 2 
3507432218 1.5 20 5 3 7 10 0 13 5 16 4 14 1 11 15 19 18 2 17 9 8 12 6 
9245871752 1.5 20 5 17 14 10 18 7 19 8 4 13 2 1 16 12 15 0 11 5 9 3 6 
1716974905 1.5 20 5 4 0 2 14 19 11 17 10 18 12 8 13 15 6 7 5 1 3 16 9 
2290890180 1.5 20 5 2 12 1 19 0 14 3 7 11 6 8 10 16 13 18 15 17 9 4 5 
7475844460 1.5 20 5 2 3 4 17 15 10 1 13 6 11 5 19 12 16 14 0 8 7 9 18 
4496996159 1.5 20 5 18 3 1 19 8 11 2 16 14 4 10 0 6 7 5 12 15 9 17 13 
7711798218 1.5 20 5 3 5 11 13 0 8 9 14 7 17 1 15 2 19 12 18 6 10 4 16 
6319477790 1.5 20 5 8 2 9 12 1 6 10 0 19 3 17 7 4 5 11 15 14 16 13 18 
4328991665 1.5 20 5 14 7 1 15 5 2 6 10 13 3 16 9 19 12 0 8 4 11 18 17 
2322790052 1.5 20 5 16 7 2 13 6 15 19 9 18 1 14 11 8 3 0 12 17 10 5 4 
1891704764 1.5 20 5 11 2 10 18 14 4 6 1 16 3 17 19 7 15 8 9 0 12 13 5 
9548452058 1.5 20 5 17 3 10 2 18 12 0 4 5 8 1 15 16 6 7 14 11 19 13 9 
9446700571 1.5 20 5 18 2 0 11 14 19 9 15 17 6 4 3 12 5 7 10 8 13 16 1 
821518982 1.5 20 5 5 17 7 0 10 4 11 3 2 6 9 15 13 8 18 16 12 14 19 1 
8523967768 1.5 20 5 7 8 19 11 0 15 5 10 13 6 14 12 4 3 16 2 18 1 9 17 
3800346965 1.5 20 5 0 4 9 13 6 7 10 14 17 5 3 1 19 15 11 2 12 16 8 18 
4969371743 1.5 20 5 7 1 13 18 10 0 4 12 14 5 16 11 6 3 19 15 8 2 17 9 
4481499087 1.5 20 5 2 18 12 5 6 4 1 7 13 0 16 17 15 10 8 19 14 3 9 11 
8211378983 1.5 20 5 17 5 16 19 14 8 18 0 15 13 2 10 3 1 9 7 6 11 12 4 
8333106394 1.5 20 5 15 2 18 1 3 13 17 10 4 14 11 5 0 6 19 8 16 7 12 9 
9383300157 1.5 20 5 2 7 0 16 8 13 5 19 10 6 1 9 17 12 11 4 14 3 18 15 
3915108144 1.5 20 5 5 11 17 14 0 3 18 4 19 2 7 16 9 10 15 6 13 8 12 1 
9068934430 1.5 20 5 13 12 0 5 10 19 4 17 16 1 9 18 7 11 2 3 14 8 15 6 
3952177193 1.5 20 5 19 10 16 2 18 15 3 1 8 12 0 7 5 13 11 4 6 17 9 14 
5782003250 1.5 20 5 10 16 8 3 12 0 1 2 14 6 4 17 13 5 11 9 15 18 7 19 
6908734693 1.5 20 5 2 0 12 15 7 16 8 6 9 19 18 5 4 14 3 17 1 11 10 13 
3791038941 1.5 20 5 15 16 6 5 11 2 13 18 3 1 9 10 12 17 4 19 0 8 14 7 
7804611441 1.5 20 5 15 5 9 10 2 19 3 8 18 6 1 17 13 16 12 0 14 7 4 11 
3356275214 1.5 20 5 7 13 6 5 11 2 17 19 4 12 16 9 18 3 15 1 0 10 8 14 
2208369726 1.5 20 5 17 1 10 12 16 13 4 5 14 9 0 3 18 11 6 19 8 2 7 15 
5020352271 1.5 20 5 10 15 13 0 5 9 16 6 8 14 1 11 2 12 3 7 19 4 17 18 
6250659585 1.5 20 5 7 14 0 15 9 4 2 1 18 8 5 13 6 17 16 11 19 12 10 3 
8076684823 1.5 20 5 15 6 10 9 1 16 4 3 19 14 18 11 2 0 13 12 8 17 5 7 
4139805724 1.5 20 5 10 2 5 15 0 3 16 11 4 12 9 13 17 1 7 19 8 6 14 18 
3602809712 1.5 20 5 11 0 5 13 6 18 10 4 19 2 7 16 12 1 9 14 15 8 17 3 
1350786362 1.5 20 5 5 18 14 19 10 17 13 2 1 7 0 16 15 8 4 6 11 9 3 12 
2386835927 1.5 20 5 5 4 14 10 9 1 2 8 7 16 17 15 19 12 0 6 3 13 11 18 
6506761937 1.5 20 5 14 16 12 0 18 10 5 11 7 8 19 4 1 9 6 2 13 15 3 17 
3030161355 1.5 20 5 3 15 13 1 4 19 2 12 0 7 8 9 5 17 6 14 11 10 18 16 
5435602581 1.5 20 5 8 0 4 10 13 6 18 12 17 19 2 15 1 5 14 7 3 11 9 16 
7920373020 1.5 20 5 10 4 2 8 13 0 5 16 19 14 1 11 3 6 17 12 15 18 7 9 
7145817045 1.5 20 5 13 9 6 10 2 4 12 19 14 11 3 0 7 8 15 16 17 1 18 5 
4790115675 1.5 20 5 17 3 9 18 13 4 19 11 2 16 15 12 5 0 7 1 8 10 14 6 
3912423649 1.5 20 5 6 0 18 4 12 13 14 1 9 10 17 7 2 11 19 3 16 15 5 8 
6560176564 1.5 20 5 15 10 9 18 0 12 16 7 14 3 8 19 5 11 13 4 17 6 1 2 
1709587525 1.5 20 5 6 5 17 3 2 4 1 14 0 10 12 13 9 16 18 19 15 11 7 8 
4910646027 1.5 20 5 11 8 4 19 6 15 14 2 5 7 17 18 0 3 10 16 13 1 9 12 
7497924400 1.5 20 5 11 17 0 19 1 16 7 2 6 4 10 14 12 9 5 18 13 15 8 3 
5980036433 1.5 20 5 14 19 10 15 8 3 17 9 0 2 12 18 13 6 11 1 5 7 4 16 
8670350416 1.5 20 5 4 12 14 2 3 10 16 9 6 1 19 5 0 15 13 17 7 8 11 18 
4054618226 1.5 20 5 18 1 9 14 4 10 15 3 7 12 13 16 6 11 5 19 0 2 8 17 
9243273516 1.5 20 5 1 3 18 4 15 2 16 9 5 6 11 10 14 17 7 19 0 12 8 13 
2924826888 1.5 20 5 16 13 8 1 12 4 3 7 9 11 0 18 15 10 14 5 6 19 2 17 
2850762227 1.5 20 5 9 19 11 4 13 14 16 1 2 6 0 8 3 18 15 7 10 12 17 5 
9260002446 1.5 20 5 15 9 5 16 7 10 3 6 17 11 19 12 18 2 4 0 8 13 14 1 
9594197929 1.5 20 5 19 0 2 3 16 17 5 7 4 13 10 11 14 18 6 8 9 12 1 15 
4313617794 1.5 20 5 6 18 8 3 15 7 14 2 4 0 13 16 17 11 9 19 10 1 12 5 
6478511256 1.5 20 5 6 9 11 12 0 2 16 14 19 10 18 15 1 17 7 4 8 3 5 13 
7826641101 1.5 20 5 15 0 9 8 4 6 11 12 2 10 17 19 3 13 1 14 5 18 7 16 
3502491009 1.5 20 5 12 14 6 15 16 18 10 8 9 3 13 5 11 0 4 2 17 19 7 1 
2458662457 1.5 20 5 11 19 9 14 5 16 0 10 8 15 1 7 3 6 4 13 2 12 18 17 
9083683611 1.5 20 5 17 12 2 8 0 5 16 6 14 7 18 4 3 10 15 13 11 1 9 19 
8790501582 1.5 20 5 19 5 18 2 14 10 7 1 8 0 11 9 12 17 6 15 3 16 4 13 
1885306969 1.5 20 5 11 4 18 2 12 0 17 13 10 15 16 5 6 9 3 14 8 7 1 19 
2160764008 1.5 20 5 18 9 3 13 16 5 12 19 0 14 11 15 17 2 10 7 4 1 6 8 
9219089389 1.5 20 5 8 18 0 19 17 1 4 10 5 13 16 9 15 7 12 3 11 6 14 2 
3005899901 1.5 20 5 8 9 4 15 16 18 17 5 0 6 10 12 19 2 3 7 14 13 1 11 
1308972300 1.5 20 5 6 15 12 9 3 19 0 1 13 17 5 11 4 10 2 8 18 16 7 14 
7511959572 1.5 20 5 3 8 4 0 9 11 6 14 16 7 17 10 5 19 1 12 18 2 13 15 
4355397765 1.5 20 5 1 16 8 18 4 7 15 3 12 19 13 5 17 14 9 11 0 2 10 6 
4665202261 1.5 20 5 19 5 0 18 14 7 4 2 13 11 16 10 9 6 8 3 17 12 15 1 
32468357 1.5 20 5 10 15 17 4 1 19 0 5 6 18 16 8 3 2 13 12 14 9 7 11 
7143998435 1.5 20 5 14 3 9 0 13 10 11 8 4 2 7 19 1 6 15 5 12 17 16 18 
1626911701 1.5 20 5 3 16 13 10 6 7 0 18 15 8 5 1 12 17 14 19 2 11 9 4 
3277969412 1.5 20 5 5 9 12 10 15 18 0 19 4 17 7 1 16 14 6 2 11 13 3 8 
7395924639 1.5 20 5 15 2 9 17 0 10 13 4 5 8 12 3 18 6 16 19 14 7 11 1 
1460662124 1.5 20 5 6 3 9 0 11 16 8 18 14 19 12 5 2 15 13 1 17 7 4 10 
2773737276 1.5 20 5 0 13 2 7 15 8 17 16 9 19 3 1 5 6 14 4 11 12 10 18 
10536843061 1.5 20 5 11 14 16 19 15 4 17 18 2 1 10 9 7 3 6 12 13 0 8 5 
8474884320 1.5 20 5 17 6 15 18 0 12 2 3 4 13 1 5 7 9 16 10 8 11 14 19 
9976952977 1.5 20 5 4 5 12 1 3 6 8 19 2 15 13 10 16 9 14 17 0 18 11 7 
271013101 1.5 20 5 12 3 9 14 10 17 1 15 6 8 19 16 4 11 0 7 2 13 5 18 
7469324782 1.5 20 5 3 10 6 5 13 15 8 4 12 18 17 19 7 9 0 16 14 2 11 1 
2816449835 1.5 20 5 12 19 8 10 5 13 18 9 17 15 7 2 1 4 3 14 6 0 16 11 
7330248910 1.5 20 5 1 17 18 5 6 2 4 10 9 14 0 7 16 13 8 15 11 12 19 3 
466163720 1.5 20 5 14 1 16 17 10 12 3 18 5 13 7 8 19 2 6 4 11 15 0 9 
5383321243 1.5 20 5 12 17 8 19 16 18 7 3 5 9 2 15 13 10 11 4 14 6 0 1 
3265112114 1.5 20 5 1 10 19 0 18 15 14 3 12 17 8 6 11 2 9 16 7 13 4 5 
8198095986 1.5 20 5 12 0 8 17 1 19 9 15 6 10 13 2 7 16 5 4 18 3 11 14 
4335996986 1.5 20 5 12 2 1 0 15 16 5 14 18 10 13 9 6 11 7 8 19 3 4 17 
8863388922 1.5 20 5 1 6 15 18 3 10 13 5 16 12 0 8 9 19 2 11 17 7 4 14 
4197679970 1.5 20 5 1 8 3 12 4 19 2 15 7 16 18 6 0 11 17 13 5 9 10 14 
8049016252 1.5 20 5 9 6 2 4 16 18 13 17 1 0 19 11 8 12 3 15 5 10 7 14 
8696068652 1.5 20 5 9 19 0 17 6 16 11 10 1 8 5 4 14 2 3 15 18 7 12 13 
2109532199 1.5 20 5 12 5 13 11 15 6 7 4 1 8 3 17 9 10 2 16 14 19 18 0 
8406653330 1.5 20 5 0 11 2 3 8 12 1 5 10 7 18 16 15 17 13 14 19 4 6 9 
2369858893 1.5 20 5 11 17 19 7 10 8 16 13 6 18 1 9 15 5 14 0 3 12 2 4 
8927758467 1.5 20 5 1 6 19 0 12 5 15 14 8 9 10 2 17 16 13 4 7 18 11 3 
9757100084 1.5 20 5 4 12 0 16 6 9 14 17 11 7 18 8 1 15 19 10 5 3 13 2 
1426827846 1.5 20 5 2 10 13 16 11 18 4 9 1 7 14 17 6 8 12 15 0 3 5 19 
8295026213 1.5 20 5 16 13 7 0 19 8 11 17 9 3 1 2 4 5 15 18 12 10 14 6 
5158830914 1.5 20 5 12 0 15 8 5 19 14 9 10 11 2 13 3 16 1 4 18 6 7 17 
2745449489 1.5 20 5 9 5 18 0 2 1 8 4 15 10 14 16 19 6 7 11 3 17 12 13 
9793225057 1.5 20 5 5 9 19 1 18 17 4 11 6 2 3 14 16 7 13 0 8 10 12 15 
511171668 1.5 20 5 7 6 1 5 16 17 8 0 19 11 15 10 14 18 2 12 9 13 4 3 
1425503439 1.5 20 5 17 0 12 6 16 13 15 8 18 3 14 19 7 2 5 10 1 11 9 4 
2977871729 1.5 20 5 2 1 6 14 16 17 4 11 8 9 0 3 5 18 13 15 7 12 10 19 
3262765513 1.5 20 5 1 9 5 16 19 6 13 15 18 4 8 14 11 2 0 12 3 17 10 7 
8964939349 1.5 20 5 1 5 15 13 7 4 16 14 8 9 10 19 6 18 12 3 17 2 11 0 
6771515483 1.5 20 5 12 17 15 16 2 13 11 10 8 3 19 9 4 0 18 1 6 7 5 14 
6289064816 1.5 20 5 5 13 7 17 8 6 16 2 1 14 10 0 15 11 19 3 12 9 4 18 
720842428 1.5 20 5 16 0 18 14 12 6 3 9 13 5 19 7 1 4 17 2 11 15 8 10 
846074957 1.5 20 5 14 10 5 9 15 8 2 11 13 6 3 16 19 0 18 7 12 1 4 17 
9791009386 1.5 20 5 15 3 7 5 8 19 6 4 10 11 1 14 16 9 12 17 0 2 18 13 
339499162 1.5 20 5 7 18 14 13 1 11 12 5 17 9 0 2 3 19 8 10 4 16 6 15 
10667019368 1.5 20 5 16 12 15 17 3 11 18 1 6 9 7 2 5 0 13 10 19 4 8 14 
1220642372 1.5 20 5 6 17 14 19 16 13 11 18 3 4 2 0 8 5 12 15 7 9 10 1 
3316582911 1.5 20 5 3 1 11 8 19 13 7 4 12 16 0 5 17 15 18 2 9 10 14 6 
6929059113 1.5 20 5 19 4 11 13 9 10 1 18 17 6 15 16 5 3 8 2 12 14 0 7 
6538384577 1.5 20 5 4 19 6 17 15 12 2 14 10 18 8 16 9 0 11 5 3 1 7 13 
10556890574 1.5 20 5 10 2 5 0 19 18 16 4 8 11 7 17 3 14 1 9 15 6 12 13 
6979422922 1.5 20 5 16 3 6 17 11 18 9 14 12 13 10 5 1 2 0 8 15 7 4 19 
8618244446 1.5 20 5 13 5 3 6 1 18 14 16 19 4 12 2 17 10 9 15 0 8 7 11 
10696274064 1.5 20 5 18 12 10 16 11 5 15 9 1 4 3 13 14 6 0 19 7 8 2 17 
10596018121 1.5 20 5 0 4 5 10 15 7 18 14 8 16 3 2 12 11 1 17 6 19 13 9 
5633086823 1.5 20 5 4 11 7 0 2 6 18 1 3 13 14 17 15 19 10 16 5 8 9 12 
10352594440 1.5 20 5 9 4 11 8 7 15 18 13 19 14 12 1 17 6 2 5 16 10 3 0 
4921938950 1.5 20 5 1 15 9 16 5 7 8 4 19 11 18 13 10 12 6 3 14 17 0 2 
558308918 1.5 20 5 10 9 4 17 16 19 8 15 7 3 18 6 12 5 2 1 0 11 13 14 
4278556388 1.5 20 5 7 18 15 14 1 11 0 2 13 3 10 5 9 17 19 12 8 6 4 16 
6455260661 1.5 20 5 14 3 13 4 18 7 19 10 9 17 1 16 15 5 0 8 6 12 11 2 
10110418206 1.5 20 5 12 18 13 0 1 11 5 19 6 16 9 3 2 7 17 14 4 15 10 8 
4797029832 1.5 20 5 1 8 11 16 4 0 14 3 19 10 12 7 5 17 2 13 18 6 9 15 
4354195710 1.5 20 5 14 0 3 5 16 8 4 7 1 13 10 9 11 15 12 2 17 18 19 6 
1945587391 1.5 20 5 10 11 1 16 13 8 5 0 4 12 18 15 7 19 6 14 2 3 17 9 
3362061374 1.5 20 5 18 4 10 6 7 5 17 12 0 3 8 19 15 2 16 11 1 14 9 13 
3925229262 1.5 20 5 6 10 19 0 9 13 15 1 3 2 17 7 12 5 4 8 14 11 18 16 
7004473360 1.5 20 5 5 10 2 4 16 17 15 0 12 6 8 18 3 11 14 19 1 13 7 9 
716662995 1.5 20 5 7 5 1 13 11 18 12 3 8 17 0 4 15 19 9 10 16 2 6 14 
272744591 1.5 20 5 4 19 9 2 3 1 5 14 16 17 11 7 6 18 12 0 13 10 8 15 
8549355696 1.5 20 5 4 13 16 7 17 5 1 8 0 2 9 6 19 12 10 15 18 11 3 14 
9695217764 1.5 20 5 17 2 8 13 3 4 18 10 15 7 5 19 6 0 12 9 16 11 14 1 
3215371057 1.5 20 5 11 18 17 1 5 9 12 13 2 14 19 0 7 3 10 4 16 8 15 6 
5959656133 1.5 20 5 0 19 7 13 18 14 3 2 6 8 10 1 12 11 15 9 5 17 4 16 
1328295137 1.5 20 5 4 18 11 9 8 1 15 12 10 3 7 19 6 0 16 17 14 2 5 13 
7486348712 1.5 20 5 5 11 0 18 14 9 2 1 4 19 7 15 3 6 8 12 13 10 17 16 
2818778847 1.5 20 5 17 11 14 8 3 2 15 19 10 5 18 0 4 9 6 1 13 12 7 16 
4757065323 1.5 20 5 1 7 15 4 17 11 13 6 12 14 10 18 2 19 9 0 3 5 8 16 
9485124295 1.5 20 5 12 7 5 14 11 9 15 4 16 2 1 8 0 10 13 6 3 19 17 18 
3528958363 1.5 20 5 15 13 17 18 4 2 11 9 16 0 7 12 19 3 8 10 1 6 14 5 
7179211188 1.5 20 5 10 19 14 5 17 1 8 16 2 13 15 6 12 0 7 11 4 9 3 18 
8601682540 1.5 20 5 3 12 14 8 13 7 15 17 2 5 4 6 11 19 9 1 0 16 10 18 
9930870558 1.5 20 5 2 10 19 3 8 15 18 13 7 0 9 4 16 12 6 1 17 5 11 14 
4191112718 1.5 20 5 4 18 2 7 6 1 13 19 9 15 12 16 11 14 0 17 5 10 8 3 
1488978087 1.5 20 5 18 14 1 12 15 16 9 5 8 13 6 19 11 7 0 4 17 3 2 10 
4708579249 1.5 20 5 10 16 6 3 0 13 15 11 1 14 4 9 5 12 19 18 2 17 7 8 
5798987818 1.5 20 5 5 8 11 9 7 16 2 1 14 13 17 15 3 10 19 12 6 4 0 18 
3346127593 1.5 20 5 10 13 17 9 12 6 11 1 18 8 19 2 5 0 4 14 7 3 15 16 
7723295160 1.5 20 5 0 17 15 1 13 12 6 10 11 18 3 5 16 7 2 8 19 9 4 14 
9038394581 1.5 20 5 19 0 3 18 2 1 17 5 14 9 15 16 4 8 11 7 10 12 6 13 
5387644640 1.5 20 5 9 8 16 12 17 11 5 4 13 1 19 7 2 0 10 3 18 15 14 6 
2662560381 1.5 20 5 1 19 11 2 8 18 5 15 13 9 0 6 4 10 17 7 3 14 16 12 
3965841491 1.5 20 5 13 17 8 3 7 1 6 16 10 11 5 9 2 12 19 15 18 14 4 0 
10164521771 1.5 20 5 5 8 17 12 10 7 19 3 11 15 13 4 2 6 16 9 18 1 0 14 
7498781409 1.5 20 5 15 14 5 0 8 11 2 10 19 3 9 7 6 12 1 13 16 18 17 4 
4480638308 1.5 20 5 11 17 14 0 12 6 7 9 1 8 5 16 4 18 15 10 19 3 2 13 
1405230645 1.5 20 5 2 18 7 0 9 5 6 17 12 8 3 14 15 11 13 10 1 4 16 19 
9510099845 1.5 20 5 19 7 1 2 6 8 11 5 0 17 14 4 9 10 16 12 15 13 18 3 
4765239839 1.5 20 5 1 19 16 4 10 12 11 13 15 3 2 14 17 18 8 6 0 5 9 7 
7382920124 1.5 20 5 18 8 6 7 15 1 9 17 14 16 3 13 5 12 4 2 11 10 0 19 
7239698294 1.5 20 5 1 7 13 19 0 16 8 12 11 4 3 15 6 10 9 2 5 17 18 14 
2235551591 1.5 20 5 6 7 4 17 18 9 14 5 0 19 13 10 2 11 8 1 16 15 3 12 
9323252603 1.5 20 5 14 4 5 11 1 18 8 9 15 10 6 7 16 12 3 19 0 2 17 13 
6173559458 1.5 20 5 17 8 7 18 6 11 16 5 12 10 13 2 1 4 15 0 19 14 3 9 
2681378561 1.5 20 5 16 17 13 0 2 11 12 7 15 9 1 5 8 18 10 3 14 6 4 19 
4449145924 1.5 20 5 4 16 7 10 5 15 6 12 9 2 17 11 1 18 0 3 13 8 19 14 
5671302773 1.5 20 5 17 15 6 18 16 8 9 10 1 0 5 2 7 3 19 13 4 11 12 14 
4435286704 1.5 20 5 1 8 12 18 10 19 13 17 16 6 0 3 7 15 14 4 11 9 5 2 
1234055791 1.5 20 5 8 6 1 5 12 7 13 0 19 10 18 2 16 4 3 14 9 11 17 15 
9646459153 1.5 20 5 9 7 3 12 16 4 8 0 6 10 18 19 2 11 13 14 17 15 5 1 
6175298083 1.5 20 5 6 11 9 8 17 14 0 18 7 13 15 2 16 10 5 19 1 4 12 3 
6702034380 1.5 20 5 19 12 18 4 13 17 2 16 14 5 3 0 7 10 1 11 8 6 9 15 
3811137379 1.5 20 5 19 0 4 15 12 10 18 17 9 5 1 3 11 2 6 13 14 16 7 8 
9178583769 1.5 20 5 9 1 8 13 19 7 11 17 3 5 2 0 18 10 14 16 6 4 15 12 
7766492088 1.5 20 5 18 19 9 6 3 11 2 17 13 10 0 1 12 4 15 14 7 16 5 8 
3127994488 1.5 20 5 7 4 14 16 10 18 19 11 8 2 15 6 9 3 0 5 13 17 1 12 
7035736346 1.5 20 5 16 15 12 7 17 13 5 19 14 8 11 0 18 9 3 2 4 1 10 6 
9440918030 1.5 20 5 0 9 3 2 10 8 19 15 18 11 5 14 13 7 6 17 4 16 1 12 
7747968515 1.5 20 5 5 12 7 16 18 4 0 13 8 6 3 9 15 17 10 2 14 19 1 11 
2153394044 1.5 20 5 13 2 14 18 15 16 1 4 3 6 17 10 0 9 12 8 5 19 7 11 
8545375745 1.5 20 5 19 9 6 4 14 5 18 3 7 11 0 13 10 16 17 1 12 8 2 15 
104003556 1.5 20 5 12 18 5 8 15 7 3 17 14 2 19 10 6 11 4 0 13 16 9 1 
8249187117 1.5 20 5 11 7 0 12 5 2 19 4 13 1 10 18 9 8 17 15 16 14 3 6 
516229939 1.5 20 5 3 1 4 6 5 16 18 14 19 7 13 2 12 11 15 0 10 9 17 8 
7967382477 1.5 20 5 3 17 15 16 19 7 8 13 0 2 5 11 12 1 6 4 9 18 10 14 
2567243175 1.5 20 5 6 1 11 13 7 14 17 8 2 0 3 10 19 12 9 18 15 5 16 4 
6812393620 1.5 20 5 5 19 15 0 11 16 9 12 17 3 6 8 18 2 13 10 7 1 14 4 
10272734182 1.5 20 5 6 17 0 19 2 10 1 12 7 16 3 9 15 11 13 14 4 8 5 18 
4835121491 1.5 20 5 11 9 3 10 2 15 0 13 8 6 14 18 17 19 1 12 7 4 5 16 
1477689406 1.5 20 5 13 7 2 9 17 4 3 1 6 18 5 19 11 10 12 15 8 16 14 0 
5038971334 1.5 20 5 13 8 6 16 3 2 11 19 1 4 10 0 15 9 12 5 14 7 18 17 
4618473199 1.5 20 5 12 11 19 13 8 2 0 10 17 14 5 6 9 3 1 15 16 7 4 18 
2839296830 1.5 20 5 6 14 9 15 8 12 18 4 17 3 10 5 0 19 2 1 7 11 16 13 
5438827904 1.5 20 5 4 11 7 9 12 2 5 16 19 1 3 0 15 13 6 8 14 10 18 17 
9738368464 1.5 20 5 12 4 0 7 8 1 9 18 15 14 17 13 10 6 3 5 2 19 11 16 
2386332489 1.5 20 5 18 2 5 8 14 9 17 4 16 13 19 3 0 6 1 10 15 11 12 7 
8536261184 1.5 20 5 15 2 19 8 0 4 3 7 5 18 14 9 11 17 10 12 1 13 16 6 
3403863844 1.5 20 5 3 17 16 13 2 7 5 1 14 10 15 18 0 19 9 12 6 4 11 8 
9281960070 1.5 20 5 14 17 16 8 4 12 6 2 5 11 9 13 19 3 0 18 1 10 7 15 
1653954930 1.5 20 5 5 9 16 19 18 3 12 7 11 2 1 6 14 15 8 10 0 17 4 13 
674307986 1.5 20 5 3 13 6 19 7 8 17 4 16 18 9 10 1 2 12 5 0 15 14 11 
489884614 1.5 20 5 18 9 15 14 19 16 8 1 2 4 13 0 3 5 6 10 11 12 17 7 
10121096831 1.5 20 5 18 14 10 2 8 1 0 16 13 15 5 9 11 4 6 19 3 7 17 12 
104990548 1.5 20 5 14 4 18 12 7 5 13 17 1 8 11 2 3 19 9 16 10 15 0 6 
8356112333 1.5 20 5 14 17 15 11 6 10 0 18 13 12 8 9 2 7 4 5 19 3 16 1 
100250639 1.5 20 5 15 0 2 16 4 19 12 3 1 11 10 17 7 13 18 9 8 14 5 6 
1775853768 1.5 20 5 0 15 3 5 18 6 17 12 2 16 8 14 11 9 7 19 1 13 10 4 
6468852445 1.5 20 5 19 7 10 15 3 8 16 5 1 9 6 0 4 13 17 14 11 2 12 18 
1319637770 1.5 20 5 17 14 7 15 2 10 4 12 8 19 9 13 3 6 18 16 5 11 1 0 
8969636851 1.5 20 5 18 3 16 2 4 12 17 6 19 11 7 9 14 15 8 0 10 1 5 13 
8359025351 1.5 20 5 16 15 0 6 2 10 5 13 7 9 1 18 19 3 12 14 17 11 4 8 
461498461 1.5 20 5 15 0 9 7 12 4 2 8 5 6 3 10 14 19 18 17 1 16 13 11 
6142823031 1.5 20 5 13 17 14 19 10 12 0 1 7 16 18 2 3 8 15 4 9 5 6 11 
3855427838 1.5 20 5 19 5 13 0 6 16 18 9 17 11 4 15 12 1 10 7 3 8 14 2 
6696620276 1.5 20 5 14 11 9 4 5 1 3 19 15 10 16 2 8 13 6 12 18 0 17 7 
10282466100 1.5 20 5 19 16 10 1 2 5 8 12 3 14 0 9 13 18 15 7 17 4 11 6 
7921457399 1.5 20 5 19 14 17 8 10 11 9 16 3 1 12 4 6 15 0 2 5 7 18 13 
7882972751 1.5 20 5 13 8 17 16 5 4 7 2 12 10 1 15 6 3 9 0 19 11 14 18 
8507084168 1.5 20 5 15 2 9 5 7 10 17 12 0 16 4 8 3 13 19 14 1 18 6 11 
8063103711 1.5 20 5 19 18 12 5 6 2 17 11 7 14 0 8 3 1 9 16 15 13 10 4 
5179490709 1.5 20 5 14 5 16 17 4 12 1 13 18 11 2 8 3 19 0 7 9 10 6 15 
10018494866 1.5 20 5 11 7 5 17 13 4 15 18 12 0 1 2 8 19 10 9 6 14 16 3 
8063466875 1.5 20 5 8 3 10 13 2 12 0 7 16 14 19 4 5 6 1 9 11 15 17 18 
8748909020 1.5 20 5 13 0 9 12 10 8 17 7 19 4 6 2 5 18 14 15 1 3 16 11 
5597761415 1.5 20 5 18 9 12 19 8 5 10 0 17 16 13 14 4 1 15 2 6 11 7 3 
9323048140 1.5 20 5 4 6 16 11 10 0 14 1 9 7 2 5 18 13 8 19 17 15 3 12 
278358564 1.5 20 5 16 19 1 15 18 11 4 8 3 14 5 10 13 17 2 7 0 12 6 9 
4259588545 1.5 20 5 1 4 8 7 17 6 16 12 10 5 13 11 3 2 14 9 19 15 0 18 
3463832425 1.5 20 5 17 16 12 10 15 8 7 9 18 13 19 2 0 11 6 5 1 3 4 14 
1773007641 1.5 20 5 16 15 1 14 7 0 19 4 9 6 3 8 11 12 10 13 5 17 2 18 
2338221780 1.5 20 5 18 19 15 6 4 1 12 13 16 11 7 14 3 17 0 8 5 2 9 10 
7441555533 1.5 20 5 18 11 19 2 8 1 3 7 15 16 6 4 14 12 10 5 0 13 17 9 
1981408783 1.5 20 5 1 11 18 12 3 13 5 0 9 7 10 19 4 17 16 15 14 2 8 6 
7676976660 1.5 20 5 6 3 1 17 13 5 4 14 8 7 10 12 2 0 9 19 16 11 15 18 
4025930362 1.5 20 5 2 12 18 19 1 8 13 15 6 5 16 3 10 7 14 4 0 17 9 11 
5641975004 1.5 20 5 4 8 1 2 17 5 14 11 13 15 9 12 6 19 10 0 18 16 7 3 
910129796 1.5 20 5 8 13 19 7 0 5 12 16 10 2 18 14 11 4 9 3 15 1 17 6 
6693932059 1.5 20 5 6 16 19 0 15 4 5 17 1 7 12 11 14 13 10 3 18 8 2 9 
1917749759 1.5 20 5 19 6 7 0 11 2 1 18 14 15 13 4 9 16 10 3 17 8 5 12 
8102015221 1.5 20 5 4 18 2 14 0 10 15 1 13 9 7 8 3 11 12 16 5 19 17 6 
9663469281 1.5 20 5 5 18 13 15 10 8 7 17 16 2 4 1 0 11 6 14 9 3 12 19 
5391065242 1.5 20 5 3 4 19 13 5 8 18 1 14 15 17 2 11 0 16 10 9 6 7 12 
7199646901 1.5 20 5 6 15 14 8 4 16 11 2 0 12 17 7 9 13 18 5 19 10 1 3 
5772068241 1.5 20 5 9 12 4 1 18 0 8 15 16 13 3 14 7 11 17 2 6 19 10 5 
10497386191 1.5 20 5 16 15 14 13 9 6 2 4 3 17 1 8 5 0 11 10 18 19 7 12 
1680700531 1.5 20 5 2 10 8 19 14 4 11 18 15 7 17 16 13 5 6 1 0 9 3 12 
2333450501 1.5 20 5 17 13 18 10 2 16 3 0 1 11 12 5 4 9 8 19 6 15 7 14 
9367583171 1.5 20 5 15 4 18 14 3 2 17 7 11 19 16 10 6 0 9 5 12 8 1 13 
6839440154 1.5 20 5 1 11 6 10 14 7 16 15 18 12 2 13 5 0 4 8 17 9 19 3 
10076714836 1.5 20 5 12 19 14 8 4 1 7 3 11 16 9 6 0 10 13 5 2 15 17 18 
4661167148 1.5 20 5 8 18 4 1 11 3 6 12 2 7 0 19 10 17 15 14 16 13 5 9 
3203007442 1.5 20 5 15 19 2 1 3 14 10 11 0 12 7 5 6 4 9 8 13 17 18 16 
340689674 1.5 20 5 3 14 2 16 13 19 4 5 17 10 11 7 9 12 15 6 8 18 1 0 
125502378 1.5 20 5 14 3 18 16 2 8 0 13 6 7 5 17 11 4 10 12 15 1 19 9 
6903162722 1.5 20 5 1 6 7 2 3 12 14 10 8 4 5 13 18 16 9 11 17 19 15 0 
7077326435 1.5 20 5 11 14 10 8 4 3 5 15 9 6 16 2 7 0 18 1 12 19 13 17 
6153289570 1.5 20 5 3 0 8 4 2 19 1 7 15 16 5 11 6 13 14 9 17 18 10 12 
8880147082 1.5 20 5 0 10 6 5 8 18 16 2 3 19 15 1 17 14 11 13 7 12 9 4 
5067724338 1.5 20 5 4 10 9 7 16 1 19 17 15 13 3 12 14 6 11 0 2 5 18 8 
3428455503 1.5 20 5 6 12 0 14 16 17 9 15 19 8 7 5 13 1 11 3 4 18 10 2 
6866177215 1.5 20 5 14 18 9 16 11 5 8 7 3 19 1 10 0 6 4 2 15 17 12 13 
10724515682 1.5 20 5 5 3 11 0 15 9 19 16 4 18 17 2 14 6 10 1 13 7 12 8 
9446549202 1.5 20 5 4 3 14 15 8 18 6 10 0 2 19 1 16 7 5 12 13 9 11 17 
3184115396 1.5 20 5 16 9 19 14 4 6 17 7 13 10 5 12 8 11 15 0 18 1 2 3 
4220051889 1.5 20 5 13 4 6 2 9 11 12 5 19 7 17 18 10 8 1 15 14 3 16 0 
9490998885 1.5 20 5 10 6 4 1 9 3 19 15 16 11 0 18 12 8 13 5 14 7 2 17 
8050168226 1.5 20 5 16 3 5 7 2 9 0 4 1 19 12 11 13 8 15 17 18 14 6 10 
9895889212 1.5 20 5 17 18 7 0 10 3 9 1 6 13 14 8 15 4 2 19 12 16 11 5 
4107746109 1.5 20 5 17 7 0 15 14 13 10 1 6 18 11 3 9 2 5 19 16 8 12 4 
3560875098 1.5 20 5 13 1 18 6 9 19 12 10 0 3 15 14 4 5 8 11 16 7 2 17 
8405030665 1.5 20 5 9 18 2 11 3 0 7 8 14 4 12 1 15 13 17 6 5 19 16 10 
1271965763 1.5 20 5 0 17 13 19 10 16 9 14 12 3 4 8 1 18 2 6 5 7 15 11 
7940885366 1.5 20 5 16 0 10 8 9 5 1 15 7 4 6 3 2 11 13 14 18 12 19 17 
7783285088 1.5 20 5 0 10 9 1 13 16 18 14 7 6 3 19 2 8 17 12 4 15 11 5 
8894676038 1.5 20 5 14 15 19 4 11 5 12 8 10 0 9 2 16 1 6 18 3 7 13 17 
2601568337 1.5 20 5 12 15 6 5 4 8 0 16 10 3 1 13 11 7 9 18 17 19 2 14 
8461783532 1.5 20 5 3 15 9 7 1 13 4 12 19 18 2 0 5 17 11 14 8 6 10 16 
5902378293 1.5 20 5 19 12 17 18 4 0 9 5 3 15 6 11 7 16 10 1 14 13 2 8 
9782969089 1.5 20 5 4 1 2 9 16 12 18 5 10 17 0 15 13 7 14 3 6 8 19 11 
2364566362 1.5 20 5 19 2 11 1 16 8 15 7 14 13 18 3 12 5 0 4 9 6 10 17 
3710814809 1.5 20 5 11 18 4 1 8 12 14 7 10 17 2 19 5 13 15 16 3 0 9 6 
3336169289 1.5 20 5 0 4 8 14 16 19 18 7 1 6 5 17 3 10 2 15 11 13 9 12 
3562418632 1.5 20 5 13 3 16 11 4 5 8 7 14 9 19 10 2 18 1 6 15 12 17 0 
3265557416 1.5 20 5 17 11 8 1 15 2 13 12 7 6 0 19 3 5 9 16 4 10 14 18 
1664828302 1.5 20 5 1 15 14 5 11 12 3 4 9 8 17 7 13 18 2 6 16 19 10 0 
10682954015 1.5 20 5 14 13 5 9 2 17 11 19 4 7 8 3 16 15 12 1 6 18 0 10 
9313312092 1.5 20 5 16 13 11 8 1 3 6 10 5 4 15 0 7 12 17 9 19 2 18 14 
8034765762 1.5 20 5 7 8 13 10 19 11 2 17 0 4 5 3 18 6 12 1 15 14 16 9 
9505601030 1.5 20 5 2 0 11 14 18 19 7 9 5 1 8 4 6 3 12 13 17 10 16 15 
467071524 1.5 20 5 15 12 13 16 10 11 2 7 9 6 4 5 3 8 19 18 1 17 0 14 
9688654235 1.5 20 5 14 19 4 13 15 12 9 6 7 17 2 5 11 0 3 1 10 18 16 8 
10116427579 1.5 20 5 13 2 3 7 11 8 1 19 10 17 16 18 4 6 5 12 15 9 14 0 
7160918792 1.5 20 5 12 1 11 5 4 18 17 8 2 6 7 13 14 9 10 15 19 3 0 16 
6571888915 1.5 20 5 19 7 14 8 0 16 6 17 2 18 9 3 15 10 13 4 12 11 5 1 
5499475585 1.5 20 5 13 11 7 8 5 4 3 19 14 6 1 16 0 10 9 12 17 18 15 2 
6758283434 1.5 20 5 18 5 9 10 16 19 0 3 17 4 14 12 11 1 13 8 7 6 2 15 
3569753219 1.5 20 5 18 2 14 19 17 7 8 13 9 0 3 16 10 5 12 11 4 1 15 6 
6211123004 1.5 20 5 11 18 0 16 13 10 9 2 8 17 7 12 1 15 3 19 6 5 14 4 
3978998425 1.5 20 5 0 3 7 9 16 2 11 17 12 13 14 19 6 8 1 4 10 18 5 15 
10030153963 1.5 20 5 6 2 3 8 13 16 18 5 17 19 0 9 1 4 14 15 11 7 12 10 
5395146132 1.5 20 5 19 8 7 4 9 14 11 5 13 6 0 3 15 2 1 12 10 18 17 16 
3960901410 1.5 20 5 11 10 5 7 0 1 15 4 18 6 13 9 17 3 8 2 16 12 14 19 
3810674270 1.5 20 5 9 11 13 7 2 6 1 8 3 12 15 14 0 16 4 5 19 18 17 10 
6445726532 1.5 20 5 4 2 9 18 15 1 6 13 19 5 0 11 10 17 3 7 14 8 12 16 
2469813043 1.5 20 5 7 17 0 19 3 2 13 11 1 14 4 8 6 9 10 15 5 16 12 18 
5762897017 1.5 20 5 13 14 17 18 6 9 0 11 16 19 8 7 3 12 15 1 4 10 2 5 
6164606531 1.5 20 5 8 12 6 13 17 19 0 9 10 3 14 2 11 1 16 7 15 4 18 5 
255125811 1.5 20 5 11 8 0 12 3 4 18 2 7 16 13 10 17 9 14 15 1 5 19 6 
7633360404 1.5 20 5 14 9 5 4 15 19 12 3 17 0 1 7 2 18 16 11 8 13 6 10 
2788486425 1.5 20 5 10 7 9 16 18 8 3 2 15 12 6 13 19 5 1 4 11 0 17 14 
2535296055 1.5 20 5 5 1 18 14 11 7 9 4 17 15 0 13 16 19 12 10 8 2 6 3 
1758940284 1.5 20 5 4 6 5 15 9 2 1 16 11 8 14 7 0 3 10 13 18 17 19 12 
8697114436 1.5 20 5 5 6 10 8 14 19 4 1 12 15 0 3 13 16 17 11 2 7 9 18 
1581864864 1.5 20 5 4 17 18 6 13 19 14 12 8 9 16 7 2 1 5 11 15 3 0 10 
2413241712 1.5 20 5 17 4 1 3 11 7 0 18 14 16 8 9 6 5 12 15 19 2 13 10 
667126882 1.5 20 5 13 0 18 10 4 1 15 3 14 16 7 8 11 17 6 12 9 2 19 5 
5200519412 1.5 20 5 4 1 16 12 15 2 18 8 3 5 6 19 14 10 0 9 7 11 17 13 
4448580351 1.5 20 5 8 1 16 0 10 9 2 18 11 7 5 13 6 4 19 17 15 12 3 14 
8146665645 1.5 20 5 16 17 14 1 6 11 0 3 9 4 2 7 19 13 5 8 18 12 15 10 
2070611452 1.5 20 5 8 19 7 16 17 4 10 6 13 5 3 11 0 9 2 14 1 12 15 18 
6451343121 1.5 20 5 18 12 4 7 10 2 3 16 0 11 17 6 19 15 1 8 5 9 13 14 
4726642028 1.5 20 5 6 5 4 17 14 16 9 15 19 10 3 2 12 11 8 1 7 18 13 0 
10642978107 1.5 20 5 17 6 4 16 11 7 19 10 12 1 14 9 5 18 0 3 8 13 2 15 
10174060184 1.5 20 5 19 9 7 0 13 18 2 5 16 10 4 11 3 17 15 6 8 14 1 12 
1472387627 1.5 20 5 1 0 2 10 4 19 16 12 3 6 9 17 13 18 11 5 15 8 7 14 
6432146974 1.5 20 5 2 13 0 9 1 12 17 7 15 5 19 18 16 10 3 11 6 8 4 14 
9836293247 1.5 20 5 7 17 11 19 12 5 9 2 8 13 18 16 15 3 10 0 14 6 4 1 
4448982797 1.5 20 5 18 9 6 14 2 4 5 8 17 10 13 1 16 11 12 19 0 7 15 3 
7286079376 1.5 20 5 18 10 8 9 0 19 3 7 5 4 17 1 12 11 13 14 16 2 6 15 
5586968843 1.5 20 5 17 11 2 18 5 6 9 4 15 7 16 14 10 0 1 12 19 3 13 8 
3377194618 1.5 20 5 9 14 17 18 13 15 3 11 6 10 16 1 8 5 4 19 0 2 12 7 
8091929099 1.5 20 5 10 15 3 8 11 2 13 14 12 16 0 18 5 4 1 9 7 6 17 19 
10424590157 1.5 20 5 11 0 4 5 17 6 1 9 2 14 15 12 7 16 3 8 13 19 10 18 
9211233655 1.5 20 5 2 16 4 17 1 11 7 19 13 18 6 10 8 15 3 12 14 9 5 0 
1692461292 1.5 20 5 17 3 0 9 19 7 11 5 16 1 14 18 2 13 4 15 8 10 12 6 
10384240975 1.5 20 5 2 15 12 9 13 0 19 11 10 17 8 4 16 3 7 18 14 6 5 1 
2542256647 1.5 20 5 11 17 18 7 10 14 4 5 3 16 8 15 1 0 6 12 9 13 2 19 
6530128052 1.5 20 5 9 0 15 3 2 14 18 10 5 8 13 17 4 19 11 7 16 1 12 6 
1455089856 1.5 20 5 8 18 2 15 13 9 6 12 3 11 19 7 14 10 17 16 5 0 1 4 
2089367486 1.5 20 5 8 13 12 14 19 3 2 15 17 11 7 1 18 5 9 4 16 6 10 0 
4549042351 1.5 20 5 4 13 8 10 16 2 11 6 7 0 14 3 15 12 5 19 1 18 17 9 
8103280143 1.5 20 5 3 11 8 6 14 13 16 7 19 10 2 4 15 17 0 9 1 5 18 12 
8801014000 1.5 20 5 10 4 18 19 15 17 13 11 16 12 8 9 3 0 6 5 1 14 2 7 
1451759126 1.5 20 5 11 9 1 13 10 7 12 15 2 8 0 4 18 5 16 17 14 3 6 19 
1566543047 1.5 20 5 8 15 14 4 13 7 18 6 1 2 19 3 9 16 12 0 17 11 10 5 
3572607382 1.5 20 5 12 7 18 9 13 0 11 1 19 17 6 2 5 16 4 15 10 3 14 8 
1348919968 1.5 20 5 10 0 15 2 18 17 12 11 9 14 7 19 13 4 16 6 1 5 3 8 
4379102051 1.5 20 5 6 10 0 12 1 9 4 15 2 17 13 16 18 5 19 11 3 14 7 8 
9374812712 1.5 20 5 9 15 0 8 3 1 17 18 19 12 10 7 16 14 4 13 6 11 5 2 
627816811 1.5 20 5 10 18 14 4 12 9 6 16 8 7 2 11 1 17 15 3 0 19 5 13 
4290991412 1.5 20 5 12 17 5 18 6 7 1 19 14 13 16 9 3 11 0 4 15 2 8 10 
217594680 1.5 20 5 19 10 9 18 8 2 5 3 6 14 7 11 12 4 17 0 16 1 13 15 
6266202452 1.5 20 5 11 13 5 6 2 7 16 15 10 18 12 17 0 9 14 3 1 4 19 8 
508534424 1.5 20 5 12 9 13 17 6 14 0 7 5 15 4 18 1 8 19 10 11 16 2 3 
4414925672 1.5 20 5 10 8 12 15 1 2 16 14 17 18 6 11 9 7 0 5 19 13 3 4 
6383564038 1.5 20 5 12 7 0 19 16 4 11 5 1 9 10 15 6 8 18 14 3 17 2 13 
9810399837 1.5 20 5 3 12 5 15 9 8 14 11 13 10 19 0 4 2 18 6 1 17 7 16 
9614545325 1.5 20 5 16 4 11 5 0 2 18 9 15 19 12 13 1 8 14 17 3 10 6 7 
9984411976 1.5 20 5 17 18 16 4 7 10 12 1 6 3 13 0 14 2 19 9 8 11 5 15 
5656226951 1.5 20 5 18 2 9 11 6 5 19 4 3 1 13 15 17 14 7 10 16 12 8 0 
4281339880 1.5 20 5 6 5 13 0 8 11 18 15 7 4 17 10 2 16 9 3 19 12 14 1 
9933245094 1.5 20 5 12 11 1 13 8 7 6 17 10 19 14 4 3 16 9 15 5 18 0 2 
4478599686 1.5 20 5 1 6 0 7 18 2 12 3 13 11 5 8 10 4 9 19 16 17 14 15 
7007637235 1.5 20 5 1 18 8 13 14 6 12 5 4 3 10 7 19 17 0 9 16 2 15 11 
2446109248 1.5 20 5 6 16 18 9 13 19 14 0 11 3 10 4 2 12 5 1 15 17 8 7 
6501878356 1.5 20 5 14 15 6 19 9 17 3 11 16 4 7 8 10 2 0 1 5 13 12 18 
2983737271 1.5 20 5 17 10 3 11 18 14 19 13 7 9 12 15 0 16 4 6 8 1 5 2 
8721537564 1.5 20 5 6 9 12 11 13 17 2 4 1 15 10 8 14 3 7 19 18 16 0 5 
2434733450 1.5 20 5 6 1 4 0 11 9 17 3 12 13 10 19 15 18 14 7 8 5 16 2 
7117322612 1.5 20 5 0 15 7 2 9 16 17 18 19 13 6 1 12 8 14 3 5 10 4 11 
3404103195 1.5 20 5 18 14 15 9 4 3 10 13 17 7 5 2 1 0 16 6 19 8 12 11 
4981634528 1.5 20 5 4 10 0 2 17 9 13 16 11 15 1 8 18 6 12 19 3 5 7 14 
7656430046 1.5 20 5 13 10 18 5 8 15 6 14 3 2 7 4 16 19 12 0 17 11 9 1 
7167808712 1.5 20 5 8 9 13 18 6 11 3 17 0 12 4 14 2 5 15 19 16 7 10 1 
5735552223 1.5 20 5 0 15 17 13 18 12 1 6 7 10 5 11 8 2 16 9 19 3 4 14 
2101952779 1.5 20 5 5 13 4 3 14 18 9 10 8 17 16 7 0 6 2 15 19 1 11 12 
6749344969 1.5 20 5 18 8 12 3 19 4 1 2 5 7 6 13 10 16 15 0 17 9 14 11 
535714019 1.5 20 5 3 19 7 11 13 16 1 4 9 0 15 12 18 14 17 8 5 10 2 6 
6862155352 1.5 20 5 16 14 17 13 19 1 4 7 2 6 0 18 10 3 8 11 9 15 5 12 
2872055342 1.5 20 5 5 3 4 8 6 10 13 7 2 18 9 16 15 0 17 11 19 14 12 1 
9206117779 1.5 20 5 1 0 14 16 10 9 17 2 7 13 18 11 6 4 15 19 5 12 8 3 
6864245617 1.5 20 5 7 2 15 12 0 5 13 8 3 18 4 9 14 1 6 17 19 16 10 11 
6520544332 1.5 20 5 6 10 15 18 5 13 14 2 17 3 4 1 9 11 16 8 12 0 7 19 
3930638599 1.5 20 5 10 12 11 7 18 19 8 17 15 0 16 9 6 2 4 13 14 1 5 3 
8424913030 1.5 20 5 9 6 5 14 19 2 3 4 8 10 18 16 15 1 7 13 12 0 11 17 
1437884560 1.5 20 5 14 12 8 16 10 7 5 4 18 11 6 17 0 9 2 13 19 15 1 3 
3332165164 1.5 20 5 11 10 12 19 2 17 9 8 7 14 1 4 5 15 18 0 16 3 13 6 
2866996167 1.5 20 5 0 3 15 2 7 12 13 18 6 10 5 8 14 4 17 9 11 1 19 16 
1725773256 1.5 20 5 1 15 17 4 8 9 12 14 2 11 18 5 10 16 3 6 13 7 0 19 
7407200247 1.5 20 5 0 6 9 3 14 15 17 16 10 13 1 8 18 12 7 11 5 2 19 4 
2966779695 1.5 20 5 9 8 19 14 3 10 1 12 5 2 13 16 7 17 4 6 18 15 0 11 
4878566552 1.5 20 5 3 2 11 0 10 1 16 4 19 8 14 18 6 13 12 7 17 5 15 9 
6581492909 1.5 20 5 4 10 0 19 14 1 9 13 17 18 12 16 2 6 7 8 5 3 11 15 
10066372557 1.5 20 5 11 15 1 9 7 19 10 13 18 17 6 12 2 3 0 14 5 8 4 16 
1280018245 1.5 20 5 9 17 1 8 18 15 7 5 12 19 10 3 11 14 16 2 4 6 13 0 
9176433502 1.5 20 5 0 17 8 7 3 10 2 18 4 12 6 19 11 13 14 16 15 5 9 1 
4699739676 1.5 20 5 14 17 6 0 13 3 7 5 4 18 15 12 2 19 8 16 11 10 9 1 
5652974084 1.5 20 5 6 3 10 15 11 1 8 2 13 17 0 9 5 4 19 12 14 16 7 18 
1938925289 1.5 20 5 11 19 6 0 3 12 2 8 5 7 1 14 13 17 9 16 4 18 15 10 
7095901098 1.5 20 5 2 3 4 11 10 9 5 19 0 17 16 13 1 18 8 12 15 14 6 7 
41101493 1.5 20 5 12 14 11 1 17 13 8 16 4 15 0 19 2 7 5 3 10 9 6 18 
6996420767 1.5 20 5 10 7 17 11 5 1 14 19 8 12 18 13 9 4 15 3 0 2 16 6 
303818626 1.5 20 5 15 1 7 0 6 17 3 2 16 13 4 11 10 8 19 14 9 5 12 18 
690878668 1.5 20 5 17 12 2 10 15 18 4 0 6 1 8 3 11 16 14 13 9 5 7 19 
851486952 1.5 20 5 19 2 12 15 4 6 18 14 11 16 5 8 7 1 13 10 0 17 3 9 
7347090659 1.5 20 5 7 14 11 17 18 5 3 16 19 10 0 4 13 15 9 12 6 1 2 8 
2187543937 1.5 20 5 15 9 8 7 0 4 5 12 13 14 18 6 2 1 10 16 3 11 19 17 
4826912930 1.5 20 5 10 9 12 1 11 5 7 3 17 18 16 13 6 2 19 14 15 4 0 8 
4201528980 1.5 20 5 17 18 12 8 10 14 13 6 4 2 9 1 7 11 15 0 5 3 19 16 
329809159 1.5 20 5 2 6 0 16 17 9 3 8 19 5 18 4 11 12 14 13 7 1 10 15 
5029889298 1.5 20 5 19 11 15 12 18 16 10 9 8 17 6 7 4 5 0 13 14 2 1 3 
4827996899 1.5 20 5 15 19 1 2 5 11 3 6 9 16 13 12 18 17 10 14 0 7 8 4 
10463048876 1.5 20 5 17 6 5 0 4 11 12 8 9 15 2 19 14 7 18 1 16 13 10 3 
4790592779 1.5 20 5 12 18 11 15 19 7 17 13 6 14 9 3 5 10 8 16 0 1 2 4 
7580897304 1.5 20 5 7 3 4 13 11 5 9 15 19 8 17 6 2 14 10 0 1 12 16 18 
927736039 1.5 20 5 6 8 17 12 15 7 18 0 5 11 2 1 13 19 9 10 3 4 16 14 
8348354115 1.5 20 5 3 6 10 2 5 7 9 15 12 17 11 1 13 8 16 18 0 14 19 4 
7998858837 1.5 20 5 17 15 7 8 13 4 14 16 12 2 9 10 5 3 1 19 6 18 0 11 
9259466184 1.5 20 5 15 5 10 3 0 9 4 8 14 18 12 16 13 1 7 6 17 2 11 19 
8890988927 1.5 20 5 19 4 17 14 3 6 8 7 9 16 0 2 13 18 11 10 1 5 15 12 
10463906639 1.5 20 5 19 4 12 1 2 13 9 5 16 8 0 11 17 14 6 3 10 18 7 15 
1035788399 1.5 20 5 17 19 15 11 6 7 12 14 13 1 5 3 16 0 2 4 9 18 8 10 
926305002 1.5 20 5 2 11 4 10 15 0 12 8 5 13 19 1 18 17 16 3 14 6 7 9 
4567651453 1.5 20 5 19 17 0 10 3 11 12 13 18 14 7 15 4 2 6 8 5 9 16 1 
5358079370 1.5 20 5 12 10 17 18 9 1 14 8 4 3 0 19 13 2 7 16 5 15 11 6 
8096696919 1.5 20 5 7 6 19 5 1 18 17 10 13 12 3 2 8 11 15 16 0 4 9 14 
4661017546 1.5 20 5 13 8 4 15 2 7 3 16 17 18 11 14 1 9 12 6 10 0 19 5 
7411235007 1.5 20 5 3 2 4 5 0 9 16 13 11 17 14 8 18 12 7 19 6 15 1 10 
6734522290 1.5 20 5 18 6 4 2 0 7 17 11 12 13 14 9 15 8 1 3 10 16 5 19 
2813068253 1.5 20 5 11 16 15 6 5 2 17 1 3 4 13 9 8 10 18 14 0 12 7 19 
1054291080 1.5 20 5 2 1 5 7 3 10 12 0 14 4 18 9 6 17 15 16 11 8 19 13 
7587170935 1.5 20 5 5 19 7 17 4 15 3 2 6 10 9 12 0 18 13 16 1 8 14 11 
5304160652 1.5 20 5 11 12 6 2 14 8 17 16 13 18 4 15 5 3 7 19 1 9 0 10 
6435639903 1.5 20 5 14 7 19 10 13 18 11 2 8 15 0 12 17 3 4 9 6 16 5 1 
6056051933 1.5 20 5 8 16 4 0 13 7 19 3 15 1 11 10 17 9 14 5 18 12 2 6 
7595678627 1.5 20 5 5 18 10 19 3 15 8 1 14 4 11 2 9 17 12 7 0 16 6 13 
6967480358 1.5 20 5 5 16 0 14 6 12 3 2 10 7 1 13 9 17 15 8 11 4 19 18 
9082577536 1.5 20 5 14 5 3 12 6 4 8 0 18 11 10 13 17 1 7 16 9 2 19 15 
5415936575 1.5 20 5 0 13 16 9 7 3 2 14 10 18 11 17 4 6 8 12 1 5 15 19 
2159986695 1.5 20 5 10 3 9 6 16 5 7 11 1 14 2 12 13 15 18 17 4 8 0 19 
8025541615 1.5 20 5 19 10 8 4 16 15 17 18 14 9 1 11 6 7 3 5 12 0 13 2 
4710326762 1.5 20 5 17 18 8 19 6 10 2 3 15 1 12 13 0 5 7 9 4 16 14 11 
2883535432 1.5 20 5 18 16 15 10 5 4 14 8 9 17 6 13 1 3 12 0 2 7 11 19 
1384239618 1.5 20 5 4 0 1 17 8 9 3 13 11 14 6 16 7 2 15 12 18 19 10 5 
10137940716 1.5 20 5 15 17 18 2 8 5 19 4 6 7 10 0 3 9 13 16 1 12 11 14 
8338866667 1.5 20 5 10 6 7 3 12 19 8 2 5 0 15 16 13 4 14 18 17 11 9 1 
4529807840 1.5 20 5 8 6 0 11 5 15 1 17 13 9 16 18 7 10 3 12 4 2 14 19 
6306758247 1.5 20 5 15 2 12 17 7 16 0 1 18 9 5 10 4 11 14 3 6 19 13 8 
6487550828 1.5 20 5 9 18 15 1 2 11 4 19 6 14 3 5 7 12 8 13 10 0 17 16 
10684511395 1.5 20 5 16 19 17 1 13 18 7 14 5 8 10 9 3 15 6 11 0 12 2 4 
8395697964 1.5 20 5 13 7 0 15 18 3 9 4 8 17 14 12 1 19 5 6 16 2 11 10 
2544346433 1.5 20 5 19 9 0 12 6 7 14 11 2 4 17 5 13 8 18 10 16 15 3 1 
7769463238 1.5 20 5 14 2 6 7 10 12 16 13 9 0 4 3 11 5 8 1 18 15 19 17 
5078657659 1.5 20 5 4 8 11 2 15 1 0 7 6 9 3 5 18 16 19 12 13 17 14 10 
5777339937 1.5 20 5 12 1 16 2 13 17 4 8 6 7 18 11 3 9 15 5 10 0 19 14 
2269036471 1.5 20 5 17 2 19 15 1 7 0 14 18 5 12 16 4 11 9 6 3 13 8 10 
575264697 1.5 20 5 5 9 16 4 13 3 19 11 10 18 8 14 15 17 7 2 12 0 6 1 
8188475163 1.5 20 5 10 1 17 4 11 16 2 14 0 19 13 3 18 7 5 12 8 9 15 6 
3806164755 1.5 20 5 6 1 16 10 0 12 15 7 13 8 18 3 17 14 5 11 9 2 4 19 
7634159277 1.5 20 5 4 11 0 14 3 16 2 18 12 6 13 5 17 1 10 8 7 9 15 19 
9169711127 1.5 20 5 10 11 5 9 12 3 1 2 19 18 13 15 4 14 8 0 7 17 6 16 
6245216418 1.5 20 5 14 2 3 17 7 1 11 9 18 0 8 5 12 6 16 19 13 10 4 15 
4262580364 1.5 20 5 1 6 8 18 7 14 10 12 19 5 13 9 15 3 16 0 2 4 11 17 
9332248832 1.5 20 5 5 17 7 4 18 19 16 6 13 0 12 2 3 15 14 1 11 8 9 10 
825092469 1.5 20 5 5 18 12 6 15 14 8 10 13 4 7 11 19 1 16 2 9 0 17 3 
5724678564 1.5 20 5 6 3 2 4 7 15 13 16 12 9 18 8 1 11 17 19 10 5 14 0 
8415626875 1.5 20 5 3 2 10 14 17 11 12 16 19 0 5 6 9 13 15 7 18 4 8 1 
4529637935 1.5 20 5 14 2 12 8 7 10 13 18 4 16 0 11 17 9 19 3 1 15 5 6 
9802559853 1.5 20 5 11 3 13 14 0 17 2 18 10 6 8 1 9 4 7 5 19 12 15 16 
2135630269 1.5 20 5 8 0 17 11 18 6 13 15 3 9 19 5 16 12 14 4 10 2 7 1 
8243804141 1.5 20 5 4 0 12 18 14 11 16 2 10 1 13 3 17 19 15 9 7 5 8 6 
5124067978 1.5 20 5 10 1 17 11 19 8 12 13 0 15 18 6 16 3 7 5 9 2 4 14 
8118075300 1.5 20 5 6 0 4 9 10 11 2 19 16 8 5 1 18 13 15 14 7 17 3 12 
2289491549 1.5 20 5 10 4 12 9 14 7 17 5 16 0 6 8 13 3 19 1 11 15 18 2 
9578544177 1.5 20 5 16 10 7 5 13 19 15 3 2 6 17 18 12 11 14 9 0 1 8 4 
680996009 1.5 20 5 6 18 14 12 19 10 1 15 17 13 11 7 9 8 3 5 4 0 2 16 
661246811 1.5 20 5 8 3 15 1 10 18 5 2 12 9 14 4 11 6 16 0 17 7 19 13 
261810118 1.5 20 5 15 12 5 10 18 2 16 7 13 0 8 6 14 9 4 3 1 17 19 11 
5433415657 1.5 20 5 11 4 2 19 13 15 10 6 7 12 18 3 1 17 9 16 14 0 5 8 
3410614340 1.5 20 5 10 12 18 16 9 3 5 19 1 17 15 2 7 8 11 6 4 13 0 14 
8014776723 1.5 20 5 8 15 2 9 11 3 19 7 17 1 12 4 5 0 18 16 6 10 13 14 
4546430359 1.5 20 5 12 9 14 16 11 1 7 13 18 10 5 2 4 8 17 3 6 19 15 0 
5964111231 1.5 20 5 9 1 13 14 2 10 19 11 4 5 0 6 17 16 8 7 3 18 15 12 
94248502 1.5 20 5 0 1 16 19 8 12 9 18 11 5 10 13 15 3 2 6 4 14 17 7 
5353804380 1.5 20 5 3 6 18 12 19 0 16 2 4 10 5 7 8 9 13 15 17 1 14 11 
7355390680 1.5 20 5 9 7 5 13 16 14 2 17 18 6 10 11 4 8 1 0 12 15 3 19 
8023700901 1.5 20 5 10 0 5 8 3 12 16 1 13 2 14 7 18 9 15 17 19 4 6 11 
198286447 1.5 20 5 13 7 4 6 17 8 1 9 19 14 11 16 12 2 5 15 3 18 10 0 
9207758633 1.5 20 5 6 5 1 13 3 2 11 16 4 10 17 18 15 0 7 19 14 8 12 9 
4021067885 1.5 20 5 2 13 19 9 0 3 16 1 8 11 10 12 7 5 17 6 14 18 4 15 
8997060504 1.5 20 5 2 5 7 8 17 0 6 19 9 16 18 13 4 10 1 14 3 11 12 15 
1813786108 1.5 20 5 7 2 16 11 19 9 18 8 5 3 1 17 4 0 6 13 12 15 10 14 
3370823229 1.5 20 5 13 10 8 6 12 19 7 16 9 2 14 1 5 4 0 11 17 3 18 15 
6180136389 1.5 20 5 18 8 7 5 17 14 12 9 13 3 15 4 0 19 11 6 10 2 16 1 
4102385007 1.5 20 5 8 5 0 10 17 11 18 13 9 7 16 12 1 2 15 14 19 4 3 6 
2395837302 1.5 20 5 10 14 9 1 0 18 2 6 17 8 11 7 19 16 15 13 4 12 3 5 
9930449815 1.5 20 5 2 15 4 14 16 5 12 19 7 0 17 3 13 6 10 9 1 8 11 18 
8280187538 1.5 20 5 8 5 0 15 3 17 2 16 18 4 9 12 19 1 14 10 11 6 13 7 
6511680085 1.5 20 5 4 16 17 2 9 14 15 10 13 0 1 3 18 19 12 8 6 7 11 5 
9085739727 1.5 20 5 19 17 2 16 5 7 14 13 12 15 18 11 4 3 9 8 0 1 10 6 
4614157083 1.5 20 5 15 14 9 1 4 10 6 2 7 17 5 18 16 12 8 19 0 3 13 11 
3293237623 1.5 20 5 12 3 2 15 1 4 18 17 14 19 7 10 16 11 0 8 9 6 5 13 
7659632846 1.5 20 5 10 12 2 9 16 19 7 17 13 18 5 11 8 0 4 15 6 3 14 1 
1755287865 1.5 20 5 0 3 10 11 2 4 15 1 19 17 16 18 6 8 7 13 14 5 9 12 
2513019421 1.5 20 5 11 2 14 7 12 8 4 17 15 10 16 9 18 13 6 19 5 0 3 1 
4351190891 1.5 20 5 6 5 14 15 1 16 12 7 9 18 11 13 8 2 17 4 0 10 19 3 
3536118348 1.5 20 5 4 6 10 19 9 5 2 13 15 14 17 8 18 7 3 12 1 11 16 0 
4632122864 1.5 20 5 3 9 0 16 2 6 17 8 1 12 13 15 7 14 5 10 18 4 11 19 
8322760548 1.5 20 5 8 7 16 17 5 3 1 0 10 14 18 2 4 19 12 11 15 13 6 9 
5135224864 1.5 20 5 19 12 8 13 14 11 9 4 0 17 10 3 15 16 7 2 6 1 18 5 
6856459592 1.5 20 5 17 1 7 0 14 3 8 2 15 11 12 18 19 5 10 4 9 6 16 13 
746613281 1.5 20 5 7 9 12 2 6 16 10 19 3 17 13 5 8 0 1 14 11 15 4 18 
7631191911 1.5 20 5 0 10 18 2 6 15 8 13 5 4 12 17 1 3 7 16 9 14 11 19 
7916651536 1.5 20 5 19 8 4 2 5 18 11 3 15 9 10 1 0 17 14 13 6 12 7 16 
1618772767 1.5 20 5 12 2 6 18 8 14 17 4 15 1 16 5 10 19 7 11 0 3 13 9 
9750558153 1.5 20 5 14 12 6 13 5 4 16 2 8 10 9 17 15 1 0 7 18 11 19 3 
2004139664 1.5 20 5 19 4 18 2 7 6 1 10 5 16 17 11 3 14 12 0 13 8 15 9 
5535390918 1.5 20 5 18 14 15 9 12 0 2 3 1 8 19 6 4 11 17 5 7 10 16 13 
1372398222 1.5 20 5 8 14 3 2 11 5 4 16 13 17 6 7 18 9 19 10 1 15 12 0 
6522088016 1.5 20 5 2 14 9 1 12 3 6 5 15 7 19 18 17 11 13 16 8 0 4 10 
9620838147 1.5 20 5 9 7 12 17 6 19 8 5 1 18 0 3 15 14 4 11 16 13 2 10 
6898028332 1.5 20 5 10 14 18 15 8 9 5 7 16 2 4 19 12 6 3 0 1 13 17 11 
2708738683 1.5 20 5 9 15 2 12 18 0 16 5 7 10 11 19 4 3 1 14 17 6 8 13 
3625269588 1.5 20 5 2 15 18 0 16 1 10 9 7 12 4 6 11 3 17 8 5 13 19 14 
8790872035 1.5 20 5 0 3 7 5 9 4 11 2 17 13 1 19 12 6 15 14 10 18 16 8 
5668691597 1.5 20 5 17 13 6 4 19 14 9 2 5 8 12 15 16 7 10 0 18 1 3 11 
5003790791 1.5 20 5 6 17 14 1 7 16 11 15 10 8 19 5 2 4 0 3 13 12 18 9 
1118775068 1.5 20 5 14 5 11 19 10 17 9 3 2 4 1 12 13 0 18 7 15 16 8 6 
4354400119 1.5 20 5 8 0 16 15 14 6 17 2 5 11 10 4 13 19 18 7 3 1 12 9 
8213782518 1.5 20 5 3 17 16 8 10 14 0 5 4 2 18 15 12 7 19 11 1 9 13 6 
5324220688 1.5 20 5 3 6 12 9 4 13 11 14 10 17 15 16 8 5 0 1 7 18 19 2 
10590206595 1.5 20 5 11 16 5 0 10 4 3 14 8 18 12 17 15 7 9 13 19 1 6 2 
5249683264 1.5 20 5 5 18 2 7 10 1 12 9 8 13 6 16 11 4 0 3 14 17 19 15 
1419315263 1.5 20 5 10 12 3 8 6 17 14 19 18 11 13 2 16 0 1 5 15 7 4 9 
4388478521 1.5 20 5 4 10 8 18 2 7 3 17 12 11 19 0 1 5 15 14 6 9 13 16 
964024618 1.5 20 5 5 10 8 1 15 6 14 7 4 16 2 19 0 9 3 11 17 12 13 18 
2328540637 1.5 20 5 9 14 1 7 2 10 19 6 16 15 4 11 18 13 8 12 0 17 3 5 
10067078145 1.5 20 5 15 3 13 12 11 1 6 19 14 16 4 0 2 7 10 18 17 5 8 9 
5304731189 1.5 20 5 7 5 16 1 17 19 14 11 6 8 18 12 9 3 4 15 10 0 13 2 
3285245605 1.5 20 5 1 19 18 6 8 7 11 10 16 3 2 5 4 15 12 13 17 9 14 0 
3136250534 1.5 20 5 19 0 11 2 1 12 15 17 14 18 9 5 13 10 3 8 6 16 4 7 
9327911813 1.5 20 5 19 16 1 9 0 3 15 5 8 13 14 7 18 6 17 2 4 10 12 11 
6512416014 1.5 20 5 14 17 3 19 5 12 7 10 1 15 6 18 4 8 9 0 2 16 11 13 
2001432654 1.5 20 5 18 0 9 12 5 1 3 19 4 6 17 15 2 11 16 8 10 7 14 13 
7702991149 1.5 20 5 3 18 14 13 7 16 12 19 10 9 8 2 11 15 1 5 4 0 17 6 
7778319376 1.5 20 5 1 4 11 10 7 18 5 13 6 0 8 15 17 2 3 14 12 9 19 16 
573162020 1.5 20 5 9 12 18 10 7 5 19 6 1 11 3 2 13 17 15 0 8 14 16 4 
7745693488 1.5 20 5 4 16 2 1 13 0 7 15 9 17 5 10 12 19 14 11 3 8 18 6 
8157606627 1.5 20 5 4 10 17 3 13 5 2 9 18 6 19 0 11 12 8 7 15 1 16 14 
3719152636 1.5 20 5 15 0 17 7 16 10 6 9 8 5 3 11 14 4 13 19 18 12 2 1 
4647936477 1.5 20 5 4 13 6 19 0 7 9 17 18 1 12 14 11 10 8 2 3 5 15 16 
1341280555 1.5 20 5 10 6 14 8 4 9 16 13 12 1 0 2 5 15 17 3 11 7 18 19 
9834548086 1.5 20 5 5 6 0 2 15 16 3 1 8 19 12 7 17 4 18 14 11 10 9 13 
6940206595 1.5 20 5 8 0 19 5 13 18 1 9 12 11 6 10 3 14 15 7 17 16 4 2 
4770899856 1.5 20 5 16 15 7 10 1 19 14 3 12 5 9 13 6 11 4 8 18 17 0 2 
7245152512 1.5 20 5 18 7 2 0 14 12 8 16 19 1 9 10 4 15 17 6 11 5 13 3 
8346161045 1.5 20 5 10 19 4 1 12 16 14 0 18 11 7 15 9 17 13 5 8 6 2 3 
1903783699 1.5 20 5 18 15 6 1 13 14 19 10 4 0 12 2 11 9 17 3 7 8 16 5 
7343901666 1.5 20 5 14 5 12 11 0 17 13 9 18 3 15 2 19 8 4 6 1 7 10 16 
2518755394 1.5 20 5 18 19 13 8 5 1 0 14 2 9 6 7 10 3 15 12 4 16 17 11 
5288073508 1.5 20 5 18 5 14 17 16 9 10 3 0 8 12 13 19 2 7 6 4 1 11 15 
5511368675 1.5 20 5 4 10 12 13 11 17 0 3 7 1 2 18 9 15 6 14 16 8 19 5 
8436396458 1.5 20 5 14 12 0 13 8 7 1 19 3 18 16 17 15 6 4 2 5 10 11 9 
2039209775 1.5 20 5 16 6 11 8 1 12 15 17 3 2 4 14 5 13 18 7 19 0 10 9 
9293931146 1.5 20 5 13 0 11 5 9 6 4 18 2 7 3 12 19 1 8 16 15 14 17 10 
3091901401 1.5 20 5 3 2 18 1 9 8 17 19 12 13 16 10 15 4 7 5 11 0 14 6 
5017132917 1.5 20 5 19 10 11 14 3 18 0 4 8 15 9 16 5 1 2 17 6 7 13 12 
4288725411 1.5 20 5 19 4 6 0 12 2 1 9 5 11 17 10 14 16 3 7 15 13 8 18 
6736703459 1.5 20 5 1 6 2 7 19 4 0 15 5 9 16 11 14 13 18 8 10 3 17 12 
5212314391 1.5 20 5 5 13 10 7 19 1 11 0 8 9 12 18 17 4 2 15 3 6 14 16 
9676041168 1.5 20 5 16 15 19 17 10 18 7 4 5 1 6 0 14 8 12 3 13 2 9 11 
4666283808 1.5 20 5 1 17 19 14 18 13 11 15 4 9 6 3 7 16 10 5 12 2 0 8 
8841385775 1.5 20 5 12 0 4 14 6 1 5 13 11 18 2 17 9 8 7 10 15 16 3 19 
1167328764 1.5 20 5 3 11 6 8 15 5 16 7 10 0 19 1 9 13 4 17 18 2 14 12 
9200863435 1.5 20 5 11 13 18 7 6 14 1 8 5 17 4 9 12 3 19 10 2 15 16 0 
4373578832 1.5 20 5 19 15 9 12 0 8 11 17 18 3 13 7 1 14 6 5 4 16 10 2 
4519366389 1.5 20 5 6 17 10 7 12 3 15 16 11 0 5 19 4 8 14 2 13 1 18 9 
9181574818 1.5 20 5 7 16 14 6 2 0 5 15 9 3 12 18 10 13 19 17 1 11 4 8 
8740702255 1.5 20 5 0 16 8 10 6 11 1 13 12 2 15 9 4 3 5 7 14 18 17 19 
6573193437 1.5 20 5 14 5 7 10 16 0 2 8 19 11 4 17 6 18 15 13 1 9 12 3 
9246355148 1.5 20 5 11 18 3 10 19 5 16 12 13 14 0 2 17 4 7 15 1 8 9 6 
3301914291 1.5 20 5 2 11 5 18 16 4 9 14 1 8 10 0 19 6 15 3 12 7 17 13 
10699738483 1.5 20 5 13 10 15 19 7 17 11 2 5 8 6 3 14 4 9 0 12 16 1 18 
1462670897 1.5 20 5 19 5 11 17 18 3 13 0 10 12 16 8 14 2 15 6 1 4 9 7 
1434779553 1.5 20 5 0 14 1 8 19 10 15 9 3 17 6 18 5 4 11 13 16 12 2 7 
2122508222 1.5 20 5 6 1 13 14 12 7 3 11 15 18 19 0 9 16 17 10 5 4 2 8 
4087277829 1.5 20 5 13 18 8 4 2 9 12 6 17 5 16 1 0 3 19 15 10 11 14 7 
5004946803 1.5 20 5 2 17 18 4 12 15 10 13 11 9 8 7 14 19 6 0 16 3 5 1 
2468189291 1.5 20 5 12 1 14 4 18 15 9 16 19 13 0 11 5 2 17 3 8 10 7 6 
2756086257 1.5 20 5 11 12 14 18 9 3 2 19 15 1 16 5 7 8 0 17 6 13 4 10 
7698690735 1.5 20 5 12 19 1 7 18 9 0 4 5 3 17 11 14 8 2 10 16 6 13 15 
1606822091 1.5 20 5 6 7 15 5 19 4 3 18 14 10 12 11 2 8 13 16 17 1 9 0 
4889833422 1.5 20 5 16 8 1 18 19 12 4 11 15 6 17 14 0 13 2 5 7 3 9 10 
6022556103 1.5 20 5 11 1 12 13 16 15 8 0 4 3 18 10 2 6 9 5 17 7 19 14 
1915763480 1.5 20 5 19 14 18 3 15 8 11 1 0 4 10 17 12 6 9 13 2 16 5 7 
8143079857 1.5 20 5 14 18 10 7 13 15 0 17 2 16 3 8 6 5 9 19 11 12 1 4 
5316796940 1.5 20 5 11 13 19 0 18 4 10 1 14 7 15 5 16 12 2 6 17 3 8 9 
3138187829 1.5 20 5 3 12 18 14 9 15 11 13 5 0 6 16 2 7 10 19 1 8 4 17 
1579742807 1.5 20 5 16 12 15 19 7 11 9 14 5 13 17 4 10 8 0 6 1 2 3 18 
10690598378 1.5 20 5 0 12 16 14 6 1 8 9 4 15 18 10 19 13 5 11 17 3 2 7 
26658290 1.5 20 5 7 0 3 4 13 15 6 17 2 12 5 18 14 1 8 16 9 19 11 10 
9272245479 1.5 20 5 4 9 19 14 3 13 17 6 18 2 5 12 10 7 8 11 16 15 1 0 
4755496400 1.5 20 5 0 19 9 11 14 13 10 17 4 2 12 6 18 16 8 7 15 3 1 5 
10683632682 1.5 20 5 12 5 4 1 11 3 8 16 9 19 0 2 18 6 10 15 7 13 17 14 
7982702074 1.5 20 5 3 17 4 0 6 13 7 14 8 12 1 10 9 16 15 19 18 5 2 11 
1231480915 1.5 20 5 6 18 1 2 8 9 16 0 11 14 17 3 10 15 12 4 13 7 5 19 
6056351408 1.5 20 5 3 18 0 12 8 4 5 14 15 11 10 17 19 6 13 9 16 2 7 1 
3670442782 1.5 20 5 13 19 14 16 0 11 18 10 3 15 2 9 5 12 7 8 4 17 6 1 
9657610016 1.5 20 5 18 10 13 11 5 0 2 14 6 15 8 7 9 4 3 12 17 16 19 1 
9554323916 1.5 20 5 4 14 12 9 1 13 17 2 10 11 15 16 0 7 8 6 5 19 3 18 
8473576852 1.5 20 5 5 10 11 19 4 17 18 15 2 12 7 9 13 14 8 0 16 1 3 6 
4584342395 1.5 20 5 10 19 3 9 2 1 14 17 11 0 16 6 7 12 13 4 8 5 15 18 
9354141130 1.5 20 5 9 14 16 13 15 17 3 19 12 11 7 18 2 10 0 4 1 6 5 8 
5246554446 1.5 20 5 10 12 14 17 5 19 3 8 0 16 11 7 9 15 1 18 2 13 4 6 
9290487000 1.5 20 5 11 4 9 10 15 3 13 19 0 7 12 18 14 16 1 2 8 5 17 6 
5223274589 1.5 20 5 18 7 6 0 14 13 1 15 10 2 17 4 19 3 11 12 16 5 9 8 
10700431654 1.5 20 5 17 7 4 5 1 6 19 2 8 9 14 0 12 3 16 10 11 13 18 15 
4722943004 1.5 20 5 13 1 6 2 11 14 10 15 19 5 9 16 7 18 12 17 0 3 8 4 
206733477 1.5 20 5 9 8 5 17 11 3 16 1 19 0 10 2 12 15 14 4 6 13 18 7 
8966305845 1.5 20 5 2 11 18 1 16 6 19 15 5 7 12 4 10 0 17 14 13 8 9 3 
233951000 1.5 20 5 18 8 17 9 19 7 1 4 15 10 16 5 12 0 3 2 14 13 11 6 
10399742920 1.5 20 5 19 18 6 5 9 12 10 11 2 4 0 7 3 14 8 17 13 15 16 1 
9453996652 1.5 20 5 5 14 11 9 17 0 16 15 18 8 1 4 3 19 13 6 12 7 10 2 
284650647 1.5 20 5 0 1 19 6 14 13 10 7 16 17 18 8 4 5 11 3 12 9 2 15 
9843476232 1.5 20 5 1 19 11 2 17 8 13 16 12 15 7 0 3 5 9 6 14 10 4 18 
2573281557 1.5 20 5 12 18 1 19 16 17 10 11 5 0 3 7 2 8 13 15 6 14 4 9 
4589993289 1.5 20 5 10 15 19 11 0 2 13 5 12 1 18 16 6 17 9 14 3 8 7 4 
3719466351 1.5 20 5 10 19 0 18 3 17 6 15 9 1 7 8 13 16 2 11 4 5 12 14 
3760845648 1.5 20 5 7 9 8 10 4 13 2 17 15 12 11 19 18 16 14 3 0 5 1 6 
8527984290 1.5 20 5 0 17 9 13 8 5 11 19 4 18 7 1 16 3 14 2 6 15 12 10 
10011116018 1.5 20 5 9 14 18 13 8 7 15 10 16 1 3 6 4 17 12 5 11 19 2 0 
1896425899 1.5 20 5 0 8 11 13 17 14 1 3 6 19 2 16 5 15 7 12 9 4 18 10 
2036669518 1.5 20 5 8 9 12 1 16 15 19 11 2 7 0 4 17 18 5 10 13 6 3 14 
1399902686 1.5 20 5 19 17 7 9 16 14 8 0 12 13 1 3 6 4 18 2 15 11 5 10 
4079189599 1.5 20 5 13 17 6 1 12 9 19 2 18 8 3 5 7 4 11 10 15 0 14 16 
5868204101 1.5 20 5 0 2 12 5 18 3 1 16 4 6 14 13 19 8 10 7 9 17 15 11 
10373517476 1.5 20 5 2 3 15 10 5 8 1 0 7 11 13 6 9 16 4 17 14 18 19 12 
5697003039 1.5 20 5 2 18 6 7 10 4 1 12 17 9 11 19 16 13 14 5 3 8 15 0 
5357667547 1.5 20 5 8 15 19 18 1 0 6 12 2 17 7 10 13 16 11 9 14 3 4 5 
7432959235 1.5 20 5 17 7 13 3 9 1 15 16 2 8 0 19 14 10 12 4 5 11 18 6 
3039871563 1.5 20 5 15 14 11 6 2 13 9 0 5 8 12 1 7 17 18 4 16 3 19 10 
9314160153 1.5 20 5 17 4 6 0 15 13 18 12 9 2 16 5 3 19 7 11 10 14 1 8 
2583113445 1.5 20 5 19 11 0 5 8 9 15 6 3 12 13 17 1 16 18 2 7 14 10 4 
6001035535 1.5 20 5 16 17 18 11 1 6 10 5 0 8 19 13 9 2 7 4 12 15 14 3 
9930310529 1.5 20 5 17 14 19 7 8 3 18 11 15 10 5 4 1 12 16 2 0 6 9 13 
1629083605 1.5 20 5 5 19 13 9 11 0 1 10 8 3 12 17 16 2 14 7 6 4 18 15 
5864192048 1.5 20 5 6 5 0 8 19 15 9 12 10 18 17 1 2 3 14 11 4 7 16 13 
6539410797 1.5 20 5 17 16 12 5 8 3 6 11 7 18 9 4 13 14 0 15 2 10 19 1 
3510664679 1.5 20 5 17 1 7 15 9 13 0 10 16 12 5 18 19 2 11 3 14 6 8 4 
4336332613 1.5 20 5 3 5 19 12 11 16 13 0 6 15 9 4 1 17 2 14 18 8 7 10 
9694549412 1.5 20 5 9 5 18 6 15 17 16 10 3 13 1 7 12 11 8 19 2 0 4 14 
2142150947 1.5 20 5 16 12 19 0 5 1 7 9 3 8 11 17 2 14 13 18 10 6 15 4 
8296404120 1.5 20 5 16 6 10 14 4 18 17 13 15 5 0 8 3 1 19 2 7 9 12 11 
6929477569 1.5 20 5 16 11 17 10 6 5 1 3 15 14 12 13 8 4 9 0 2 7 19 18 
10500766965 1.5 20 5 11 0 5 16 19 9 10 3 13 17 4 18 7 1 8 2 14 15 12 6 
4245046927 1.5 20 5 9 0 13 4 3 15 11 16 19 10 7 2 1 12 18 14 5 6 8 17 
4946931346 1.5 20 5 3 16 6 18 0 4 1 19 10 9 12 11 15 2 7 5 13 14 17 8 
7011896033 1.5 20 5 13 4 0 10 14 5 1 7 2 16 19 11 15 12 18 6 17 8 9 3 
1718519518 1.5 20 5 12 14 8 2 11 17 13 4 10 9 5 19 1 18 6 3 16 15 7 0 
2890254644 1.5 20 5 11 4 16 5 14 10 1 17 13 12 8 3 19 0 18 6 2 7 15 9 
2187988292 1.5 20 5 1 16 13 2 0 11 18 8 4 9 6 14 19 3 7 15 12 5 10 17 
6610743440 1.5 20 5 18 17 12 4 16 5 8 2 14 7 1 9 19 13 0 15 3 10 11 6 
619740190 1.5 20 5 16 11 8 2 7 3 0 18 5 12 13 17 4 15 14 6 9 1 19 10 
2792576925 1.5 20 5 6 15 1 10 2 4 7 3 19 14 9 12 5 8 18 16 11 0 17 13 
6066692790 1.5 20 5 4 16 1 8 19 12 7 10 17 18 2 0 3 9 14 6 13 5 11 15 
8999692012 1.5 20 5 19 8 0 6 10 16 4 1 5 11 9 18 2 15 17 3 13 14 12 7 
8127062954 1.5 20 5 4 7 13 1 9 11 18 17 2 15 3 19 16 5 10 8 6 0 12 14 
4345095954 1.5 20 5 15 9 2 11 14 7 17 0 1 10 6 3 8 13 5 4 19 16 18 12 
5055054319 1.5 20 5 8 18 16 14 19 2 15 9 3 13 10 4 0 1 17 7 6 5 12 11 
1262098734 1.5 20 5 6 0 8 12 15 19 13 7 9 18 4 1 10 5 16 14 2 11 17 3 
7491978049 1.5 20 5 13 18 15 10 17 19 16 9 7 0 11 1 4 2 3 5 14 6 8 12 
5009074363 1.5 20 5 10 14 3 6 0 4 18 8 19 13 9 2 5 17 12 1 15 11 7 16 
3959292871 1.5 20 5 9 3 17 18 4 0 6 16 7 12 14 1 15 8 19 11 2 13 10 5 
3500342568 1.5 20 5 13 17 1 8 15 19 5 11 0 6 12 7 10 14 18 16 3 4 2 9 
5960324649 1.5 20 5 14 0 19 7 12 2 13 16 5 6 3 17 4 18 15 10 1 8 9 11 
5655666047 1.5 20 5 4 11 19 13 0 10 18 2 5 1 15 6 14 3 9 17 8 12 7 16 
6829567575 1.5 20 5 0 1 7 10 14 16 18 9 3 5 17 6 15 4 8 2 19 13 12 11 
4751779629 1.5 20 5 11 12 17 14 6 1 10 13 19 2 15 4 18 3 7 9 5 0 16 8 
9810812213 1.5 20 5 0 9 3 1 19 2 12 15 5 18 4 16 6 17 8 7 14 10 13 11 
10404907905 1.5 20 5 2 8 7 19 18 11 9 12 6 0 5 15 1 10 13 3 4 16 17 14 
10475461121 1.5 20 5 11 18 14 7 0 8 6 3 15 13 16 19 10 5 9 17 2 12 4 1 
4286367889 1.5 20 5 8 5 9 15 16 10 13 7 11 0 17 12 14 2 19 4 1 18 6 3 
2215052814 1.5 20 5 17 6 15 4 12 10 16 19 9 11 18 1 13 14 3 7 5 2 0 8 
5168604354 1.5 20 5 17 0 11 12 8 1 3 4 19 16 7 15 9 2 13 5 10 6 18 14 
7139562461 1.5 20 5 4 1 5 14 19 15 2 7 17 18 9 13 3 12 8 0 11 6 10 16 
4038271129 1.5 20 5 8 10 9 7 16 5 3 1 13 2 4 19 14 17 0 15 18 6 12 11 
4770100313 1.5 20 5 9 19 17 18 0 6 1 10 8 13 2 11 5 12 15 7 16 3 4 14 
10029681348 1.5 20 5 14 4 9 12 17 10 7 16 8 11 3 5 18 15 13 2 6 0 19 1 
8739888762 1.5 20 5 10 5 9 12 19 4 13 11 0 17 16 6 3 2 14 18 8 1 7 15 
9556841316 1.5 20 5 16 17 9 14 13 8 10 18 11 12 19 0 2 5 3 6 15 7 4 1 
4494157527 1.5 20 5 15 8 7 6 1 11 14 18 3 13 10 17 9 12 16 0 19 2 5 4 
10124657513 1.5 20 5 14 0 2 15 6 5 8 1 18 4 3 12 13 7 17 9 19 16 10 11 
9863880470 1.5 20 5 12 18 19 2 17 15 5 0 8 10 11 16 1 13 4 9 7 3 14 6 
3978620702 1.5 20 5 12 15 16 9 7 1 17 13 0 2 3 4 6 19 11 8 5 18 14 10 
543666502 1.5 20 5 19 13 11 1 3 9 16 7 5 15 10 8 18 2 12 0 6 4 17 14 
5656662119 1.5 20 5 16 3 11 6 7 19 2 9 1 12 14 18 10 5 13 4 0 8 17 15 
7102605066 1.5 20 5 10 11 6 0 17 2 4 12 15 19 14 8 7 18 13 9 5 1 16 3 
5741580892 1.5 20 5 4 16 9 2 12 17 0 19 13 10 15 7 3 18 14 8 5 6 1 11 
182776969 1.5 20 5 17 13 6 18 5 11 14 3 1 0 8 19 7 16 4 2 15 9 12 10 
8944603197 1.5 20 5 10 15 1 2 17 14 5 4 18 12 19 7 11 6 8 3 13 9 0 16 
10581162191 1.5 20 5 15 1 8 16 5 7 17 12 11 14 3 9 19 6 4 18 13 10 0 2 
5724119596 1.5 20 5 12 18 15 6 16 9 17 7 1 10 8 0 13 5 3 2 19 4 14 11 
9396013276 1.5 20 5 1 15 19 12 0 18 14 17 4 16 10 11 13 8 3 9 7 5 6 2 
2433088278 1.5 20 5 4 17 19 10 11 2 8 12 7 5 6 14 18 13 0 9 16 3 15 1 
5195895488 1.5 20 5 18 11 8 1 19 10 15 6 9 4 2 13 17 5 14 12 16 0 3 7 
7704633020 1.5 20 5 2 14 19 4 10 5 3 13 16 6 0 18 11 7 8 12 17 15 9 1 
1574275087 1.5 20 5 9 12 10 5 19 1 2 17 16 4 18 14 15 8 0 3 13 6 11 7 
6693234716 1.5 20 5 7 4 8 0 5 10 16 17 9 11 18 1 3 15 14 13 6 12 19 2 
4207751873 1.5 20 5 4 12 14 13 8 7 17 3 11 6 18 16 15 1 19 9 10 2 5 0 
7922792027 1.5 20 5 1 18 11 6 19 8 17 9 5 3 14 13 15 10 4 12 7 2 0 16 
5853171952 1.5 20 5 5 19 4 0 16 15 3 12 10 13 6 14 9 8 17 2 11 18 7 1 
8937125693 1.5 20 5 16 3 1 15 4 17 2 12 8 11 9 0 19 14 18 10 7 5 13 6 
2856063863 1.5 20 5 13 9 18 7 8 19 2 1 16 0 6 3 4 14 11 5 12 17 15 10 
10081651198 1.5 20 5 8 6 0 17 19 11 10 2 18 16 1 3 4 14 5 9 15 13 12 7 
696840680 1.5 20 5 2 3 8 12 6 1 7 15 14 5 4 10 19 18 13 0 17 11 9 16 
2549432158 1.5 20 5 7 0 16 4 14 17 10 15 13 11 8 2 9 5 19 1 18 3 12 6 
10261030463 1.5 20 5 7 16 9 13 0 4 14 19 15 18 17 10 6 8 1 5 12 11 2 3 
96410909 1.5 20 5 2 17 1 8 3 4 15 11 6 7 5 19 18 10 12 9 16 14 0 13 
771811949 1.5 20 5 11 0 17 13 6 15 1 14 4 16 10 7 5 19 12 2 18 9 8 3 
8935139222 1.5 20 5 11 12 16 14 3 7 1 19 10 17 5 2 9 0 13 4 15 8 6 18 
3171054872 1.5 20 5 8 9 1 19 18 6 0 11 3 4 12 14 15 5 13 2 7 17 16 10 
1807263331 1.5 20 5 14 19 9 2 17 11 7 18 5 6 1 16 12 15 3 10 13 8 0 4 
2844386075 1.5 20 5 8 3 19 5 9 18 16 12 10 15 1 4 6 2 7 14 11 17 13 0 
344085508 1.5 20 5 8 4 15 19 5 18 17 14 9 12 3 2 11 1 7 13 6 16 0 10 
6653471214 1.5 20 5 6 2 17 14 8 1 4 12 15 9 5 11 7 3 13 0 10 18 16 19 
9340837478 1.5 20 5 8 15 9 4 5 14 10 7 0 17 3 16 12 13 2 1 19 11 6 18 
3115830227 1.5 20 5 11 0 18 10 9 4 14 7 13 6 8 3 17 15 12 5 16 2 19 1 
10397089406 1.5 20 5 4 12 16 13 3 1 0 19 10 15 18 11 9 5 14 7 17 6 2 8 
2811187695 1.5 20 5 2 18 8 0 7 4 13 14 9 17 12 5 3 15 10 6 16 19 11 1 
10209951568 1.5 20 5 1 8 13 3 0 19 9 14 4 15 5 18 2 6 12 10 11 7 17 16 
6294169174 1.5 20 5 10 6 14 5 17 12 15 0 4 3 18 7 9 2 13 1 19 11 16 8 
593056661 1.5 20 5 5 0 14 6 13 11 18 2 9 16 1 12 17 3 4 8 15 19 7 10 
4681924209 1.5 20 5 16 14 0 3 15 18 13 2 12 1 4 9 10 11 5 7 8 17 6 19 
9460816911 1.5 20 5 0 18 2 13 19 15 12 11 5 14 3 7 10 9 4 8 16 6 1 17 
762531135 1.5 20 5 12 0 1 3 14 9 7 6 11 16 19 13 10 15 5 2 4 8 18 17 
6937853102 1.5 20 5 0 18 5 16 1 13 14 8 15 3 9 6 11 19 7 4 2 17 12 10 
802965250 1.5 20 5 17 6 10 0 12 11 2 9 8 18 15 1 13 4 5 3 14 7 16 19 
2487391499 1.5 20 5 9 10 8 3 11 2 6 7 15 13 17 12 19 14 18 5 16 4 1 0 
9752558316 1.5 20 5 2 8 12 10 19 16 5 18 0 7 11 15 6 17 14 4 3 1 9 13 
106923690 1.5 20 5 6 0 3 12 2 13 15 16 4 19 11 1 8 9 17 18 7 5 14 10 
1425007851 1.5 20 5 11 7 0 12 5 14 8 2 17 9 13 18 3 6 10 16 4 1 19 15 
6678596088 1.5 20 5 17 10 8 4 18 2 14 5 19 11 9 15 7 16 6 13 1 0 3 12 
7155268340 1.5 20 5 3 6 8 15 10 18 1 12 9 16 13 11 5 0 4 17 14 2 7 19 
6090429619 1.5 20 5 9 7 15 18 4 8 2 5 6 12 17 3 10 19 13 14 1 11 16 0 
7002556939 1.5 20 5 4 3 11 8 1 15 17 16 10 19 0 6 14 2 13 5 12 7 9 18 
8773641117 1.5 20 5 6 2 11 3 1 19 0 13 17 4 7 8 5 16 12 10 18 9 14 15 
1387019061 1.5 20 5 8 7 2 10 19 1 0 12 14 6 13 17 15 5 4 3 18 9 11 16 
8572957217 1.5 20 5 9 1 5 3 13 2 17 16 10 18 14 15 7 19 0 8 6 12 11 4 
1487232362 1.5 20 5 6 16 17 9 5 10 8 14 12 1 11 2 3 4 19 13 15 18 7 0 
4840918006 1.5 20 5 16 9 0 19 11 8 10 6 17 1 13 2 15 3 14 18 4 12 7 5 
1915003844 1.5 20 5 17 8 15 4 11 19 10 3 14 0 6 13 7 2 18 9 16 1 5 12 
10246606369 1.5 20 5 13 8 19 2 18 12 10 3 0 15 17 4 7 11 6 14 5 1 9 16 
5110828212 1.5 20 5 11 15 1 3 7 9 5 4 0 14 19 6 2 16 13 18 12 17 10 8 
7046957192 1.5 20 5 9 2 8 7 6 13 14 0 19 18 3 17 1 15 4 12 16 10 5 11 
7076882748 1.5 20 5 5 16 10 4 19 2 15 3 7 0 6 18 14 8 1 11 9 12 17 13 
6744728443 1.5 20 5 13 17 15 1 11 0 4 2 19 3 18 12 8 16 10 5 7 14 9 6 
6639248981 1.5 20 5 18 9 13 11 2 0 4 3 10 7 12 15 16 17 5 6 8 1 19 14 
6860097447 1.5 20 5 0 15 9 10 19 14 11 1 5 2 17 12 3 8 7 6 16 18 13 4 
347089997 1.5 20 5 4 10 17 11 9 3 6 1 7 18 13 2 14 0 19 15 8 16 5 12 
10507547524 1.5 20 5 8 18 9 11 2 1 17 10 16 5 0 14 19 13 15 3 12 7 4 6 
8276213294 1.5 20 5 19 6 11 2 7 15 10 8 5 18 4 16 13 3 0 9 17 1 14 12 
8944756462 1.5 20 5 16 10 18 3 0 11 8 15 19 13 17 5 1 4 14 6 2 7 9 12 
6008871407 1.5 20 5 9 10 18 0 15 14 17 16 13 8 19 3 11 5 4 12 2 6 7 1 
2533572784 1.5 20 5 15 12 8 17 3 16 7 9 10 6 1 13 0 19 2 5 4 14 18 11 
7178866732 1.5 20 5 14 4 1 16 5 10 6 0 9 12 19 8 3 11 2 18 17 7 15 13 
9747093476 1.5 20 5 9 2 11 10 19 5 8 13 0 16 3 15 18 7 12 6 1 14 4 17 
10289547484 1.5 20 5 3 15 11 1 9 19 18 13 17 12 7 10 0 14 4 16 8 6 2 5 
3765444607 1.5 20 5 1 8 12 14 15 10 2 13 7 5 18 3 6 11 19 0 16 9 17 4 
872531847 1.5 20 5 1 15 4 16 11 2 10 19 13 17 6 5 8 7 3 9 0 18 14 12 
4473084313 1.5 20 5 8 6 4 14 7 0 19 3 12 5 9 11 18 13 15 2 10 17 16 1 
7462272428 1.5 20 5 1 18 10 4 14 7 16 0 15 11 8 13 17 5 2 19 9 3 12 6 
5983362995 1.5 20 5 17 4 11 2 7 0 9 8 3 15 16 10 12 14 13 6 18 19 1 5 
6783592497 1.5 20 5 17 4 11 19 5 13 3 15 16 8 7 6 10 2 18 12 9 1 0 14 
2537301242 1.5 20 5 1 12 13 18 4 15 7 6 3 16 17 14 11 10 8 5 9 19 0 2 
405231834 1.5 20 5 13 4 12 17 3 9 7 1 11 14 15 2 19 0 8 5 18 16 6 10 
7599965139 1.5 20 5 1 13 14 8 15 12 17 18 7 11 16 4 6 10 0 5 9 19 3 2 
6471835199 1.5 20 5 14 18 5 4 9 12 13 16 6 2 8 15 11 19 10 0 7 1 17 3 
6931148039 1.5 20 5 3 10 15 9 6 19 16 11 8 5 13 1 2 0 14 12 4 18 17 7 
329661859 1.5 20 5 14 16 1 7 12 17 9 19 10 8 15 13 4 0 11 3 6 5 2 18 
8835049689 1.5 20 5 13 8 18 19 10 14 15 9 7 3 4 5 12 16 0 1 17 2 11 6 
4929019789 1.5 20 5 19 4 17 0 1 16 12 9 5 13 14 7 6 3 15 2 18 8 11 10 
644897577 1.5 20 5 10 3 19 15 7 12 14 4 9 16 17 2 6 11 5 18 0 13 8 1 
7264246737 1.5 20 5 16 18 3 12 8 7 4 0 11 13 2 6 17 14 5 15 19 9 10 1 
10726099163 1.5 20 5 1 4 12 16 14 5 3 18 15 0 13 6 2 19 10 9 7 17 8 11 
3731747925 1.5 20 5 12 15 18 4 9 11 17 14 10 5 7 6 0 2 19 8 1 13 16 3 
4927576211 1.5 20 5 15 17 6 14 10 11 4 12 7 9 1 18 16 8 5 3 0 13 19 2 
5660997601 1.5 20 5 18 14 6 2 13 7 8 16 15 1 3 17 9 10 0 11 12 5 19 4 
7211886794 1.5 20 5 0 7 6 3 14 5 8 15 19 17 1 16 18 2 10 4 9 11 13 12 
6288078517 1.5 20 5 19 13 10 4 14 8 2 11 16 6 17 18 15 12 3 1 7 9 0 5 
2397566296 1.5 20 5 17 12 5 18 6 11 4 16 14 13 2 9 10 15 19 0 8 1 7 3 
3665108526 1.5 20 5 12 0 2 9 7 16 13 6 3 8 17 14 19 1 11 15 18 5 10 4 
3813765272 1.5 20 5 5 8 12 13 4 11 17 1 2 14 10 3 19 15 0 6 9 16 18 7 
1938162568 1.5 20 5 8 15 2 19 13 10 14 11 12 17 9 16 5 1 6 7 4 18 0 3 
9804161571 1.5 20 5 6 2 14 19 12 0 1 4 3 18 8 13 15 17 7 10 11 5 9 16 
8987449578 1.5 20 5 16 14 7 17 3 4 18 10 2 13 19 5 1 12 0 9 8 11 6 15 
8682121785 1.5 20 5 5 13 2 4 7 6 9 19 1 17 18 14 10 15 12 0 11 8 3 16 
8547502028 1.5 20 5 6 9 17 13 14 3 12 2 7 19 18 0 16 1 4 15 10 11 5 8 
4320340951 1.5 20 5 11 0 17 1 18 9 19 12 13 5 16 15 7 4 6 10 8 14 2 3 
4533436434 1.5 20 5 14 3 11 12 2 18 9 19 0 5 4 10 17 13 1 6 7 15 16 8 
863760351 1.5 20 5 8 3 19 15 13 7 0 17 14 12 6 4 5 16 10 1 2 11 9 18 
8374553849 1.5 20 5 10 18 6 5 13 12 15 0 14 8 3 17 19 16 11 7 4 2 1 9 
149710101 1.5 20 5 1 12 2 14 8 17 6 19 5 4 9 16 13 11 7 0 10 15 3 18 
7551786749 1.5 20 5 10 7 0 1 2 8 16 11 6 12 13 18 5 4 17 19 9 14 3 15 
2189358979 1.5 20 5 15 16 9 3 17 19 12 8 2 10 0 14 4 11 13 1 6 5 18 7 
1295176540 1.5 20 5 11 10 3 16 12 7 13 19 5 4 1 18 9 6 17 15 8 14 2 0 
4751208966 1.5 20 5 18 1 15 10 9 12 6 19 3 11 16 17 14 8 7 5 13 4 0 2 
153901968 1.5 20 5 19 10 12 16 7 18 6 14 11 13 9 5 15 3 1 0 4 8 17 2 
4537126400 1.5 20 5 2 12 19 0 16 17 8 15 7 3 1 4 5 11 14 9 6 10 18 13 
5342671005 1.5 20 5 18 13 9 0 12 10 19 8 4 14 16 5 17 7 11 2 6 1 15 3 
2981645088 1.5 20 5 12 19 11 16 0 7 1 17 6 18 14 2 3 9 13 8 15 4 10 5 
431327974 1.5 20 5 4 13 1 14 9 17 2 12 19 3 7 5 16 0 6 8 15 18 10 11 
9918320070 1.5 20 5 2 15 11 18 4 12 19 13 14 9 16 1 5 17 6 3 0 8 10 7 
10657421617 1.5 20 5 3 14 5 1 19 17 7 12 6 16 15 10 4 9 2 0 11 8 18 13 
1395637438 1.5 20 5 4 13 2 17 11 5 15 6 3 8 18 7 10 16 1 12 0 9 14 19 
8667314481 1.5 20 5 2 17 16 6 9 10 12 7 0 8 3 5 15 14 1 4 13 19 11 18 
10299434459 1.5 20 5 6 1 16 18 4 15 3 10 12 14 19 5 13 0 8 9 7 17 2 11 
9582981595 1.5 20 5 17 10 11 1 15 8 19 12 3 14 2 4 0 7 5 13 18 9 6 16 
9981491610 1.5 20 5 4 14 16 18 11 19 2 5 1 0 10 15 3 17 13 6 7 9 12 8 
6733829064 1.5 20 5 9 19 7 18 2 8 10 14 0 4 13 16 6 12 15 11 17 5 1 3 
6984364225 1.5 20 5 13 1 14 9 15 4 11 0 6 19 17 16 7 3 5 8 10 12 18 2 
288993540 1.5 20 5 10 11 13 1 6 12 8 19 7 17 2 16 0 5 18 15 3 4 9 14 
9286397067 1.5 20 5 1 19 15 13 0 5 3 18 11 12 9 4 7 6 17 10 14 8 16 2 
886847207 1.5 20 5 2 0 18 6 9 1 15 5 13 8 19 11 7 16 4 12 14 10 3 17 
6660126703 1.5 20 5 7 15 14 5 0 9 1 3 6 19 13 18 12 2 16 8 11 4 17 10 
5088647904 1.5 20 5 18 1 3 14 11 12 17 4 0 7 10 8 9 16 13 2 15 19 5 6 
4998293186 1.5 20 5 16 12 10 0 18 3 11 2 13 7 8 4 14 5 15 9 1 17 19 6 
6939608968 1.5 20 5 17 15 1 19 8 4 6 2 9 16 12 11 7 13 3 18 10 5 0 14 
3152232070 1.5 20 5 1 11 0 15 17 3 2 5 7 9 19 16 14 13 6 12 4 18 10 8 
9697253242 1.5 20 5 0 18 5 15 19 11 4 2 13 8 12 10 16 9 6 14 3 17 7 1 
7041858500 1.5 20 5 5 11 12 17 3 1 19 8 7 15 10 6 13 4 2 14 0 16 9 18 
4172516085 1.5 20 5 8 15 10 17 4 19 18 12 14 16 3 0 2 9 6 7 13 11 5 1 
7116705597 1.5 20 5 9 19 5 17 11 13 12 14 15 4 6 8 2 1 16 18 3 7 0 10 
2308774072 1.5 20 5 2 16 7 12 11 0 18 14 5 8 10 6 9 15 17 13 1 19 4 3 
3832584099 1.5 20 5 5 4 15 13 14 18 9 16 17 3 0 2 7 10 6 8 1 19 11 12 
3116720498 1.5 20 5 15 10 8 12 16 11 6 13 18 9 17 7 14 4 0 3 19 2 5 1 
4779599113 1.5 20 5 16 18 5 9 7 15 14 1 6 2 0 4 10 3 11 13 8 17 12 19 
1356785504 1.5 20 5 3 0 18 17 1 4 9 2 5 14 6 10 8 12 7 19 15 13 16 11 
8975535453 1.5 20 5 6 3 13 0 14 5 10 4 11 17 15 8 16 7 9 18 12 1 2 19 
933409287 1.5 20 5 16 6 10 18 5 2 14 8 3 19 13 4 12 17 7 15 9 11 1 0 
6348459128 1.5 20 5 13 11 18 17 7 1 14 15 0 5 6 19 12 3 8 2 4 10 9 16 
6243137605 1.5 20 5 7 9 19 0 6 8 17 16 18 13 1 5 14 12 15 11 3 2 10 4 
6719471975 1.5 20 5 19 15 1 16 18 12 5 10 14 3 0 2 4 6 13 7 11 17 9 8 
2537652333 1.5 20 5 14 7 4 10 17 11 0 19 15 2 16 8 6 1 5 13 9 18 12 3 
4078297315 1.5 20 5 15 3 9 14 6 16 19 17 7 4 1 5 8 12 18 2 11 10 0 13 
9253272040 1.5 20 5 17 19 2 10 12 1 15 14 4 18 9 6 0 3 16 13 8 5 11 7 
6708217088 1.5 20 5 15 0 4 10 19 7 17 2 11 14 12 16 5 18 3 8 1 6 13 9 
7709530453 1.5 20 5 14 3 1 13 19 17 4 7 9 2 6 8 18 15 0 12 10 5 16 11 
8974592753 1.5 20 5 11 8 18 19 13 12 14 1 4 9 7 2 15 5 10 0 17 6 16 3 
9353647168 1.5 20 5 6 5 7 10 15 16 18 8 14 2 17 11 12 0 3 9 1 19 4 13 
5843900734 1.5 20 5 6 7 14 16 18 8 0 9 17 3 11 5 10 15 4 13 12 1 19 2 
5946396440 1.5 20 5 2 3 0 6 19 11 10 12 14 13 1 7 18 17 5 8 15 4 9 16 
6451863177 1.5 20 5 11 19 7 5 6 2 14 3 1 16 8 17 12 9 13 0 4 15 10 18 
3565949200 1.5 20 5 18 8 11 12 6 17 16 4 14 1 13 10 7 5 19 0 9 2 3 15 
2668231077 1.5 20 5 2 9 10 4 0 6 12 8 17 16 14 19 3 18 1 13 11 5 7 15 
8688270622 1.5 20 5 14 12 10 15 0 6 3 5 19 2 18 7 11 13 9 17 4 8 16 1 
3445425100 1.5 20 5 5 15 7 13 19 3 4 16 12 9 1 10 6 0 17 8 11 14 2 18 
5506919595 1.5 20 5 16 5 12 19 0 3 7 8 2 15 14 11 13 1 18 17 6 4 9 10 
7684380371 1.5 20 5 15 19 14 7 4 3 2 12 10 18 11 6 1 8 9 0 16 17 13 5 
1886545227 1.5 20 5 1 2 8 4 17 18 11 13 3 19 7 0 6 5 16 10 9 14 12 15 
2361696015 1.5 20 5 12 18 13 4 17 11 3 8 15 7 1 14 6 5 9 0 19 2 10 16 
6847307764 1.5 20 5 10 2 0 8 7 1 19 18 6 14 16 12 17 5 11 13 3 15 9 4 
5801247810 1.5 20 5 0 15 12 19 2 13 8 3 18 6 5 9 4 17 11 14 7 10 16 1 
9872692029 1.5 20 5 17 16 6 19 9 0 1 13 5 18 11 2 10 15 3 8 14 4 7 12 
10249745385 1.5 20 5 1 10 9 8 3 14 12 4 5 19 17 7 18 15 0 16 11 2 13 6 
4137236888 1.5 20 5 3 5 18 15 4 9 2 6 17 19 16 13 10 12 11 7 1 14 0 8 
6786716730 1.5 20 5 3 13 16 0 11 18 19 17 9 1 2 10 12 7 14 8 5 4 6 15 
2214736757 1.5 20 5 1 4 11 7 15 13 5 10 6 19 17 2 16 12 3 9 8 0 14 18 
8218069670 1.5 20 5 0 6 16 7 18 1 2 11 12 13 3 19 4 14 9 10 15 5 17 8 
10631383082 1.5 20 5 11 14 12 2 6 18 5 1 9 8 7 19 16 17 4 3 13 0 15 10 
9085376058 1.5 20 5 19 1 6 4 5 7 18 3 14 8 15 12 11 17 13 16 2 0 9 10 
1239383444 1.5 20 5 19 18 13 7 12 9 6 2 15 8 10 3 11 1 16 4 5 14 17 0 
4136260697 1.5 20 5 13 0 3 6 8 9 12 18 19 11 5 2 16 1 17 4 14 7 10 15 
5055036435 1.5 20 5 5 10 12 17 13 8 14 18 1 4 7 15 11 3 0 2 19 16 6 9 
3754465994 1.5 20 5 14 19 1 17 16 10 6 18 0 3 8 12 13 9 7 4 11 5 2 15 
8421637983 1.5 20 5 3 1 9 7 5 2 13 19 11 0 18 16 12 4 8 15 10 14 6 17 
6762148225 1.5 20 5 14 0 10 16 6 17 1 5 18 12 19 7 13 2 9 15 3 4 8 11 
7517669278 1.5 20 5 10 5 18 0 3 7 8 17 13 16 9 6 4 2 11 14 12 15 1 19 
4993683327 1.5 20 5 9 11 14 3 18 4 17 1 13 15 8 12 0 19 7 5 2 6 10 16 
2287421775 1.5 20 5 13 9 4 8 17 2 11 15 3 10 6 7 16 12 0 5 14 19 1 18 
9771597325 1.5 20 5 19 12 10 8 0 16 4 18 2 6 17 7 5 13 1 3 15 14 9 11 
6343886401 1.5 20 5 17 0 7 4 15 1 10 19 6 5 13 3 12 2 11 18 14 8 9 16 
3327497701 1.5 20 5 0 11 19 14 3 8 12 18 16 17 10 9 7 6 1 5 13 2 4 15 
4067917609 1.5 20 5 12 11 15 17 9 5 16 1 8 13 3 14 4 18 0 10 7 19 6 2 
3795087796 1.5 20 5 11 14 15 1 7 6 0 18 5 2 13 16 9 12 10 19 17 3 8 4 
7253282455 1.5 20 5 4 5 1 17 15 18 6 19 13 12 11 7 9 0 16 3 14 8 10 2 
4625134917 1.5 20 5 8 15 18 2 17 6 16 13 3 11 10 0 5 7 12 14 19 9 1 4 
744583803 1.5 20 5 13 2 6 10 4 8 11 1 14 18 5 16 0 9 12 19 15 7 17 3 
7493999394 1.5 20 5 4 15 1 2 11 10 16 8 7 6 19 3 0 9 12 17 14 18 13 5 
9138554222 1.5 20 5 12 19 15 4 17 5 8 14 9 11 18 7 1 2 13 10 3 0 6 16 
9993134409 1.5 20 5 4 11 15 6 3 1 16 13 5 7 19 0 17 9 12 18 14 10 8 2 
6469624664 1.5 20 5 19 13 16 2 10 6 12 0 3 18 9 15 4 17 1 14 11 5 8 7 
7932174206 1.5 20 5 1 9 4 10 17 6 14 18 12 7 13 19 16 2 5 8 0 3 11 15 
8376255466 1.5 20 5 4 12 16 17 1 14 7 8 6 18 0 9 2 3 11 15 10 13 19 5 
97968575 1.5 20 5 2 18 11 17 7 14 13 8 3 6 1 16 0 4 5 10 9 19 15 12 
3162062427 1.5 20 5 19 16 1 17 14 10 13 9 3 18 2 5 12 7 15 6 0 8 11 4 
4171227383 1.5 20 5 7 2 12 19 3 10 15 1 17 0 13 5 8 14 16 9 4 18 11 6 
9837301977 1.5 20 5 4 7 12 3 14 11 10 17 6 9 13 19 1 8 0 5 2 16 18 15 
6576537485 1.5 20 5 15 9 2 17 8 7 18 16 12 0 13 19 14 4 10 1 11 5 3 6 
8052148159 1.5 20 5 5 7 9 16 0 3 13 8 17 4 12 6 10 11 14 2 19 18 1 15 
6679400788 1.5 20 5 8 19 7 11 12 1 17 0 10 15 13 3 18 4 2 5 16 6 9 14 
7844742097 1.5 20 5 18 17 9 1 16 7 0 8 12 11 2 6 4 3 5 15 10 13 14 19 
2254399022 1.5 20 5 10 4 3 9 5 11 19 7 14 18 16 17 8 12 1 15 13 2 0 6 
2543365567 1.5 20 5 12 3 5 8 11 0 17 15 7 9 2 14 6 13 4 1 18 16 10 19 
3533289386 1.5 20 5 19 13 4 0 10 16 17 3 7 1 6 15 11 14 9 18 2 5 12 8 
4189805544 1.5 20 5 16 1 15 3 8 4 13 6 2 19 7 0 17 10 12 18 14 5 9 11 
3390352905 1.5 20 5 12 19 14 15 4 5 2 1 11 8 18 7 9 10 17 6 16 13 0 3 
4076960301 1.5 20 5 13 7 2 14 12 10 11 18 9 0 8 16 5 17 6 1 4 15 3 19 
5253802101 1.5 20 5 0 19 4 17 14 8 13 2 15 5 1 10 9 12 18 16 6 11 3 7 
4710204850 1.5 20 5 9 18 6 19 1 7 0 5 8 3 14 2 15 10 4 17 12 13 11 16 
6851199963 1.5 20 5 14 15 5 13 0 7 17 8 11 12 18 6 3 19 10 16 9 2 1 4 
4200114596 1.5 20 5 7 17 0 9 15 2 6 3 12 5 19 18 16 1 13 14 10 11 4 8 
3703236910 1.5 20 5 1 11 6 13 17 3 5 9 14 10 18 0 16 8 2 19 7 15 4 12 
9320103916 1.5 20 5 14 9 17 0 6 2 1 8 7 11 12 13 5 18 15 3 10 19 16 4 
268397424 1.5 20 5 15 17 8 0 3 6 12 4 7 5 9 2 18 14 1 19 11 16 13 10 
10607891419 1.5 20 5 15 6 18 1 16 2 12 9 0 19 8 13 3 17 4 14 10 11 5 7 
3340201254 1.5 20 5 0 10 3 11 1 2 15 6 7 16 8 14 4 9 5 13 12 19 18 17 
6972354482 1.5 20 5 6 11 8 15 19 7 16 1 0 5 3 2 18 10 14 12 13 17 4 9 
2576250711 1.5 20 5 19 13 6 11 10 17 8 5 9 4 0 18 1 3 15 12 16 7 14 2 
3447230373 1.5 20 5 19 17 15 1 2 18 13 3 5 16 11 12 0 7 8 14 4 6 9 10 
3702940304 1.5 20 5 2 17 9 12 7 10 16 15 18 3 8 1 0 19 14 11 6 5 13 4 
10310813100 1.5 20 5 2 8 3 5 4 7 0 13 1 17 11 10 9 18 16 19 14 6 15 12 
7225893264 1.5 20 5 12 8 0 4 18 17 13 3 16 9 2 5 15 19 7 6 14 10 1 11 
3333335921 1.5 20 5 13 9 12 8 10 19 4 15 3 14 6 18 1 7 5 17 2 0 11 16 
8531963258 1.5 20 5 18 2 13 4 17 19 10 6 9 0 11 1 14 5 8 15 12 7 16 3 
8301520656 1.5 20 5 10 3 11 12 6 17 9 18 8 16 19 4 14 1 7 0 13 15 5 2 
10629411357 1.5 20 5 8 13 0 17 11 6 15 1 9 16 10 14 2 19 12 4 18 7 5 3 
6023078563 1.5 20 5 11 5 6 14 17 12 19 3 9 2 18 4 7 16 15 8 13 10 1 0 
3438621762 1.5 20 5 12 0 7 8 9 4 11 6 15 10 16 3 17 5 1 14 13 18 19 2 
8013331832 1.5 20 5 9 12 16 14 11 8 7 5 17 13 19 1 10 15 0 3 4 18 6 2 
8602154844 1.5 20 5 16 4 5 6 8 2 11 13 7 10 14 9 12 17 19 1 15 18 0 3 
6193362319 1.5 20 5 7 0 13 19 11 17 10 3 14 16 15 4 9 1 12 2 6 8 5 18 
3514941643 1.5 20 5 3 7 10 12 17 4 19 15 6 9 1 5 18 0 14 11 2 16 8 13 
4688771737 1.5 20 5 12 7 19 11 15 18 6 14 16 5 3 0 2 8 17 4 10 9 1 13 
2855080674 1.5 20 5 9 1 13 4 14 6 7 15 0 5 11 12 2 16 17 8 19 10 3 18 
8631046084 1.5 20 5 3 13 8 10 19 14 12 9 1 15 16 11 6 18 4 0 17 5 7 2 
9257764534 1.5 20 5 2 3 16 11 14 10 9 4 15 5 6 1 17 0 8 18 13 12 19 7 
3279394818 1.5 20 5 6 16 19 5 4 1 8 2 15 18 13 0 17 14 3 7 9 10 12 11 
3 844 8
1 713 11
10 154 47
17 823 23
7 982 4
10 231 38
1 597 17
17 572 5
15 262 40
6 417 48
15 354 47
1 322 23
5 673 3
13 827 45
4 453 14
16 11 30
2 246 36
13 240 34
13 453 44
7 398 19
12 908 13
2 513 27
5 711 25
11 57 21
12 267 44
6 176 48
10 83 30
15 928 34
1 888 8
4 247 41
16 906 29
7 417 46
0 245 37
7 812 14
10 921 14
15 986 13
10 570 17
17 657 30
12 300 23
9 203 22
2 875 30
2 53 31
15 463 31
5 473 43
0 500 28
8 150 39
12 847 39
10 329 39
15 625 30
0 242 9
3 700 14
2 976 9
9 752 1
15 788 50
2 352 42
6 760 40
0 640 39
17 419 49
12 301 17
17 68 7
16 343 9
7 402 23
16 949 34
14 161 11
0 714 16
18 847 20
6 857 18
2 373 11
13 263 8
18 155 9
14 477 5
10 389 35
15 380 50
10 132 14
10 844 36
19 519 44
3 329 24
13 202 7
1 439 25
7 74 45
4 813 40
15 77 6
19 776 4
12 502 19
5 117 17
16 187 13
5 640 36
2 410 34
3 669 17
7 115 15
16 299 42
8 370 29
14 21 24
19 226 28
7 140 13
10 637 3
11 77 46
13 535 0
18 48 24
14 854 15
