20 20 1000 100
1073741824 1073741824
1073741824 1073741824
1073741824 1073741824
1073741824 1073741824
1073741824 1073741824
1073741824 1073741824
1073741824 1073741824
1073741824 1073741824
1073741824 1073741824
1073741824 1073741824
1073741824 1073741824
1073741824 1073741824
1073741824 1073741824
1073741824 1073741824
1073741824 1073741824
1073741824 1073741824
1073741824 1073741824
1073741824 1073741824
1073741824 1073741824
1073741824 1073741824
1073741824
1073741824
1073741824
1073741824
1073741824
1073741824
1073741824
1073741824
1073741824
1073741824
1073741824
1073741824
1073741824
1073741824
1073741824
1073741824
1073741824
1073741824
1073741824
1073741824
9757486945 1.5 5 5 3 14 6 17 18 
626139965 1.5 5 5 13 6 10 18 7 
6733444378 1.5 5 5 17 5 1 3 15 
2776181534 1.5 5 5 6 7 19 13 10 
7285576389 1.5 5 5 6 11 9 1 0 
6847025340 1.5 5 5 2 9 11 6 10 
9968406744 1.5 5 5 0 1 14 10 11 
1729689604 1.5 5 5 8 7 9 13 12 
8651029085 1.5 5 5 15 18 6 13 1 
4996586530 1.5 5 5 0 12 4 10 11 
1359683492 1.5 5 5 8 14 7 3 5 
10697067839 1.5 5 5 18 16 13 17 19 
9320419804 1.5 5 5 10 18 9 7 12 
93963535 1.5 5 5 5 13 9 10 14 
8625764992 1.5 5 5 8 4 7 16 14 
5650771128 1.5 5 5 6 13 11 4 18 
6312901349 1.5 5 5 18 9 15 11 19 
5801812526 1.5 5 5 0 9 13 8 7 
6291741509 1.5 5 5 13 7 18 2 9 
7042962649 1.5 5 5 6 5 9 8 3 
7724735113 1.5 5 5 4 18 2 7 13 
4891936953 1.5 5 5 19 14 6 15 4 
8793367036 1.5 5 5 4 6 3 14 18 
9019769040 1.5 5 5 5 15 4 3 7 
8879106442 1.5 5 5 15 2 14 9 16 
538135199 1.5 5 5 6 19 16 11 17 
4664540144 1.5 5 5 2 18 0 19 5 
5982158168 1.5 5 5 5 16 19 2 18 
4632916615 1.5 5 5 7 3 16 10 13 
9934644311 1.5 5 5 2 8 19 12 4 
921443892 1.5 5 5 7 12 15 18 6 
7091836829 1.5 5 5 15 18 13 10 12 
4439208669 1.5 5 5 19 16 14 10 8 
1693628425 1.5 5 5 17 10 1 8 3 
10271408270 1.5 5 5 18 0 15 17 8 
8007178628 1.5 5 5 8 17 3 0 16 
9228148001 1.5 5 5 11 0 13 1 6 
5585443259 1.5 5 5 7 13 8 9 12 
10552370130 1.5 5 5 1 6 8 18 7 
4233124143 1.5 5 5 16 3 2 17 9 
357330636 1.5 5 5 4 12 15 3 14 
735556652 1.5 5 5 5 12 7 13 3 
3247912040 1.5 5 5 14 9 12 15 5 
4815803566 1.5 5 5 13 4 15 18 2 
6440341638 1.5 5 5 16 2 3 5 18 
1175975071 1.5 5 5 16 9 12 4 10 
5774592090 1.5 5 5 9 8 12 0 14 
2931988909 1.5 5 5 10 14 8 11 17 
9606613192 1.5 5 5 5 7 17 0 6 
976242509 1.5 5 5 5 4 6 7 19 
4382561386 1.5 5 5 4 1 17 5 13 
4789518603 1.5 5 5 9 3 17 19 11 
8640035812 1.5 5 5 10 12 8 6 4 
6367446043 1.5 5 5 12 11 1 14 8 
4083019086 1.5 5 5 2 3 6 9 13 
10208679390 1.5 5 5 6 19 5 9 1 
8000745833 1.5 5 5 14 10 3 7 18 
3598823145 1.5 5 5 18 12 5 6 19 
9151217422 1.5 5 5 16 10 15 7 8 
2847238356 1.5 5 5 14 16 19 17 13 
6232230308 1.5 5 5 6 15 2 14 12 
7541969980 1.5 5 5 17 1 4 13 0 
1297453866 1.5 5 5 7 6 16 3 14 
10583736135 1.5 5 5 14 1 15 0 6 
1390237987 1.5 5 5 13 16 18 5 19 
9061241910 1.5 5 5 19 5 11 10 2 
104154427 1.5 5 5 9 2 15 11 4 
8796124365 1.5 5 5 16 10 19 8 4 
4777121794 1.5 5 5 1 10 14 18 17 
1910982759 1.5 5 5 18 10 5 13 7 
2476905714 1.5 5 5 17 16 6 15 14 
1511731182 1.5 5 5 18 14 3 16 2 
3004566323 1.5 5 5 6 19 0 17 1 
3673893953 1.5 5 5 8 14 7 0 16 
10222094467 1.5 5 5 13 4 7 11 9 
3991282853 1.5 5 5 11 10 19 13 12 
8781989678 1.5 5 5 15 9 10 5 11 
4930094602 1.5 5 5 12 4 7 9 5 
1158722515 1.5 5 5 18 2 9 7 11 
6557978444 1.5 5 5 12 6 14 16 13 
9462024633 1.5 5 5 10 17 4 15 6 
2408984313 1.5 5 5 0 2 9 12 1 
2083994008 1.5 5 5 2 15 5 19 13 
6963961672 1.5 5 5 0 12 18 5 11 
6355905351 1.5 5 5 4 17 8 5 10 
7349006772 1.5 5 5 6 15 13 12 0 
523066108 1.5 5 5 17 11 8 5 12 
7675401365 1.5 5 5 17 9 1 3 10 
6063617852 1.5 5 5 6 10 7 5 15 
6739796369 1.5 5 5 13 0 17 3 15 
6606041496 1.5 5 5 1 2 3 12 11 
2607777860 1.5 5 5 3 10 2 12 17 
2368581376 1.5 5 5 15 7 12 16 11 
9926442325 1.5 5 5 17 19 4 14 10 
5709910812 1.5 5 5 13 9 4 5 17 
6702244414 1.5 5 5 19 9 16 15 18 
7490993709 1.5 5 5 4 15 0 1 16 
2003887126 1.5 5 5 15 19 18 12 2 
10290266093 1.5 5 5 10 2 4 6 14 
8671080629 1.5 5 5 0 9 11 15 1 
9133001753 1.5 5 5 3 9 15 19 12 
7493076167 1.5 5 5 19 5 10 8 1 
4772129615 1.5 5 5 3 5 16 7 4 
4701529183 1.5 5 5 16 19 2 14 12 
3418497068 1.5 5 5 6 3 1 14 17 
8931019720 1.5 5 5 11 12 5 6 17 
2228370816 1.5 5 5 3 5 2 16 8 
10700669965 1.5 5 5 17 5 11 18 14 
9380747609 1.5 5 5 14 10 8 16 11 
7138621865 1.5 5 5 13 15 6 16 10 
2905700802 1.5 5 5 6 13 15 8 14 
10050483859 1.5 5 5 8 11 4 9 0 
640346065 1.5 5 5 8 7 10 4 14 
534473172 1.5 5 5 15 9 17 19 18 
161676274 1.5 5 5 18 19 9 8 6 
4949693611 1.5 5 5 12 14 11 1 4 
3290581052 1.5 5 5 3 12 10 14 4 
8036209534 1.5 5 5 11 4 15 2 10 
9010827903 1.5 5 5 8 6 16 11 17 
9216993852 1.5 5 5 3 12 2 5 9 
7543035611 1.5 5 5 19 3 13 2 7 
6272904843 1.5 5 5 4 3 19 18 16 
2460242255 1.5 5 5 7 1 15 2 19 
6617977594 1.5 5 5 10 11 15 8 16 
141871091 1.5 5 5 11 14 6 1 7 
4601563427 1.5 5 5 6 19 16 0 17 
8402936577 1.5 5 5 4 1 9 14 5 
6430621353 1.5 5 5 5 16 13 8 18 
3891698619 1.5 5 5 1 0 12 15 4 
6143341415 1.5 5 5 10 14 1 6 3 
3782331490 1.5 5 5 1 2 10 4 13 
1666058353 1.5 5 5 9 2 3 7 16 
6343448974 1.5 5 5 0 14 10 15 7 
5064305428 1.5 5 5 7 3 12 0 11 
6019554537 1.5 5 5 10 18 16 19 8 
6247890153 1.5 5 5 9 5 13 3 8 
8273134784 1.5 5 5 18 6 7 16 1 
3595521811 1.5 5 5 17 19 14 4 10 
3636374408 1.5 5 5 19 1 16 15 13 
8980507530 1.5 5 5 9 6 7 5 16 
3254853048 1.5 5 5 13 11 17 14 5 
6726741772 1.5 5 5 1 3 18 10 7 
3832488008 1.5 5 5 9 11 18 6 1 
7305069807 1.5 5 5 9 2 10 19 5 
3973894774 1.5 5 5 15 1 10 12 9 
4833421127 1.5 5 5 13 19 9 17 3 
8512690663 1.5 5 5 1 10 7 6 4 
6030737152 1.5 5 5 2 7 15 17 9 
9997834802 1.5 5 5 3 5 12 13 19 
10321237154 1.5 5 5 1 17 5 0 4 
2979579848 1.5 5 5 19 5 2 3 17 
8142432265 1.5 5 5 14 16 19 4 11 
4344438165 1.5 5 5 17 14 19 16 1 
3838244734 1.5 5 5 1 18 4 10 13 
9641789795 1.5 5 5 8 1 15 14 2 
1012288629 1.5 5 5 12 17 6 5 2 
2023459266 1.5 5 5 7 9 11 2 5 
196659428 1.5 5 5 2 6 12 3 1 
3433436937 1.5 5 5 6 14 19 1 10 
441771509 1.5 5 5 14 13 6 10 15 
365854401 1.5 5 5 2 10 6 1 19 
9959906839 1.5 5 5 10 17 16 13 7 
8496359825 1.5 5 5 8 0 1 6 18 
3375443908 1.5 5 5 18 19 15 0 5 
1480725872 1.5 5 5 2 8 9 11 0 
8076168792 1.5 5 5 1 11 5 18 13 
2199750563 1.5 5 5 11 12 7 1 14 
6129019187 1.5 5 5 1 7 14 19 18 
215569537 1.5 5 5 9 8 14 13 5 
4747770262 1.5 5 5 4 18 9 13 12 
6551210186 1.5 5 5 5 15 6 1 2 
6496910276 1.5 5 5 13 6 2 19 18 
1686473208 1.5 5 5 6 1 12 9 10 
2531704724 1.5 5 5 10 16 2 6 1 
10276930023 1.5 5 5 18 15 7 11 16 
2838109961 1.5 5 5 1 19 6 18 3 
1407554894 1.5 5 5 13 15 11 3 19 
6302348447 1.5 5 5 16 1 19 0 12 
7696216472 1.5 5 5 2 6 12 18 16 
8762486590 1.5 5 5 9 11 8 4 7 
4862592715 1.5 5 5 1 9 19 8 6 
10244531179 1.5 5 5 13 17 19 1 2 
7065981578 1.5 5 5 13 2 11 8 0 
4178632024 1.5 5 5 10 6 15 17 9 
6262970685 1.5 5 5 11 12 6 15 1 
8191753009 1.5 5 5 17 12 18 8 15 
4452893407 1.5 5 5 1 13 16 10 7 
10611057157 1.5 5 5 12 3 10 17 0 
3596735671 1.5 5 5 0 7 10 16 15 
2817270295 1.5 5 5 2 10 1 5 19 
8504829765 1.5 5 5 2 18 5 8 7 
3130207648 1.5 5 5 1 14 6 9 5 
4186621258 1.5 5 5 6 11 13 7 9 
6183752640 1.5 5 5 8 5 13 14 3 
7581797158 1.5 5 5 15 12 4 14 19 
1278827006 1.5 5 5 0 2 16 4 11 
6203166396 1.5 5 5 7 6 2 17 3 
2585282947 1.5 5 5 18 14 15 19 9 
707927165 1.5 5 5 4 19 1 13 11 
2678738507 1.5 5 5 1 17 16 3 18 
5016679420 1.5 5 5 14 17 3 11 5 
5921440643 1.5 5 5 11 7 17 14 1 
6121478373 1.5 5 5 0 7 8 4 18 
8416633970 1.5 5 5 16 15 9 10 2 
9506633700 1.5 5 5 15 17 18 7 9 
5751414236 1.5 5 5 5 8 17 15 11 
6778889312 1.5 5 5 3 18 4 6 16 
3478955620 1.5 5 5 19 0 1 18 6 
3082748494 1.5 5 5 12 9 11 18 19 
4740071704 1.5 5 5 7 17 3 0 2 
5260960542 1.5 5 5 17 12 3 1 10 
7762403240 1.5 5 5 4 1 9 18 2 
2322335012 1.5 5 5 3 11 19 18 2 
3942664956 1.5 5 5 1 17 11 13 3 
3843447931 1.5 5 5 12 15 18 5 11 
1624953854 1.5 5 5 7 1 8 2 15 
10349352812 1.5 5 5 17 9 3 10 8 
645086490 1.5 5 5 18 16 14 15 6 
3381476 1.5 5 5 14 0 5 9 15 
565064265 1.5 5 5 13 18 11 5 6 
5084014680 1.5 5 5 9 7 3 6 13 
3843398536 1.5 5 5 13 14 15 9 6 
2356387596 1.5 5 5 9 12 14 18 17 
3197569324 1.5 5 5 0 15 9 19 10 
5213059407 1.5 5 5 14 11 16 8 19 
4634894112 1.5 5 5 5 16 18 13 8 
5384934749 1.5 5 5 9 18 5 0 19 
10332932847 1.5 5 5 3 5 18 14 8 
47551430 1.5 5 5 5 11 13 12 9 
9216294875 1.5 5 5 1 0 18 9 2 
1391987810 1.5 5 5 13 10 18 19 1 
9390273353 1.5 5 5 14 19 2 6 11 
6755526574 1.5 5 5 7 12 11 17 6 
3028349628 1.5 5 5 0 18 13 4 12 
4407618778 1.5 5 5 1 12 13 18 7 
286805810 1.5 5 5 0 14 6 7 8 
2051787143 1.5 5 5 15 0 11 14 2 
3938756742 1.5 5 5 12 6 4 2 1 
2578215972 1.5 5 5 9 0 17 8 1 
9278865125 1.5 5 5 8 15 17 11 18 
3341470414 1.5 5 5 12 17 10 15 2 
10042614229 1.5 5 5 18 14 11 13 0 
7295721085 1.5 5 5 12 10 2 11 18 
9745236227 1.5 5 5 1 11 3 12 6 
2061466336 1.5 5 5 6 18 11 4 10 
10138910331 1.5 5 5 19 12 13 2 6 
400520950 1.5 5 5 10 2 6 5 19 
1945454176 1.5 5 5 11 15 12 17 3 
9408270241 1.5 5 5 19 2 8 9 7 
2307147389 1.5 5 5 10 16 7 8 17 
7494459382 1.5 5 5 11 12 8 10 18 
2612899436 1.5 5 5 4 12 19 10 11 
5239574455 1.5 5 5 7 10 9 3 6 
5794028722 1.5 5 5 8 13 12 3 14 
2425881258 1.5 5 5 17 3 6 19 12 
969872094 1.5 5 5 3 10 5 1 4 
2013442469 1.5 5 5 11 19 9 0 16 
6986808836 1.5 5 5 19 12 18 1 9 
1172577678 1.5 5 5 14 1 9 11 4 
8401363468 1.5 5 5 18 10 5 0 14 
8773955369 1.5 5 5 19 10 2 12 4 
8467435840 1.5 5 5 3 12 13 7 19 
4611436099 1.5 5 5 19 13 10 0 18 
124178929 1.5 5 5 18 15 6 4 7 
1267738775 1.5 5 5 16 18 12 17 19 
6577281967 1.5 5 5 16 0 9 14 7 
8488069546 1.5 5 5 6 15 12 17 9 
8508172242 1.5 5 5 9 11 16 5 10 
9875834337 1.5 5 5 0 19 14 3 15 
10168532498 1.5 5 5 6 14 5 1 0 
3525138543 1.5 5 5 14 15 16 1 19 
4025877859 1.5 5 5 9 0 17 19 13 
2185350329 1.5 5 5 0 9 10 4 12 
3869290286 1.5 5 5 16 15 19 0 18 
5051894493 1.5 5 5 8 12 10 11 6 
3406645367 1.5 5 5 7 13 2 16 0 
10363844393 1.5 5 5 11 12 9 2 15 
1740056217 1.5 5 5 4 3 10 6 11 
4071456062 1.5 5 5 15 2 19 0 10 
5719206898 1.5 5 5 8 19 7 10 11 
3552707464 1.5 5 5 8 2 15 4 6 
1247360341 1.5 5 5 17 2 1 0 5 
5444126164 1.5 5 5 4 0 12 15 9 
9415399235 1.5 5 5 8 1 12 4 9 
5936927296 1.5 5 5 2 12 8 18 7 
10215458759 1.5 5 5 17 13 8 0 3 
7765807594 1.5 5 5 12 18 17 6 16 
1849701531 1.5 5 5 6 15 8 13 5 
1478101892 1.5 5 5 16 3 5 1 17 
4767865021 1.5 5 5 11 10 2 13 6 
9408832923 1.5 5 5 3 10 7 5 1 
4226784876 1.5 5 5 7 5 19 9 8 
9055300273 1.5 5 5 6 19 11 5 12 
9566430716 1.5 5 5 5 16 4 7 8 
6029567955 1.5 5 5 14 1 10 13 5 
8340279369 1.5 5 5 0 16 17 5 19 
4209826202 1.5 5 5 18 3 8 19 13 
10188515025 1.5 5 5 18 17 2 5 14 
4139398664 1.5 5 5 11 12 14 15 6 
7342033825 1.5 5 5 7 15 14 2 13 
4269515566 1.5 5 5 8 2 19 5 7 
1084880170 1.5 5 5 10 3 5 8 9 
449764500 1.5 5 5 3 1 5 4 8 
1973319589 1.5 5 5 7 1 5 0 3 
6934826435 1.5 5 5 5 17 18 19 2 
5786318525 1.5 5 5 1 19 0 12 10 
1889144946 1.5 5 5 5 17 8 9 7 
6879936969 1.5 5 5 0 7 4 12 14 
6485389918 1.5 5 5 6 18 5 12 16 
4567030170 1.5 5 5 12 2 11 1 3 
710982790 1.5 5 5 11 12 14 18 13 
1460453567 1.5 5 5 0 3 9 1 8 
378042310 1.5 5 5 3 5 8 9 10 
9474734766 1.5 5 5 7 2 3 4 13 
4384124060 1.5 5 5 12 0 6 15 3 
7038291002 1.5 5 5 3 8 18 6 2 
2314133462 1.5 5 5 13 7 18 2 3 
7899243561 1.5 5 5 11 3 9 14 4 
8432986778 1.5 5 5 9 6 17 5 14 
7786432873 1.5 5 5 4 18 3 2 6 
6409251576 1.5 5 5 8 2 17 11 10 
6534038878 1.5 5 5 18 2 16 14 15 
1617801353 1.5 5 5 8 3 2 11 15 
961610854 1.5 5 5 8 6 10 17 14 
7513744238 1.5 5 5 8 1 15 5 9 
10616110560 1.5 5 5 3 10 17 0 13 
10346459734 1.5 5 5 14 1 13 3 9 
6995576006 1.5 5 5 8 4 11 14 17 
9791698331 1.5 5 5 4 16 8 3 5 
3823491538 1.5 5 5 12 14 11 10 5 
2528940939 1.5 5 5 19 10 13 11 0 
1645712261 1.5 5 5 19 11 4 14 1 
2841773565 1.5 5 5 6 11 9 2 13 
963777164 1.5 5 5 7 4 5 8 17 
7006085264 1.5 5 5 12 10 13 8 3 
7625537511 1.5 5 5 13 18 14 10 11 
10342178308 1.5 5 5 7 5 3 4 0 
8154801910 1.5 5 5 14 4 12 3 11 
924957462 1.5 5 5 16 15 19 1 18 
130807391 1.5 5 5 16 18 1 4 11 
3379473646 1.5 5 5 17 10 19 2 15 
2888987850 1.5 5 5 2 3 1 13 19 
8089836049 1.5 5 5 15 1 7 14 16 
6526922017 1.5 5 5 4 6 13 1 0 
2932772098 1.5 5 5 15 14 17 2 19 
412335090 1.5 5 5 6 15 7 17 19 
3225743540 1.5 5 5 17 9 14 2 8 
3855040218 1.5 5 5 6 2 16 15 17 
8049092246 1.5 5 5 19 0 11 14 1 
10585905632 1.5 5 5 9 16 8 12 0 
9352134990 1.5 5 5 16 14 4 6 19 
10474411124 1.5 5 5 0 13 18 10 7 
4727016545 1.5 5 5 15 13 10 8 4 
1705592894 1.5 5 5 6 3 8 17 7 
7560474384 1.5 5 5 3 9 6 11 19 
9747242690 1.5 5 5 19 2 13 4 1 
2721235416 1.5 5 5 3 16 15 2 17 
5755109907 1.5 5 5 13 12 19 17 14 
6285197445 1.5 5 5 17 16 19 7 15 
6766251277 1.5 5 5 11 19 1 16 10 
1931703084 1.5 5 5 6 13 4 10 14 
8145444443 1.5 5 5 11 10 12 3 8 
981039520 1.5 5 5 11 7 15 6 10 
8594428877 1.5 5 5 11 4 14 18 1 
10400790830 1.5 5 5 9 10 5 13 17 
2865280343 1.5 5 5 18 3 9 14 8 
3147803935 1.5 5 5 9 6 17 1 13 
8887630107 1.5 5 5 18 6 9 13 8 
4453256500 1.5 5 5 6 14 5 15 7 
7514785628 1.5 5 5 4 0 2 3 5 
6827648499 1.5 5 5 6 18 8 13 10 
10031136514 1.5 5 5 12 5 10 13 15 
7850275562 1.5 5 5 0 11 3 17 8 
7875512241 1.5 5 5 3 1 8 16 4 
9950956153 1.5 5 5 18 1 19 16 4 
827635071 1.5 5 5 18 15 13 0 12 
8906607829 1.5 5 5 0 4 11 6 15 
1981363560 1.5 5 5 15 1 5 8 12 
8141192208 1.5 5 5 6 4 16 10 14 
1796828020 1.5 5 5 5 10 13 18 15 
9922488208 1.5 5 5 11 5 1 15 19 
7856636645 1.5 5 5 5 7 17 14 15 
921379262 1.5 5 5 16 9 14 17 1 
6852212300 1.5 5 5 13 2 11 3 16 
1833268226 1.5 5 5 8 13 17 12 6 
10154602829 1.5 5 5 6 2 0 13 12 
8888377650 1.5 5 5 1 14 13 9 10 
4405323465 1.5 5 5 19 16 15 7 4 
1504532303 1.5 5 5 5 11 17 19 1 
4837761564 1.5 5 5 0 12 17 4 14 
4012888318 1.5 5 5 14 4 7 6 19 
765800874 1.5 5 5 11 19 0 2 17 
4953062829 1.5 5 5 8 19 12 3 11 
6875050886 1.5 5 5 3 7 2 15 1 
1977810909 1.5 5 5 0 19 8 13 15 
9099665298 1.5 5 5 12 0 5 8 13 
4565498198 1.5 5 5 16 1 4 17 6 
8262372730 1.5 5 5 16 7 15 18 8 
10597908775 1.5 5 5 19 8 17 1 13 
1659463946 1.5 5 5 6 12 2 4 15 
7808420595 1.5 5 5 3 15 6 10 5 
1731834775 1.5 5 5 12 16 8 1 14 
2784052277 1.5 5 5 10 8 4 3 14 
7773094287 1.5 5 5 4 11 6 10 9 
7917541309 1.5 5 5 10 18 4 2 7 
10172583214 1.5 5 5 2 19 0 11 18 
5240494271 1.5 5 5 17 15 9 13 1 
624269839 1.5 5 5 16 4 0 10 14 
10355099139 1.5 5 5 1 8 6 7 16 
6509788649 1.5 5 5 10 11 7 8 5 
5429178712 1.5 5 5 19 12 5 10 9 
7114737226 1.5 5 5 14 7 3 5 10 
9415537946 1.5 5 5 2 5 19 4 3 
7515400504 1.5 5 5 10 0 16 12 18 
10634195693 1.5 5 5 1 3 18 6 5 
1739828267 1.5 5 5 10 8 1 13 6 
7440688026 1.5 5 5 5 11 17 7 15 
7269430751 1.5 5 5 10 3 2 18 13 
8487231996 1.5 5 5 11 2 13 7 3 
4596828522 1.5 5 5 7 15 5 18 14 
6913178117 1.5 5 5 9 17 0 5 11 
6846873814 1.5 5 5 1 7 5 17 19 
9778709042 1.5 5 5 3 8 5 16 15 
1083666803 1.5 5 5 16 9 7 6 1 
6040040492 1.5 5 5 10 0 3 1 8 
4154175375 1.5 5 5 7 11 9 10 18 
6218258686 1.5 5 5 5 12 16 18 0 
9032573139 1.5 5 5 15 11 0 16 5 
8103714632 1.5 5 5 18 14 9 7 1 
317448723 1.5 5 5 14 17 7 11 19 
466236825 1.5 5 5 9 19 18 17 10 
7096502445 1.5 5 5 19 5 10 0 17 
3325402354 1.5 5 5 4 2 18 15 8 
3910127557 1.5 5 5 12 3 17 11 16 
2215916522 1.5 5 5 16 5 13 17 6 
7262314684 1.5 5 5 9 6 5 11 8 
100084760 1.5 5 5 15 10 6 7 0 
7897914813 1.5 5 5 2 16 1 13 4 
4327814362 1.5 5 5 7 12 19 1 2 
5651140099 1.5 5 5 4 19 9 3 18 
10535563281 1.5 5 5 6 0 5 7 8 
7242059269 1.5 5 5 15 0 18 13 6 
10088314821 1.5 5 5 11 1 8 19 12 
5162738239 1.5 5 5 18 1 3 5 16 
6294093466 1.5 5 5 17 1 7 0 12 
3084328445 1.5 5 5 10 5 18 6 19 
7403829356 1.5 5 5 19 18 1 15 3 
4067025231 1.5 5 5 6 2 1 14 11 
3159904019 1.5 5 5 13 18 10 3 12 
6315392518 1.5 5 5 8 3 1 16 7 
8136204113 1.5 5 5 9 19 14 12 5 
1723489656 1.5 5 5 10 1 13 3 12 
3614932495 1.5 5 5 6 19 13 9 10 
10156107881 1.5 5 5 6 15 3 14 18 
6914896764 1.5 5 5 15 5 17 19 18 
3975951429 1.5 5 5 14 15 9 2 7 
8803977934 1.5 5 5 8 9 1 13 11 
2514249795 1.5 5 5 10 0 11 3 19 
3427119729 1.5 5 5 9 7 8 13 15 
10270847177 1.5 5 5 10 18 13 1 6 
5585904177 1.5 5 5 7 0 12 15 2 
7092608763 1.5 5 5 7 18 2 0 6 
9598494877 1.5 5 5 10 7 6 2 12 
5945457652 1.5 5 5 8 10 3 13 4 
8098734751 1.5 5 5 10 15 7 0 18 
2103391106 1.5 5 5 18 5 6 16 10 
4510280707 1.5 5 5 7 18 4 13 11 
4177896049 1.5 5 5 17 2 5 10 9 
7197350483 1.5 5 5 17 19 4 11 5 
5529008290 1.5 5 5 9 17 18 13 0 
8118201384 1.5 5 5 11 8 18 15 5 
5777031537 1.5 5 5 11 19 3 9 0 
4118791243 1.5 5 5 15 13 0 3 9 
9239498537 1.5 5 5 4 18 9 19 7 
10159299143 1.5 5 5 11 5 18 1 12 
3089051839 1.5 5 5 18 11 19 9 4 
8868993365 1.5 5 5 11 13 14 5 10 
8164077325 1.5 5 5 9 4 18 14 17 
2587101510 1.5 5 5 9 15 3 10 16 
10339225040 1.5 5 5 13 11 19 18 0 
7921973788 1.5 5 5 14 0 17 13 3 
5264498631 1.5 5 5 13 5 6 0 18 
1681010742 1.5 5 5 12 3 7 14 4 
1977370358 1.5 5 5 19 7 4 2 3 
9524084018 1.5 5 5 17 19 14 3 7 
9573903033 1.5 5 5 1 10 15 3 14 
1920364230 1.5 5 5 13 8 19 16 5 
8453156842 1.5 5 5 1 4 17 18 11 
6909791091 1.5 5 5 16 4 12 6 3 
7493860123 1.5 5 5 7 9 19 1 5 
8651376122 1.5 5 5 1 0 17 16 2 
1913045689 1.5 5 5 13 5 14 4 11 
3176922786 1.5 5 5 15 9 16 13 8 
8981983927 1.5 5 5 16 4 0 5 14 
8558793029 1.5 5 5 6 0 5 17 16 
2725893805 1.5 5 5 11 12 15 1 0 
5206951128 1.5 5 5 12 6 15 5 0 
4706179986 1.5 5 5 14 7 12 18 16 
754506462 1.5 5 5 19 10 6 11 18 
5577928852 1.5 5 5 10 17 18 12 11 
3063151992 1.5 5 5 19 17 14 6 4 
10692364033 1.5 5 5 13 16 7 5 4 
3610233733 1.5 5 5 12 15 2 16 10 
50462152 1.5 5 5 17 10 4 3 15 
230206803 1.5 5 5 5 16 11 4 8 
8436834016 1.5 5 5 15 18 2 17 19 
5810259424 1.5 5 5 15 14 13 12 17 
3703640459 1.5 5 5 13 6 14 0 15 
3595225709 1.5 5 5 16 1 2 0 6 
6739051773 1.5 5 5 10 11 16 5 9 
8063627773 1.5 5 5 11 12 0 19 5 
5583740522 1.5 5 5 19 15 10 11 18 
5476300412 1.5 5 5 3 7 1 0 4 
4497270344 1.5 5 5 5 13 12 11 17 
4365444745 1.5 5 5 2 19 0 7 13 
7524897448 1.5 5 5 13 7 5 10 2 
6213715813 1.5 5 5 18 7 19 13 8 
2849677789 1.5 5 5 1 13 19 17 8 
10468619690 1.5 5 5 12 0 7 14 4 
102163475 1.5 5 5 10 3 6 2 4 
4370069267 1.5 5 5 8 11 10 1 9 
6073115741 1.5 5 5 9 3 17 2 16 
10349540907 1.5 5 5 19 14 6 2 3 
2488926706 1.5 5 5 5 2 6 18 7 
5010127049 1.5 5 5 15 16 3 19 18 
10332683237 1.5 5 5 0 6 8 17 5 
7777795722 1.5 5 5 19 18 16 1 17 
758859768 1.5 5 5 12 17 7 11 13 
3221677010 1.5 5 5 12 14 7 18 13 
5344890033 1.5 5 5 4 6 0 11 17 
3721875689 1.5 5 5 12 3 16 15 10 
1998328181 1.5 5 5 13 1 18 12 19 
352791570 1.5 5 5 1 0 10 13 14 
3795988865 1.5 5 5 14 16 2 1 17 
1142045984 1.5 5 5 12 11 4 13 0 
10700824293 1.5 5 5 9 10 16 18 15 
7604970478 1.5 5 5 10 9 7 2 18 
1918612447 1.5 5 5 10 18 16 11 5 
443396046 1.5 5 5 11 19 7 3 4 
9647602534 1.5 5 5 1 9 0 13 15 
5673465521 1.5 5 5 19 16 0 2 14 
8360356305 1.5 5 5 6 0 3 14 18 
1477066590 1.5 5 5 10 9 3 17 0 
292402488 1.5 5 5 9 3 0 18 15 
6789424210 1.5 5 5 10 4 13 17 14 
1467182173 1.5 5 5 18 12 3 2 6 
6379943985 1.5 5 5 3 0 7 9 2 
7009875573 1.5 5 5 11 4 9 19 7 
3257403293 1.5 5 5 15 9 4 3 6 
248241101 1.5 5 5 14 19 5 10 17 
3437057607 1.5 5 5 3 15 7 1 2 
5276658159 1.5 5 5 4 5 11 15 2 
4134041493 1.5 5 5 4 7 12 3 10 
1744696641 1.5 5 5 3 6 7 17 14 
56847100 1.5 5 5 7 3 12 6 0 
5722229270 1.5 5 5 17 10 9 16 13 
7662361272 1.5 5 5 0 9 2 10 17 
7492268056 1.5 5 5 1 16 19 7 5 
6628941403 1.5 5 5 1 10 4 16 18 
5748534695 1.5 5 5 8 11 5 7 12 
10083665382 1.5 5 5 9 6 4 13 3 
1540117532 1.5 5 5 13 14 5 8 4 
3315182947 1.5 5 5 13 16 10 17 15 
3817460612 1.5 5 5 15 13 4 2 5 
4549402100 1.5 5 5 17 13 14 8 3 
1009729412 1.5 5 5 4 12 3 16 10 
2783876006 1.5 5 5 1 13 0 18 6 
4496006632 1.5 5 5 4 7 10 17 14 
6448304898 1.5 5 5 18 3 5 2 13 
4579326766 1.5 5 5 14 18 9 11 6 
10011152547 1.5 5 5 0 6 14 2 5 
2488064257 1.5 5 5 15 0 1 3 2 
9335539321 1.5 5 5 14 1 10 4 15 
4162482312 1.5 5 5 9 6 18 14 3 
3032203612 1.5 5 5 13 7 1 19 15 
691196951 1.5 5 5 5 13 9 17 16 
10194252987 1.5 5 5 4 2 12 5 13 
5772429425 1.5 5 5 0 7 6 18 11 
2830505782 1.5 5 5 12 8 9 1 2 
6183232212 1.5 5 5 16 6 8 10 15 
9263380222 1.5 5 5 1 10 18 17 3 
10268830845 1.5 5 5 10 4 15 18 0 
1456778567 1.5 5 5 6 19 5 4 2 
1366669511 1.5 5 5 1 17 18 6 11 
4472669977 1.5 5 5 3 19 13 11 0 
7186301264 1.5 5 5 14 15 13 0 17 
3243063877 1.5 5 5 8 18 15 14 0 
1476054048 1.5 5 5 8 1 14 16 2 
4440931448 1.5 5 5 2 12 4 1 14 
5566030489 1.5 5 5 11 9 12 3 0 
8824968675 1.5 5 5 2 3 6 1 10 
8777687081 1.5 5 5 1 0 16 9 14 
6365379031 1.5 5 5 17 16 3 11 6 
4139425173 1.5 5 5 8 0 18 4 15 
7854821397 1.5 5 5 0 2 10 8 6 
3957964921 1.5 5 5 10 15 5 13 3 
5530992625 1.5 5 5 12 9 5 3 17 
3730939605 1.5 5 5 13 10 7 5 15 
3719235838 1.5 5 5 9 4 3 8 1 
4326636009 1.5 5 5 4 19 11 12 16 
65577253 1.5 5 5 2 1 6 19 15 
5074988996 1.5 5 5 0 12 2 7 11 
1282678891 1.5 5 5 17 0 9 14 2 
85458458 1.5 5 5 19 18 17 12 7 
2883522997 1.5 5 5 7 9 10 5 1 
1693491690 1.5 5 5 12 9 14 10 7 
4934953487 1.5 5 5 12 8 11 1 18 
6609636986 1.5 5 5 3 9 18 13 15 
10325467025 1.5 5 5 14 18 12 9 0 
2333090222 1.5 5 5 15 8 9 4 16 
6304906642 1.5 5 5 12 13 9 5 1 
1913881256 1.5 5 5 8 6 11 0 1 
9059645299 1.5 5 5 8 9 11 1 10 
5432066466 1.5 5 5 14 10 18 1 2 
700663515 1.5 5 5 0 14 18 1 4 
2353315100 1.5 5 5 1 16 3 11 10 
7508080218 1.5 5 5 18 7 3 11 6 
876841475 1.5 5 5 13 8 14 4 19 
6259389667 1.5 5 5 3 13 2 19 14 
4741942195 1.5 5 5 0 3 1 8 9 
5108835355 1.5 5 5 11 1 16 6 4 
2458665238 1.5 5 5 5 11 14 1 6 
10270695630 1.5 5 5 4 5 8 11 0 
4743085337 1.5 5 5 16 18 11 5 0 
3368292096 1.5 5 5 3 19 15 13 5 
9104368769 1.5 5 5 15 7 13 14 12 
2117632595 1.5 5 5 12 18 1 19 5 
5124837459 1.5 5 5 18 4 19 5 15 
7192990529 1.5 5 5 13 17 12 4 14 
3749489069 1.5 5 5 5 13 9 17 2 
7972334617 1.5 5 5 15 13 0 8 4 
5880619870 1.5 5 5 12 0 17 13 4 
2723805543 1.5 5 5 10 1 16 5 8 
4970728322 1.5 5 5 8 7 14 0 12 
5610601316 1.5 5 5 6 15 9 11 19 
4397124895 1.5 5 5 3 12 17 8 1 
3430590780 1.5 5 5 19 4 15 12 6 
816359485 1.5 5 5 17 1 7 10 18 
7748418632 1.5 5 5 9 3 8 17 5 
1561615484 1.5 5 5 4 13 18 10 1 
8506486161 1.5 5 5 14 4 3 19 0 
8938816054 1.5 5 5 9 13 8 14 10 
1693594651 1.5 5 5 1 4 8 18 9 
2425350833 1.5 5 5 16 9 13 5 11 
6664282168 1.5 5 5 5 1 8 12 6 
9915180118 1.5 5 5 19 10 7 5 13 
10174497319 1.5 5 5 7 14 5 0 13 
964466201 1.5 5 5 1 9 15 19 7 
7527179043 1.5 5 5 4 19 7 12 0 
7094354933 1.5 5 5 18 7 17 3 8 
4548571145 1.5 5 5 13 14 8 12 3 
169154592 1.5 5 5 18 4 2 11 3 
4463796862 1.5 5 5 8 15 19 10 1 
5097865425 1.5 5 5 1 17 7 13 10 
4501325598 1.5 5 5 15 11 0 13 9 
4442022847 1.5 5 5 15 9 3 4 10 
4898631472 1.5 5 5 19 14 2 13 8 
7164055633 1.5 5 5 19 6 16 1 13 
3154506474 1.5 5 5 17 15 9 13 18 
2295722825 1.5 5 5 2 4 5 18 14 
1716245834 1.5 5 5 15 12 6 18 14 
7904080916 1.5 5 5 7 14 0 19 5 
1772777232 1.5 5 5 4 1 7 16 13 
7233784153 1.5 5 5 8 11 4 19 1 
5101573720 1.5 5 5 2 4 11 14 13 
2050031259 1.5 5 5 0 19 17 18 4 
1357330767 1.5 5 5 2 12 7 11 13 
19546381 1.5 5 5 8 0 16 9 11 
9903922715 1.5 5 5 9 18 10 11 4 
3366111773 1.5 5 5 13 4 7 10 17 
8102365225 1.5 5 5 17 5 6 12 9 
9921636015 1.5 5 5 1 3 7 10 2 
3140682427 1.5 5 5 14 4 10 15 8 
9419900848 1.5 5 5 12 2 10 9 19 
10716762659 1.5 5 5 10 3 16 19 11 
1463279673 1.5 5 5 17 14 6 13 4 
1669844927 1.5 5 5 19 3 9 13 18 
2420364150 1.5 5 5 2 17 18 9 11 
8932960316 1.5 5 5 17 0 8 5 19 
980936662 1.5 5 5 1 3 15 5 16 
7116342089 1.5 5 5 12 18 4 17 13 
5026288792 1.5 5 5 2 1 4 0 11 
2368142341 1.5 5 5 1 11 10 0 14 
5692505686 1.5 5 5 0 12 19 6 4 
8677698959 1.5 5 5 15 9 4 5 17 
2328536273 1.5 5 5 6 1 19 4 3 
8002531083 1.5 5 5 16 18 7 12 19 
5706153908 1.5 5 5 2 18 5 16 6 
9447740516 1.5 5 5 7 14 4 8 1 
3264273650 1.5 5 5 14 4 1 3 15 
1127260585 1.5 5 5 1 0 11 14 16 
4604345261 1.5 5 5 17 19 12 1 9 
9314391538 1.5 5 5 4 0 19 1 16 
3745868511 1.5 5 5 8 18 4 15 14 
3613919395 1.5 5 5 1 8 3 15 10 
10521925580 1.5 5 5 13 6 4 9 18 
3539766015 1.5 5 5 5 0 18 2 11 
9861229702 1.5 5 5 9 6 17 4 1 
4895145446 1.5 5 5 13 0 14 17 1 
8660078643 1.5 5 5 1 0 11 9 13 
6549829268 1.5 5 5 16 17 14 15 18 
1291668866 1.5 5 5 11 2 6 18 9 
10136281366 1.5 5 5 8 14 17 19 2 
9039485642 1.5 5 5 2 1 5 16 3 
2551498982 1.5 5 5 12 9 15 2 19 
6778242002 1.5 5 5 7 9 0 13 15 
9411247301 1.5 5 5 16 14 11 17 3 
7478094771 1.5 5 5 6 7 19 10 2 
6365887643 1.5 5 5 8 14 13 15 3 
3961482583 1.5 5 5 14 7 11 10 1 
5515802475 1.5 5 5 18 4 19 6 0 
1595557732 1.5 5 5 11 12 3 1 5 
9816532258 1.5 5 5 15 19 10 0 8 
2384187147 1.5 5 5 10 0 17 9 13 
3083331544 1.5 5 5 3 14 12 19 8 
10134765092 1.5 5 5 0 6 11 4 10 
9752326465 1.5 5 5 9 19 13 4 5 
9225313186 1.5 5 5 3 10 4 11 8 
979335668 1.5 5 5 11 1 7 16 5 
3803367183 1.5 5 5 12 1 2 6 18 
5309225966 1.5 5 5 7 4 14 6 0 
3278737269 1.5 5 5 13 19 3 9 0 
6828653219 1.5 5 5 12 1 4 2 18 
1022145895 1.5 5 5 15 6 18 13 17 
6667843452 1.5 5 5 8 1 6 18 3 
3864853670 1.5 5 5 6 18 3 12 9 
7317055793 1.5 5 5 18 4 3 19 13 
6013017908 1.5 5 5 19 12 8 13 6 
9309580991 1.5 5 5 2 17 4 15 19 
5799168914 1.5 5 5 9 5 13 8 16 
4432944544 1.5 5 5 5 11 4 0 2 
2481343683 1.5 5 5 1 11 2 9 13 
4799320263 1.5 5 5 10 14 8 5 1 
4792599219 1.5 5 5 9 2 12 3 7 
7969574458 1.5 5 5 8 0 3 16 19 
5113208580 1.5 5 5 19 18 11 7 2 
2138361362 1.5 5 5 0 5 19 15 14 
10044463644 1.5 5 5 17 5 18 3 14 
10014935923 1.5 5 5 6 10 4 0 8 
3384663607 1.5 5 5 4 6 16 9 2 
3596426842 1.5 5 5 8 17 13 4 16 
5904588745 1.5 5 5 17 0 11 13 14 
3349109515 1.5 5 5 15 6 2 14 17 
2651535311 1.5 5 5 4 10 9 15 1 
3467862101 1.5 5 5 6 16 7 13 18 
9701033498 1.5 5 5 18 14 3 15 1 
2638811781 1.5 5 5 4 1 15 7 3 
3952085749 1.5 5 5 18 4 14 9 11 
4878328905 1.5 5 5 16 17 10 5 12 
5921478917 1.5 5 5 15 5 16 14 9 
5127704983 1.5 5 5 2 6 17 14 13 
4930041095 1.5 5 5 3 19 7 0 2 
5148303268 1.5 5 5 8 5 18 10 17 
7922382384 1.5 5 5 1 8 15 11 6 
6207373645 1.5 5 5 16 14 19 8 3 
8119593870 1.5 5 5 17 11 15 19 14 
1849630949 1.5 5 5 17 11 1 10 12 
5352083494 1.5 5 5 3 4 5 12 13 
3855131616 1.5 5 5 6 16 4 2 7 
740246799 1.5 5 5 14 15 10 9 13 
5258995008 1.5 5 5 19 0 4 12 11 
816682226 1.5 5 5 2 9 13 10 5 
1431373870 1.5 5 5 16 19 3 9 17 
4582657871 1.5 5 5 19 10 3 8 18 
3938833233 1.5 5 5 18 4 3 6 11 
6739430295 1.5 5 5 12 10 0 11 7 
4227810007 1.5 5 5 5 11 17 19 13 
903684660 1.5 5 5 13 15 12 17 8 
7616081242 1.5 5 5 0 15 1 8 2 
4243659590 1.5 5 5 2 18 6 19 4 
8503259741 1.5 5 5 5 12 19 17 8 
7390078343 1.5 5 5 12 5 18 10 9 
6879207585 1.5 5 5 14 15 2 16 9 
8104846310 1.5 5 5 1 4 15 5 3 
10021496971 1.5 5 5 18 4 5 0 6 
3978503411 1.5 5 5 5 11 9 8 10 
1730806341 1.5 5 5 19 16 8 11 14 
4735734597 1.5 5 5 15 5 1 13 12 
8649656745 1.5 5 5 3 5 8 15 17 
8685076387 1.5 5 5 1 9 0 16 2 
8805347221 1.5 5 5 6 11 18 0 5 
3415533692 1.5 5 5 10 5 9 14 4 
4447885331 1.5 5 5 13 12 6 2 7 
5249543676 1.5 5 5 1 0 19 9 18 
8243723837 1.5 5 5 5 4 12 6 19 
9235114331 1.5 5 5 7 16 2 18 6 
151024599 1.5 5 5 8 12 13 1 17 
10070224481 1.5 5 5 17 15 18 4 1 
9249661452 1.5 5 5 7 14 0 16 10 
9717711177 1.5 5 5 17 4 3 16 2 
2849161957 1.5 5 5 1 13 11 16 5 
4272614980 1.5 5 5 6 11 8 19 5 
9524463091 1.5 5 5 12 7 16 11 10 
594346197 1.5 5 5 0 6 16 5 2 
1994600671 1.5 5 5 4 17 2 9 14 
4604142127 1.5 5 5 11 14 0 9 12 
3258674344 1.5 5 5 14 13 12 5 3 
3160915431 1.5 5 5 2 13 15 17 4 
1383762443 1.5 5 5 9 12 6 18 3 
5262498543 1.5 5 5 8 16 1 6 14 
8891902642 1.5 5 5 3 2 16 13 15 
7278223822 1.5 5 5 15 8 7 17 10 
6670317555 1.5 5 5 3 15 1 16 7 
10416894946 1.5 5 5 17 2 11 14 12 
4864391872 1.5 5 5 5 15 14 2 3 
5702607569 1.5 5 5 3 19 4 13 11 
5405919994 1.5 5 5 15 8 6 18 3 
4026041288 1.5 5 5 18 17 5 4 12 
491295338 1.5 5 5 11 1 4 8 18 
10133646189 1.5 5 5 15 14 11 3 16 
7402072898 1.5 5 5 16 1 12 15 2 
2324157329 1.5 5 5 17 1 14 9 19 
10110565487 1.5 5 5 9 8 17 7 10 
6871833206 1.5 5 5 12 7 16 11 0 
3533186406 1.5 5 5 6 9 14 10 13 
1178120450 1.5 5 5 15 1 13 7 6 
4715931532 1.5 5 5 18 8 10 11 6 
7509607691 1.5 5 5 8 2 16 15 9 
2964785035 1.5 5 5 17 13 15 7 11 
9745869898 1.5 5 5 19 1 11 8 7 
10522803454 1.5 5 5 11 1 6 12 0 
2846729660 1.5 5 5 0 2 3 1 8 
6436712180 1.5 5 5 3 15 2 19 8 
4879630258 1.5 5 5 13 3 14 15 19 
8419925284 1.5 5 5 3 11 1 18 0 
7990573805 1.5 5 5 18 8 5 16 19 
3765365811 1.5 5 5 11 0 9 5 17 
4984701252 1.5 5 5 2 16 4 10 11 
1075520847 1.5 5 5 12 14 11 17 7 
9982209417 1.5 5 5 9 2 14 16 8 
1606881797 1.5 5 5 0 3 16 4 18 
10644172863 1.5 5 5 15 11 7 9 14 
752278348 1.5 5 5 2 0 9 16 1 
8401034529 1.5 5 5 18 14 2 10 7 
6994046198 1.5 5 5 2 5 16 9 12 
2536147628 1.5 5 5 14 8 2 12 15 
2343620216 1.5 5 5 16 12 9 17 0 
732599418 1.5 5 5 5 10 18 6 8 
6586610731 1.5 5 5 3 18 11 17 0 
9349186480 1.5 5 5 16 0 2 14 13 
1923107051 1.5 5 5 15 19 6 5 8 
8081747733 1.5 5 5 5 12 9 19 16 
148908339 1.5 5 5 14 2 6 12 17 
2303300015 1.5 5 5 18 11 12 19 9 
10293789693 1.5 5 5 14 13 9 12 6 
7023139518 1.5 5 5 10 11 2 1 3 
5536164415 1.5 5 5 8 0 18 15 9 
9278863437 1.5 5 5 4 17 1 11 9 
7942916012 1.5 5 5 14 3 18 5 13 
5272240478 1.5 5 5 18 8 6 0 5 
319882770 1.5 5 5 16 17 9 11 3 
2017567664 1.5 5 5 16 5 6 12 8 
8222172687 1.5 5 5 13 10 15 7 8 
10244578568 1.5 5 5 1 7 13 15 14 
647353467 1.5 5 5 4 9 13 16 19 
7321133171 1.5 5 5 16 1 15 18 2 
2716081158 1.5 5 5 10 9 7 4 19 
2263255287 1.5 5 5 10 4 16 2 6 
10184752344 1.5 5 5 1 18 14 3 19 
2586139464 1.5 5 5 9 14 18 6 3 
3292595102 1.5 5 5 11 1 16 19 14 
4662560607 1.5 5 5 8 10 5 1 9 
2954454237 1.5 5 5 13 19 2 18 1 
7493615970 1.5 5 5 0 2 14 3 8 
8063213997 1.5 5 5 9 10 8 3 16 
8949662650 1.5 5 5 11 10 0 9 2 
3895363596 1.5 5 5 19 8 6 15 12 
3255806856 1.5 5 5 4 12 11 0 8 
7210234473 1.5 5 5 10 15 17 9 18 
4446269953 1.5 5 5 14 16 3 4 9 
35577067 1.5 5 5 11 0 5 8 14 
7375536623 1.5 5 5 14 12 11 1 17 
10146908857 1.5 5 5 12 11 0 1 15 
10153637208 1.5 5 5 8 12 6 4 9 
8449237540 1.5 5 5 6 11 16 5 13 
4793177913 1.5 5 5 2 13 6 14 11 
6809097532 1.5 5 5 6 12 9 13 4 
1156217102 1.5 5 5 9 0 1 14 3 
2334967658 1.5 5 5 15 19 2 6 10 
4041657916 1.5 5 5 2 11 12 3 10 
3651115283 1.5 5 5 10 0 6 3 12 
4231393059 1.5 5 5 14 12 10 2 6 
6978749200 1.5 5 5 14 6 15 13 1 
6133602612 1.5 5 5 6 2 0 9 10 
5176086344 1.5 5 5 2 16 13 18 12 
356636487 1.5 5 5 0 2 15 3 4 
684535815 1.5 5 5 16 3 15 13 2 
9546759608 1.5 5 5 2 7 17 8 5 
2261356126 1.5 5 5 7 12 13 8 14 
2391678005 1.5 5 5 8 3 0 7 13 
5697914374 1.5 5 5 5 10 8 12 18 
5291990400 1.5 5 5 14 10 3 0 18 
5342714629 1.5 5 5 13 16 8 5 6 
5212009414 1.5 5 5 3 16 8 15 11 
129376850 1.5 5 5 5 1 19 6 14 
4144839507 1.5 5 5 11 18 0 15 10 
3353158003 1.5 5 5 5 15 0 6 14 
5850341231 1.5 5 5 9 8 18 0 6 
5017303451 1.5 5 5 1 6 8 16 18 
1425149081 1.5 5 5 4 1 0 17 19 
9533515038 1.5 5 5 6 3 2 17 13 
5059807210 1.5 5 5 3 11 13 15 17 
4367647842 1.5 5 5 19 16 12 0 2 
3026746628 1.5 5 5 8 11 5 9 12 
4686297996 1.5 5 5 0 14 9 10 11 
5508223138 1.5 5 5 6 13 18 8 11 
313575793 1.5 5 5 19 13 7 14 3 
3642894491 1.5 5 5 7 2 10 12 8 
6458277176 1.5 5 5 8 2 11 16 6 
6005739001 1.5 5 5 10 14 9 3 0 
4094008432 1.5 5 5 12 17 5 15 10 
2781266038 1.5 5 5 16 5 12 2 13 
7634890868 1.5 5 5 5 6 16 18 8 
5087594201 1.5 5 5 19 8 11 16 4 
4425613197 1.5 5 5 0 16 5 9 14 
1323004198 1.5 5 5 14 18 4 15 1 
2620761327 1.5 5 5 10 1 8 2 19 
9845735669 1.5 5 5 14 10 13 2 19 
1191009265 1.5 5 5 13 5 17 14 2 
4005810230 1.5 5 5 2 15 19 5 18 
1122266809 1.5 5 5 16 11 10 19 13 
7446860487 1.5 5 5 0 11 8 19 3 
2610586069 1.5 5 5 13 5 10 16 17 
10239014524 1.5 5 5 9 16 8 19 10 
7263277163 1.5 5 5 7 15 19 1 12 
4694830716 1.5 5 5 17 11 16 1 3 
8283554568 1.5 5 5 7 14 1 0 13 
2663047066 1.5 5 5 10 1 4 12 2 
3187254774 1.5 5 5 19 11 16 15 9 
10430993552 1.5 5 5 9 4 18 2 8 
5827703118 1.5 5 5 18 4 5 6 1 
5357914792 1.5 5 5 8 12 4 5 16 
570473071 1.5 5 5 17 11 13 16 19 
4281699707 1.5 5 5 19 3 17 7 16 
4725366469 1.5 5 5 13 0 7 8 18 
9848165469 1.5 5 5 1 3 17 14 6 
6821007785 1.5 5 5 9 13 0 3 16 
2280360157 1.5 5 5 3 6 18 14 5 
176283468 1.5 5 5 17 0 4 6 9 
370980881 1.5 5 5 16 1 10 12 2 
4811650963 1.5 5 5 10 18 17 2 7 
2764796054 1.5 5 5 3 13 16 11 4 
6038855473 1.5 5 5 9 14 18 1 2 
3408506583 1.5 5 5 13 4 18 3 12 
4119524300 1.5 5 5 0 8 19 10 17 
7615115705 1.5 5 5 3 1 6 7 2 
52593214 1.5 5 5 8 7 1 2 3 
7774729942 1.5 5 5 8 11 12 19 7 
10089460828 1.5 5 5 2 4 10 14 15 
10646162735 1.5 5 5 15 2 16 1 18 
726843672 1.5 5 5 14 2 11 8 12 
115105266 1.5 5 5 16 11 4 2 18 
2223703256 1.5 5 5 18 13 7 14 3 
2180108694 1.5 5 5 7 6 14 17 15 
7648456224 1.5 5 5 9 19 6 12 17 
8381227758 1.5 5 5 2 9 15 10 4 
5492066281 1.5 5 5 14 15 6 1 4 
5778996016 1.5 5 5 4 19 5 1 9 
4988353359 1.5 5 5 5 7 19 0 3 
8136910472 1.5 5 5 0 11 18 17 13 
5193485349 1.5 5 5 19 9 2 3 13 
2066123609 1.5 5 5 17 3 12 15 13 
5052216334 1.5 5 5 16 3 14 6 0 
7286058011 1.5 5 5 19 16 4 17 11 
4459397804 1.5 5 5 15 12 19 0 6 
4505164880 1.5 5 5 16 13 11 3 2 
7621019224 1.5 5 5 16 11 3 5 9 
5740555370 1.5 5 5 16 2 8 7 11 
8822168225 1.5 5 5 19 3 1 0 13 
5831763609 1.5 5 5 19 2 3 1 12 
515931862 1.5 5 5 3 15 14 10 17 
3948135108 1.5 5 5 8 17 6 19 18 
7009618952 1.5 5 5 8 17 18 13 6 
6528477622 1.5 5 5 18 16 6 1 12 
2098502027 1.5 5 5 16 17 1 12 8 
8694822992 1.5 5 5 10 4 18 6 0 
2222186893 1.5 5 5 16 2 18 12 13 
5727735510 1.5 5 5 8 15 3 19 5 
4410353713 1.5 5 5 11 8 15 2 3 
3884309210 1.5 5 5 6 10 3 12 15 
5723903570 1.5 5 5 18 1 10 2 3 
1166430928 1.5 5 5 7 16 4 6 13 
7388851847 1.5 5 5 10 13 17 6 4 
10588046208 1.5 5 5 16 6 1 18 4 
237117283 1.5 5 5 8 19 18 2 3 
7081120045 1.5 5 5 4 8 12 9 17 
3449275892 1.5 5 5 12 16 3 4 11 
5130326496 1.5 5 5 8 16 13 11 14 
5664429371 1.5 5 5 14 19 8 18 2 
7849920630 1.5 5 5 14 3 7 19 11 
8968461173 1.5 5 5 16 3 14 19 8 
6384913624 1.5 5 5 3 16 4 9 5 
2700143960 1.5 5 5 19 14 18 7 15 
6114687605 1.5 5 5 2 11 12 14 19 
10692748366 1.5 5 5 0 1 7 17 11 
4390162803 1.5 5 5 8 1 15 14 2 
6739589322 1.5 5 5 6 16 8 1 7 
626340111 1.5 5 5 10 4 2 11 3 
8708394008 1.5 5 5 0 16 10 6 7 
81848380 1.5 5 5 16 10 18 19 5 
9 738 5
4 490 50
9 286 50
5 777 47
17 683 37
12 390 42
13 693 30
1 401 39
1 869 7
10 986 19
13 836 0
10 271 15
10 251 39
17 957 21
14 815 10
17 508 43
17 24 40
16 512 25
8 47 4
6 584 43
9 227 8
7 199 39
9 982 22
18 808 16
5 388 16
4 345 20
3 234 43
5 381 48
4 562 18
1 322 21
13 44 48
7 692 25
8 912 42
10 470 29
4 954 29
6 223 44
4 315 12
3 371 12
12 416 50
11 185 1
16 863 17
18 138 8
17 633 13
9 123 31
3 581 2
0 36 7
6 682 32
10 250 48
13 126 6
0 461 25
2 237 46
17 485 21
9 296 48
0 757 19
16 838 50
9 749 47
4 261 47
19 789 45
4 948 47
4 777 50
18 619 41
13 231 3
3 663 27
11 754 39
7 931 50
2 124 32
4 987 34
2 898 42
18 196 35
15 323 13
13 776 42
2 993 50
19 235 4
10 512 19
3 133 47
9 940 15
18 727 8
3 780 43
12 576 44
16 410 4
13 821 2
12 663 0
10 124 6
19 776 30
7 282 40
11 420 47
6 98 7
17 504 36
0 794 42
16 814 46
4 769 36
0 498 0
12 430 24
14 583 19
17 824 16
1 261 22
16 904 11
13 317 9
5 856 42
2 575 14
