0.8912699999985786  94 15 5 0.8912699999985786
2.3250700000067646  85 15 5 2.3250700000067646
2.427710000007437  56 15 5 2.427710000007437
4.412990000002102  4 15 5 0.41299000000210206
6.535919999921733  18 15 5 6.535919999921733
9.747949999800133  68 15 5 0.7479499998001327
10.926229999755526  23 15 5 4.926229999755526
17.048639999523747  29 15 5 10.048639999523747
17.271899999515295  89 15 5 0.27189999951529487
17.313179999513732  96 15 5 5.313179999513732
17.927759999490466  77 15 5 15.927759999490466
18.687779999461693  26 15 5 10.687779999461693
19.862319999417227  69 15 5 0.8623199994172275
21.613709999350924  22 15 5 14.613709999350924
22.43637999931978  9 15 5 5.436379999319779
24.27379999925022  3 15 5 13.273799999250219
26.30347999917338  1 15 5 0.30347999917337987
28.232479999100352  79 15 5 27.232479999100352
28.282539999098457  35 15 5 7.282539999098457
31.6281399989718  47 15 5 27.6281399989718
31.80881999896496  45 15 5 5.80881999896496
32.10396999899072  31 15 5 27.10396999899072
32.51355999912073  0 15 5 18.51355999912073
34.30023999968785  92 15 5 27.300239999687847
34.30562999968956  74 15 5 9.305629999689558
35.93478000020667  5 15 5 11.934780000206672
36.75251000046623  6 15 5 1.7525100004662306
39.50226000133904  48 15 5 2.502260001339039
40.122130001535794  30 15 5 36.122130001535794
41.721090002043326  72 15 5 12.721090002043326
41.951950002116604  32 15 5 29.951950002116604
42.18091000218928  15 15 5 12.180910002189279
42.39411000225695  12 15 5 13.394110002256951
42.87623000240998  95 15 5 15.876230002409983
43.12589000248923  98 15 5 12.125890002489228
43.82116000270992  42 15 5 1.8211600027099166
45.652710003291276  40 15 5 37.652710003291276
46.26685000348621  91 15 5 12.266850003486212
47.90678000400675  10 15 5 39.90678000400675
48.73009000426808  75 15 5 42.73009000426808
49.680510004569754  33 15 5 17.680510004569754
50.29081000476347  34 15 5 1.2908100047634719
50.36538000478714  61 15 5 31.36538000478714
50.884370004951876  64 15 5 46.884370004951876
51.80743000524487  16 15 5 12.807430005244868
54.19657000600321  36 15 5 9.196570006003213
56.63967000677869  80 15 5 46.63967000677869
56.97407000688483  58 15 5 15.97407000688483
58.73648000744424  60 15 5 15.736480007444243
60.55765000802231  54 15 5 12.557650008022307
61.31276000826199  87 15 5 55.31276000826199
61.33910000827035  25 15 5 13.33910000827035
63.309010008895626  49 15 5 48.309010008895626
64.21182000918219  81 15 5 52.21182000918219
66.4723100098997  50 15 5 22.4723100098997
67.80676001032327  70 15 5 38.80676001032327
68.09734001041551  2 15 5 53.09734001041551
69.0027700107029  24 15 5 32.0027700107029
74.83880001255534  52 15 5 52.83880001255534
75.44706001274841  41 15 5 69.44706001274841
78.59412001374733  76 15 5 48.59412001374733
78.88888001384089  93 15 5 44.88888001384089
79.58154001406075  27 15 5 69.58154001406075
80.19710001425614  46 15 5 70.19710001425614
80.52965001436169  71 15 5 34.52965001436169
82.04902001484396  11 15 5 32.04902001484396
83.10713001517982  78 15 5 53.10713001517982
83.25747001522754  17 15 5 46.25747001522754
85.29619001587466  28 15 5 45.29619001587466
85.38647001590331  66 15 5 36.38647001590331
86.58789001628466  57 15 5 76.58789001628466
88.67703001694778  7 15 5 64.67703001694778
89.33578001715688  55 15 5 76.33578001715688
89.99924001736747  51 15 5 39.99924001736747
90.287600017459  13 15 5 75.287600017459
91.81797001794476  37 15 5 73.81797001794476
93.59850001850992  38 15 5 60.598500018509924
94.03794001864941  84 15 5 60.03794001864941
96.1644700193244  90 15 5 47.1644700193244
96.25096001935185  20 15 5 58.25096001935185
97.388760019713  88 15 5 53.388760019713004
98.46767002005546  19 15 5 56.467670020055465
100.6954600207626  73 15 5 80.6954600207626
101.83201002112335  83 15 5 51.83201002112335
102.69489002139724  62 15 5 55.69489002139724
103.09571002152447  59 15 5 57.09571002152447
103.72047002172278  14 15 5 73.72047002172278
104.42916002194772  44 15 5 69.42916002194772
105.18076002218629  39 15 5 76.18076002218629
106.16509002249873  82 15 5 77.16509002249873
106.67175002265955  65 15 5 58.67175002265955
107.25709002284535  86 15 5 68.25709002284535
107.35348002287594  99 15 5 61.35348002287594
107.42511002289868  97 15 5 68.42511002289868
108.03577002309251  8 15 5 67.03577002309251
108.41490002321285  67 15 5 65.41490002321285
108.6998600233033  53 15 5 70.6998600233033
109.2984400234933  43 15 5 63.2984400234933
109.69647002361964  21 15 5 62.69647002361964
110.1663800237688  63 15 5 61.166380023768795
