3.205720000012534  8 10 5 3.205720000012534
5.6047299999569855  25 10 5 4.6047299999569855
13.28681999966616  70 10 5 5.286819999666159
14.321139999627002  71 10 5 3.321139999627002
18.784989999458013  4 10 5 1.7849899994580127
19.56795999942837  97 10 5 15.567959999428371
20.23762999940302  36 10 5 7.237629999403019
20.793179999381987  65 10 5 10.793179999381987
21.95161999933813  58 10 5 4.951619999338131
22.6788699993106  27 10 5 5.678869999310599
25.969449999186025  0 10 5 14.969449999186025
27.61280999912381  73 10 5 19.61280999912381
30.494029999014735  50 10 5 18.494029999014735
30.51110999901409  83 10 5 17.51110999901409
30.730139999005797  23 10 5 22.730139999005797
33.11692999931225  76 10 5 19.116929999312248
34.11557999962923  41 10 5 3.115579999629233
35.184219999968434  51 10 5 11.184219999968434
35.50690000007086  60 10 5 8.506900000070857
36.24384000030477  67 10 5 6.243840000304772
37.33749000065191  56 10 5 17.33749000065191
40.04096000151003  92 10 5 22.04096000151003
41.09420000184434  12 10 5 14.094200001844342
42.95268000243425  87 10 5 37.95268000243425
43.09610000247977  90 10 5 30.096100002479773
52.47084000545544  21 10 5 33.47084000545544
55.93704000655566  7 10 5 5.937040006555662
56.52500000674229  84 10 5 10.525000006742289
57.30506000698989  63 10 5 34.30506000698989
57.34192000700159  53 10 5 46.34192000700159
58.34949000732141  66 10 5 19.349490007321407
58.452250007354024  52 10 5 38.452250007354024
60.74958000808323  10 10 5 40.74958000808323
64.34955000922591  57 10 5 36.34955000922591
67.0724800100902  80 10 5 43.0724800100902
68.94067001068319  45 10 5 56.94067001068319
69.3521300108138  13 10 5 51.352130010813795
69.72998001093373  74 10 5 31.72998001093373
71.3980400114632  9 10 5 47.398040011463195
74.81517001254784  34 10 5 43.81517001254784
83.03252001515614  17 10 5 52.03252001515614
83.43940001528529  77 10 5 54.43940001528529
84.25425001554393  68 10 5 40.25425001554393
86.1378100161418  42 10 5 39.1378100161418
86.41486001622974  26 10 5 59.41486001622974
87.31996001651703  35 10 5 66.31996001651703
87.70930001664061  31 10 5 38.70930001664061
87.73176001664774  5 10 5 45.73176001664774
88.24461001681053  47 10 5 68.24461001681053
88.25881001681503  78 10 5 70.25881001681503
88.98680001704611  55 10 5 60.98680001704611
89.46193001719692  28 10 5 77.46193001719692
91.50888001784665  59 10 5 67.50888001784665
92.2068600180682  3 10 5 49.2068600180682
93.8873400186016  32 10 5 74.8873400186016
95.06440001897522  96 10 5 52.06440001897522
95.23611001902972  86 10 5 80.23611001902972
96.18605001933125  93 10 5 76.18605001933125
97.82019001984995  22 10 5 48.820190019849946
97.84385001985746  29 10 5 79.84385001985746
97.98298001990162  49 10 5 84.98298001990162
98.17720001996327  95 10 5 73.17720001996327
99.46347002037155  48 10 5 73.46347002037155
101.12382002089856  40 10 5 88.12382002089856
103.30294002159025  44 10 5 84.30294002159025
103.98282002180605  94 10 5 53.98282002180605
104.02010002181788  79 10 5 72.02010002181788
105.78306002237747  24 10 5 79.78306002237747
105.90692002241678  46 10 5 90.90692002241678
106.98558002275917  14 10 5 80.98558002275917
107.82022002302409  69 10 5 74.82022002302409
108.46260002322799  16 10 5 63.46260002322799
108.70944002330634  99 10 5 93.70944002330634
109.40219002352623  20 10 5 76.40219002352623
109.94516002369858  98 10 5 82.94516002369858
109.99729002371512  2 10 5 68.99729002371512
110.81562002397487  75 10 5 87.81562002397487
110.9455200240161  33 10 5 80.9455200240161
111.07745002405798  43 10 5 62.07745002405798
111.44443002417447  38 10 5 89.44443002417447
111.55783002421046  64 10 5 89.55783002421046
111.9183900243249  89 10 5 89.9183900243249
112.93076002464625  19 10 5 87.93076002464625
115.47608002545417  6 10 5 65.47608002545417
116.0479800256357  82 10 5 101.0479800256357
116.06886002564232  88 10 5 89.06886002564232
117.21482002600607  37 10 5 85.21482002600607
117.76336002618018  61 10 5 83.76336002618018
117.91513002622835  72 10 5 87.91513002622835
119.76828002681657  18 10 5 76.76828002681657
120.01067002689351  62 10 5 79.01067002689351
120.31188002698912  30 10 5 99.31188002698912
120.82717002715268  81 10 5 72.82717002715268
120.97803002720056  39 10 5 71.97803002720056
121.17163002726201  15 10 5 78.17163002726201
122.05254002754162  1 10 5 91.05254002754162
122.24146002760159  54 10 5 94.24146002760159
123.73455002807552  91 10 5 95.73455002807552
124.52909002832772  85 10 5 74.52909002832772
124.79402002841181  11 10 5 76.79402002841181
