0.9369099999983709  91 5 5 0.9369099999983709
1.9102200000040468  10 5 5 1.9102200000040468
4.89034999998403  72 5 5 0.8903499999840303
6.352339999928683  82 5 5 0.3523399999286827
10.067319999788042  80 5 5 8.067319999788042
15.042259999599702  14 5 5 5.042259999599702
15.29168999959026  18 5 5 11.29168999959026
16.374899999549253  99 5 5 2.3748999995492532
17.816019999494696  41 5 5 9.816019999494696
18.526019999467817  69 5 5 5.526019999467817
18.88808999945411  23 5 5 2.8880899994541096
19.773449999420592  81 5 5 19.773449999420592
22.05409999933425  25 5 5 2.0540999993342517
23.114779999294097  24 5 5 7.114779999294097
24.56857999923906  79 5 5 20.56857999923906
26.023289999183987  93 5 5 7.023289999183987
26.946459999149038  92 5 5 2.946459999149038
30.51314999901401  8 5 5 23.51314999901401
32.58082999914208  29 5 5 11.580829999142082
33.14509999932119  65 5 5 1.1450999993211894
33.98684999958837  39 5 5 32.98684999958837
37.391780000669144  28 5 5 19.391780000669144
38.36732000097879  87 5 5 2.3673200009787934
40.16669000154994  11 5 5 25.166690001549938
41.01521000181927  96 5 5 30.01521000181927
41.69734000203579  61 5 5 38.69734000203579
42.07081000215433  76 5 5 34.07081000215433
42.106740002165736  75 5 5 27.106740002165736
44.64423000297117  83 5 5 14.64423000297117
48.86969000431239  42 5 5 35.86969000431239
51.065680005009426  9 5 5 32.065680005009426
55.48951000641361  46 5 5 23.48951000641361
56.41773000670824  44 5 5 54.41773000670824
57.632000007093666  45 5 5 50.632000007093666
58.31803000731142  7 5 5 19.31803000731142
61.856330008434526  70 5 5 19.856330008434526
63.03840000880973  36 5 5 51.03840000880973
67.2296800101401  21 5 5 28.2296800101401
68.246950010463  37 5 5 56.246950010462996
71.7178100115647  88 5 5 29.717810011564694
72.57652001183726  48 5 5 66.57652001183726
76.46217001307062  12 5 5 37.46217001307062
77.17468001329678  26 5 5 34.17468001329678
77.25844001332337  35 5 5 33.258440013323366
78.4024900136865  6 5 5 48.4024900136865
78.43415001369655  97 5 5 69.43415001369655
78.85022001382862  53 5 5 59.85022001382862
79.78168001412428  15 5 5 36.78168001412428
79.93514001417299  3 5 5 32.93514001417299
80.23845001426926  73 5 5 61.23845001426926
80.42234001432763  40 5 5 63.42234001432763
80.75704001443387  89 5 5 34.75704001443387
80.93540001449048  98 5 5 38.93540001449048
81.3998200146379  59 5 5 31.399820014637896
82.50991001499025  66 5 5 48.509910014990254
83.51815001531028  34 5 5 54.51815001531028
85.0212900157874  94 5 5 69.0212900157874
85.04594001579522  0 5 5 80.04594001579522
85.61966001597733  67 5 5 43.61966001597733
85.65933001598992  20 5 5 77.65933001598992
86.41542001622992  19 5 5 43.415420016229916
86.4875000162528  43 5 5 55.487500016252795
86.7281900163292  60 5 5 45.728190016329194
86.72976001632969  13 5 5 65.72976001632969
87.36732001653206  49 5 5 62.36732001653206
88.12472001677247  52 5 5 40.12472001677247
89.31681001715086  17 5 5 64.31681001715086
89.67014001726301  33 5 5 60.67014001726301
89.77686001729688  2 5 5 39.77686001729688
89.86392001732452  90 5 5 53.86392001732452
90.74736001760493  68 5 5 55.74736001760493
91.19562001774722  32 5 5 49.19562001774722
91.49241001784142  47 5 5 43.49241001784142
91.63877001788788  38 5 5 41.63877001788788
92.18978001806278  74 5 5 45.18978001806278
92.31979001810404  55 5 5 45.319790018104044
92.37343001812107  5 5 5 50.37343001812107
92.89786001828753  95 5 5 70.89786001828753
93.2247900183913  63 5 5 54.2247900183913
93.57160001850139  71 5 5 43.571600018501385
93.8930100186034  50 5 5 47.893010018603405
94.57183001881887  86 5 5 87.57183001881887
95.88727001923641  51 5 5 74.88727001923641
96.15364001932096  85 5 5 49.15364001932096
96.50731001943322  27 5 5 48.50731001943322
96.78743001952213  30 5 5 48.787430019522134
96.81242001953007  16 5 5 56.812420019530066
97.38440001971162  54 5 5 47.38440001971162
97.99494001990541  77 5 5 54.994940019905414
98.32018002000865  1 5 5 48.32018002000865
98.68937002012584  22 5 5 76.68937002012584
99.38595002034694  56 5 5 52.38595002034694
99.40462002035287  4 5 5 62.404620020352866
99.57670002040749  84 5 5 59.576700020407486
100.87453002081944  62 5 5 73.87453002081944
101.8101100211164  64 5 5 51.8101100211164
105.61351002232365  31 5 5 80.61351002232365
110.2662800238005  57 5 5 65.2662800238005
110.76713002395948  78 5 5 66.76713002395948
110.83267002398028  58 5 5 63.832670023980285
