10.333139999777979  51 20 5 1.3331399997779787
10.802829999760197  0 20 5 2.8028299997601973
11.111199999748523  68 20 5 3.111199999748523
21.285609999363345  4 20 5 17.285609999363345
21.387379999359492  49 20 5 12.387379999359492
24.227459999251973  97 20 5 24.227459999251973
26.259689999175038  77 20 5 19.259689999175038
27.546359999126327  69 20 5 18.546359999126327
28.812779999078383  85 20 5 15.812779999078383
29.44153999905458  67 20 5 18.44153999905458
30.517739999013838  34 20 5 16.517739999013838
30.56419999901208  60 20 5 21.56419999901208
31.433819998979157  42 20 5 0.4338199989791569
31.592419998973153  91 20 5 2.5924199989731527
32.00784999896021  59 20 5 25.00784999896021
34.31760999969336  58 20 5 17.31760999969336
36.17560000028311  64 20 5 20.17560000028311
36.78147000047542  14 20 5 22.781470000475423
37.144350000590606  7 20 5 32.144350000590606
37.71259000077097  84 20 5 20.712590000770973
39.067580001201065  83 20 5 20.067580001201065
40.04295000151066  16 20 5 4.042950001510661
40.87253000177398  94 20 5 27.87253000177398
41.794270002066554  74 20 5 5.794270002066554
43.604370002641105  61 20 5 20.604370002641105
44.19670000282912  62 20 5 10.196700002829118
46.80551000365719  70 20 5 41.80551000365719
48.14686000408295  81 20 5 42.14686000408295
50.16196000472257  54 20 5 8.161960004722573
50.90150000495731  28 20 5 42.90150000495731
51.09024000501722  5 20 5 13.090240005017222
52.44685000544783  75 20 5 8.446850005447828
52.783060005554546  33 20 5 38.783060005554546
56.29079000666795  52 20 5 55.29079000666795
56.45061000671868  99 20 5 41.45061000671868
58.105040007243815  90 20 5 16.105040007243815
58.408710007340204  37 20 5 28.408710007340204
60.60478000803727  6 20 5 43.60478000803727
62.320420008581834  65 20 5 42.320420008581834
66.11651000978677  80 20 5 26.116510009786765
66.79534001000223  22 20 5 41.795340010002235
67.76469001030992  50 20 5 53.76469001030992
67.957130010371  8 20 5 27.957130010371003
69.05090001071818  11 20 5 46.05090001071818
69.47234001085195  26 20 5 39.47234001085195
74.49342001244571  36 20 5 57.49342001244571
74.755800012529  93 20 5 46.755800012528994
77.06654001326245  46 20 5 38.066540013262454
77.36734001335793  12 20 5 74.36734001335793
81.37220001462913  20 20 5 68.37220001462913
82.42020001496178  88 20 5 65.42020001496178
83.22181001521622  18 20 5 39.22181001521622
83.6228000153435  41 20 5 52.6228000153435
83.99097001546036  15 20 5 53.99097001546036
85.32401001588349  9 20 5 37.32401001588349
86.53031001626638  72 20 5 36.530310016266384
87.13442001645814  95 20 5 84.13442001645814
87.32039001651717  21 20 5 60.320390016517166
87.77430001666124  78 20 5 62.77430001666124
88.32342001683554  79 20 5 43.32342001683554
88.36901001685001  30 20 5 59.36901001685001
88.59412001692147  87 20 5 54.594120016921465
88.59745001692252  44 20 5 60.59745001692252
89.92885001734513  1 20 5 78.92885001734513
91.40970001781517  76 20 5 67.40970001781517
92.27566001809004  27 20 5 58.275660018090036
92.88025001828194  66 20 5 74.88025001828194
93.24879001839892  38 20 5 70.24879001839892
93.69623001854094  96 20 5 47.696230018540945
96.60985001946577  23 20 5 75.60985001946577
97.0494500196053  19 20 5 78.0494500196053
99.84986002049419  10 20 5 52.84986002049419
102.70973002140195  92 20 5 78.70973002140195
103.91992002178608  82 20 5 99.91992002178608
106.8017100227008  2 20 5 59.8017100227008
107.84979002303348  31 20 5 61.84979002303348
112.01718002435626  71 20 5 77.01718002435626
112.0963500243814  3 20 5 89.0963500243814
112.47875002450277  43 20 5 69.47875002450277
112.81160002460842  63 20 5 101.81160002460842
113.03512002467937  35 20 5 100.03512002467937
113.53405002483774  39 20 5 91.53405002483774
114.23505002506025  73 20 5 100.23505002506025
116.5728400258023  55 20 5 76.5728400258023
117.83181002620191  89 20 5 102.83181002620191
121.05246002722419  29 20 5 80.05246002722419
123.63639002804436  98 20 5 99.63639002804436
123.92171002813492  45 20 5 84.92171002813492
125.60779002867011  40 20 5 95.60779002867011
126.91373002908463  25 20 5 78.91373002908463
127.56723002929206  13 20 5 82.56723002929206
128.06555002945024  48 20 5 98.06555002945024
130.0218900300712  47 20 5 91.0218900300712
130.21680003013307  32 20 5 93.21680003013307
132.41519003083087  24 20 5 88.41519003083087
133.22771003108878  86 20 5 97.22771003108878
133.45075003115957  17 20 5 99.45075003115957
133.72064003124524  56 20 5 94.72064003124524
134.74553003157055  53 20 5 84.74553003157055
135.0037400316525  57 20 5 86.00374003165251
