1.4551100000010653  10 5 5 1.4551100000010653
4.491319999999137  81 5 5 4.491319999999137
4.959779999981402  91 5 5 4.959779999981402
9.577429999806588  39 5 5 8.577429999806588
10.790029999760682  61 5 5 7.790029999760682
11.344919999739675  80 5 5 9.344919999739675
12.461829999697391  44 5 5 10.461829999697391
13.165339999670758  18 5 5 9.165339999670758
13.343419999664016  72 5 5 9.343419999664016
14.160909999633068  79 5 5 10.160909999633068
16.13404999955837  82 5 5 10.134049999558371
19.551479999428995  41 5 5 11.551479999428995
19.78510999942015  0 5 5 14.78510999942015
22.268969999326117  45 5 5 15.268969999326117
22.302379999324852  48 5 5 16.302379999324852
25.062989999220342  8 5 5 18.062989999220342
26.109509999180723  99 5 5 12.109509999180723
27.481449999128785  24 5 5 11.481449999128785
30.764449999004498  11 5 5 15.764449999004498
31.166509998989277  76 5 5 23.166509998989277
31.452029998978468  86 5 5 24.452029998978468
31.69922999896911  20 5 5 23.69922999896911
31.897989998961584  14 5 5 21.897989998961584
35.311940000008974  37 5 5 23.311940000008974
35.99223000022491  94 5 5 19.992230000224907
36.26794000031242  36 5 5 24.26794000031242
36.603730000419006  97 5 5 27.603730000419006
37.713540000771275  93 5 5 18.713540000771275
37.96956000085254  25 5 5 17.96956000085254
38.06871000088401  23 5 5 22.06871000088401
38.80317000111714  9 5 5 19.803170001117138
38.89646000114675  75 5 5 23.89646000114675
39.513370001342565  96 5 5 28.513370001342565
40.954800001800095  28 5 5 22.954800001800095
42.12619000217191  53 5 5 23.12619000217191
42.59961000232218  42 5 5 29.59961000232218
43.19666000251169  69 5 5 30.196660002511692
45.200240003147655  29 5 5 24.200240003147655
45.52633000325116  73 5 5 26.52633000325116
47.849310003988506  40 5 5 30.849310003988506
49.114410004390066  13 5 5 28.114410004390066
51.70964000521383  34 5 5 22.709640005213828
51.77616000523494  92 5 5 27.776160005234942
53.257610005705175  33 5 5 24.257610005705175
53.70202000584624  22 5 5 31.702020005846236
53.7935800058753  51 5 5 32.7935800058753
56.40179000670318  95 5 5 34.40179000670318
57.193960006954626  83 5 5 27.193960006954626
57.63198000709366  49 5 5 32.63198000709366
58.75239000744929  65 5 5 26.752390007449293
59.102320007560365  46 5 5 27.102320007560365
59.80193000778243  17 5 5 34.80193000778243
60.76698000808875  43 5 5 29.76698000808875
62.885300008761135  31 5 5 37.885300008761135
63.65337000900493  68 5 5 28.65337000900493
63.95231000909982  66 5 5 29.95231000909982
65.1705200094865  7 5 5 26.170520009486495
65.31655000953285  21 5 5 26.316550009532847
67.37663001018674  62 5 5 40.376630010186744
69.17060001075617  63 5 5 30.170600010756175
69.53062001087045  26 5 5 26.53062001087045
69.70238001092497  6 5 5 39.70238001092497
69.84532001097034  87 5 5 33.84532001097034
72.1147900116907  60 5 5 31.1147900116907
72.37992001177486  16 5 5 32.37992001177486
72.48014001180667  90 5 5 36.48014001180667
74.39764001241531  15 5 5 31.39764001241531
74.89179001257216  19 5 5 31.89179001257216
74.91647001257999  3 5 5 27.916470012579992
76.01452001292853  4 5 5 39.01452001292853
76.70913001314901  32 5 5 34.70913001314901
77.63683001344347  12 5 5 38.63683001344347
79.8242900141378  67 5 5 37.8242900141378
79.86472001415063  77 5 5 36.864720014150635
80.8989200144789  70 5 5 38.898920014478904
81.01699001451638  84 5 5 41.01699001451638
81.42266001464515  35 5 5 37.422660014645146
83.05474001516319  55 5 5 36.05474001516319
83.50852001530723  5 5 5 41.50852001530723
83.95655001544944  38 5 5 33.95655001544944
84.50393001562318  89 5 5 38.50393001562318
84.74694001570032  88 5 5 42.74694001570032
85.55210001595589  47 5 5 37.55210001595589
85.88289001606088  59 5 5 35.882890016060884
86.18262001615602  56 5 5 39.18262001615602
86.4333100162356  98 5 5 44.433310016235595
88.85927001700563  85 5 5 41.85927001700563
89.32558001715364  2 5 5 39.32558001715364
89.32696001715408  74 5 5 42.32696001715408
92.76274001824464  78 5 5 48.76274001824464
93.32566001842332  30 5 5 45.32566001842332
94.19716001869995  27 5 5 46.19716001869995
94.23076001871061  1 5 5 44.23076001871061
95.93947001925298  52 5 5 47.93947001925298
97.99366001990501  71 5 5 47.99366001990501
98.79629002015977  57 5 5 53.79629002015977
100.02898002055105  54 5 5 50.028980020551046
101.24180002093601  50 5 5 55.24180002093601
107.50617002292441  58 5 5 60.50617002292441
110.83281002398033  64 5 5 60.83281002398033
