2.102860000005309  8 10 5 2.102860000005309
5.6047299999569855  25 10 5 4.6047299999569855
10.68336999976472  97 10 5 6.68336999976472
10.9295399997554  87 10 5 5.9295399997554
13.504559999657916  70 10 5 5.504559999657916
14.543409999618587  23 10 5 6.5434099996185875
17.309629999513866  73 10 5 9.309629999513866
17.626359999501876  65 10 5 7.626359999501876
20.07009999940936  0 10 5 9.070099999409361
20.322029999399824  71 10 5 9.322029999399824
21.594969999351633  36 10 5 8.594969999351633
21.662789999349066  28 10 5 9.662789999349066
23.2573299992887  53 10 5 12.2573299992887
23.608739999275397  45 10 5 11.608739999275397
26.10800999918078  50 10 5 14.10800999918078
26.370679999170836  40 10 5 13.370679999170836
27.925249999111983  76 10 5 13.925249999111983
29.408099999055846  49 10 5 16.408099999055846
30.925639998998395  83 10 5 17.925639998998395
32.724849999187796  4 10 5 15.724849999187796
33.09884999930651  90 10 5 20.09884999930651
34.02580999960074  46 10 5 19.02580999960074
35.6248700001083  47 10 5 15.624870000108302
37.0996000005764  82 10 5 22.0996000005764
37.342510000653505  13 10 5 19.342510000653505
37.88661000082621  86 10 5 22.88661000082621
38.1288600009031  35 10 5 17.128860000903103
41.59117000200209  21 10 5 22.591170002002087
42.76724000237539  29 10 5 24.767240002375388
43.33134000255444  99 10 5 28.33134000255444
43.882810002729485  27 10 5 26.882810002729485
44.3970200028927  58 10 5 27.397020002892702
47.60117000390974  38 10 5 25.601170003909743
47.92264000401178  10 10 5 27.922640004011782
49.025250004361766  78 10 5 31.025250004361766
50.53672000484153  56 10 5 30.536720004841527
50.801980004925724  92 10 5 32.801980004925724
53.291420005715906  93 10 5 33.291420005715906
53.59214000581136  64 10 5 31.59214000581136
54.767530006184444  32 10 5 35.767530006184444
56.707970006800366  89 10 5 34.707970006800366
57.831990007157145  75 10 5 34.831990007157145
59.134770007570665  60 10 5 32.134770007570665
59.34625000763779  44 10 5 40.34625000763779
60.28307000793515  9 10 5 36.28307000793515
60.32713000794914  95 10 5 35.32713000794914
61.124540008202246  24 10 5 35.124540008202246
61.56619000834243  52 10 5 41.56619000834243
62.03563000849144  12 10 5 35.03563000849144
63.62485000899588  59 10 5 39.62485000899588
64.69061000933416  57 10 5 36.690610009334165
65.73061000966428  91 10 5 37.730610009664275
65.86497000970692  80 10 5 41.86497000970692
67.22036001013714  77 10 5 38.22036001013714
68.12766001042513  30 10 5 47.12766001042513
69.92054001099422  14 10 5 43.920540010994216
70.38238001114081  63 10 5 47.38238001114081
71.1989600114  51 10 5 47.198960011400004
73.3674200120883  41 10 5 42.3674200120883
73.89955001225721  48 10 5 47.89955001225721
74.27113001237515  54 10 5 46.27113001237515
76.07457001294759  19 10 5 51.07457001294759
78.92525001385243  26 10 5 51.925250013852434
79.44996001401898  1 10 5 48.449960014018984
81.81645001477014  88 10 5 54.81645001477014
83.33563001525235  98 10 5 56.33563001525235
83.70294001536894  67 10 5 53.70294001536894
84.77258001570846  34 10 5 53.772580015708456
84.92508001575686  33 10 5 54.92508001575686
86.09202001612726  17 10 5 55.092020016127265
86.46836001624672  42 10 5 39.46836001624672
86.55234001627338  55 10 5 58.55234001627338
89.19551001711235  62 10 5 48.195510017112355
89.66292001726072  79 10 5 57.66292001726072
89.99780001736701  37 10 5 57.99780001736701
91.71997001791365  72 10 5 61.71997001791365
95.19976001901819  20 10 5 62.199760019018186
96.3538300193845  18 10 5 53.3538300193845
97.4148800197213  69 10 5 64.4148800197213
98.98584002021994  2 10 5 57.98584002021994
101.41614002099135  66 10 5 62.41614002099135
101.86165002113276  16 10 5 56.86165002113276
102.30951002127492  61 10 5 68.30951002127492
102.71277002140292  94 10 5 52.71277002140292
103.35689002160737  11 10 5 55.35689002160737
103.68467002171141  74 10 5 65.68467002171141
104.05467002182885  5 10 5 62.054670021828855
106.22788002251866  3 10 5 63.22788002251866
107.89726002304855  39 10 5 58.897260023048545
108.5155400232448  43 10 5 59.515540023244796
109.18828002345833  96 10 5 66.18828002345833
110.91466002400631  68 10 5 66.91466002400631
111.50443002419351  84 10 5 65.50443002419351
111.70514002425722  15 10 5 68.70514002425722
113.95396002497102  22 10 5 64.95396002497102
116.27300002570712  81 10 5 68.27300002570712
117.63391002613909  6 10 5 67.63391002613909
117.84751002620689  85 10 5 67.84751002620689
118.07282002627841  31 10 5 69.07282002627841
118.31031002635379  7 10 5 68.31031002635379
