2.8718500000103466  18 15 5 2.8718500000103466
3.0220100000113304  85 15 5 3.0220100000113304
3.46765000001425  94 15 5 3.46765000001425
4.014430000017191  56 15 5 4.014430000017191
7.703229999877541  4 15 5 3.703229999877541
7.708139999877355  79 15 5 6.708139999877355
11.72702999972521  77 15 5 9.72702999972521
12.631929999690952  30 15 5 8.631929999690952
14.78848999960931  23 15 5 8.78848999960931
16.232489999554645  47 15 5 12.232489999554645
21.61641999935082  64 15 5 17.61641999935082
21.78127999934458  22 15 5 14.78127999934458
21.930149999338944  92 15 5 14.930149999338944
22.908859999301892  29 15 5 15.908859999301892
24.17521999925395  26 15 5 16.17521999925395
24.428709999244354  87 15 5 18.428709999244354
24.522209999240815  68 15 5 15.522209999240815
25.175229999216093  75 15 5 19.175229999216093
26.094659999181285  31 15 5 21.094659999181285
26.48021999916669  40 15 5 18.48021999916669
29.295639999060104  10 15 5 21.295639999060104
30.510119999014126  80 15 5 20.510119999014126
32.41046999908801  41 15 5 26.410469999088008
34.65756999980127  9 15 5 17.657569999801268
35.0747999999337  3 15 5 24.074799999933703
37.11778000058217  57 15 5 27.117780000582172
38.207720000928134  55 15 5 25.207720000928134
38.26552000094648  32 15 5 26.26552000094648
38.44047000100201  27 15 5 28.440470001002012
42.47609000228297  81 15 5 30.476090002282973
44.385180002888944  2 15 5 29.385180002888944
44.51444000292997  46 15 5 34.51444000292997
45.01527000308894  96 15 5 33.01527000308894
46.71400000362814  0 15 5 32.71400000362814
46.752850003640475  89 15 5 29.752850003640475
47.88035000399836  95 15 5 20.88035000399836
48.87650000431455  12 15 5 19.87650000431455
49.21175000442096  61 15 5 30.211750004420963
49.283620004443776  69 15 5 30.283620004443776
49.88297000463402  35 15 5 28.882970004634018
50.459150004816905  13 15 5 35.459150004816905
52.4955900054633  98 15 5 21.4955900054633
52.80934000556289  6 15 5 17.809340005562888
53.566860005803335  52 15 5 31.566860005803335
53.7510500058618  33 15 5 21.7510500058618
54.10230000597329  45 15 5 28.10230000597329
54.45782000608614  5 15 5 30.457820006086138
55.351280006369734  74 15 5 30.351280006369734
55.49691000641596  49 15 5 40.49691000641596
56.292740006668566  73 15 5 36.292740006668566
56.82503000683752  70 15 5 27.825030006837522
59.02478000753575  82 15 5 30.024780007535753
61.2674200082476  7 15 5 37.2674200082476
61.30536000825964  1 15 5 35.30536000825964
61.44068000830259  37 15 5 43.44068000830259
62.96474000878635  15 15 5 32.96474000878635
63.21381000886541  14 15 5 33.21381000886541
64.07346000913827  78 15 5 34.07346000913827
65.37664000955192  24 15 5 28.37664000955192
66.36025000986413  76 15 5 36.36025000986413
67.7832300103158  38 15 5 34.783230010315805
67.80047001032128  39 15 5 38.80047001032128
68.74855001062221  72 15 5 39.74855001062221
69.6420100109058  91 15 5 35.64201001090581
72.11389001169042  84 15 5 38.113890011690415
73.1087600120062  53 15 5 35.1087600120062
73.69811001219327  48 15 5 36.69811001219327
75.14131001265136  93 15 5 41.14131001265136
77.80655001349734  97 15 5 38.80655001349734
77.83852001350749  16 15 5 38.83852001350749
78.21227001362612  88 15 5 34.212270013626124
78.30722001365626  8 15 5 37.30722001365626
79.7694700141204  86 15 5 40.7694700141204
80.71982001442206  44 15 5 45.719820014422055
81.31530001461107  36 15 5 36.31530001461107
81.90810001479923  19 15 5 39.90810001479923
82.02535001483645  42 15 5 40.02535001483645
82.97343001513738  60 15 5 39.97343001513738
83.05023001516176  28 15 5 43.05023001516176
84.06089001548256  58 15 5 43.060890015482556
84.80279001571805  67 15 5 41.802790015718045
85.8350700160457  17 15 5 48.835070016045705
86.41717001623047  50 15 5 42.41717001623047
90.01061001737108  20 15 5 52.01061001737108
91.128770017726  99 15 5 45.128770017726
92.65993001821201  21 15 5 45.65993001821201
96.54795001944612  43 15 5 50.54795001944612
96.96907001957979  62 15 5 49.96907001957979
101.59153002104702  59 15 5 55.59153002104702
101.96419002116531  65 15 5 53.96419002116531
102.48856002133175  83 15 5 52.48856002133175
103.73080002172605  71 15 5 57.730800021726054
104.39470002193679  51 15 5 54.394700021936785
104.54561002198469  25 15 5 56.545610021984686
105.3997400222558  11 15 5 55.3997400222558
105.40712002225814  54 15 5 57.40712002225814
105.48211002228194  34 15 5 56.482110022281944
112.12390002439014  63 15 5 63.12390002439014
114.4006400251128  66 15 5 65.4006400251128
117.71063002616344  90 15 5 68.71063002616344
