5.040359999978351  97 20 5 5.040359999978351
6.933659999906675  52 20 5 5.933659999906675
12.194749999707502  12 20 5 9.194749999707502
13.598969999654342  82 20 5 9.598969999654342
14.493839999620464  4 20 5 10.493839999620464
16.78733999953364  7 20 5 11.78733999953364
17.907399999491236  95 20 5 14.907399999491236
18.137559999482523  49 20 5 9.137559999482523
20.00880999941168  69 20 5 11.008809999411682
20.113139999407732  0 20 5 12.113139999407732
20.377289999397732  81 20 5 14.377289999397732
22.614249999313046  70 20 5 17.614249999313046
22.736859999308404  59 20 5 15.736859999308404
23.383139999283937  51 20 5 14.383139999283937
24.805319999230097  77 20 5 17.805319999230097
25.467339999205034  63 20 5 14.467339999205034
26.02797999918381  1 20 5 15.02797999918381
27.90866999911261  28 20 5 19.90866999911261
28.32733999909676  68 20 5 20.32733999909676
29.617789999047908  85 20 5 16.617789999047908
30.192989999026132  20 20 5 17.192989999026132
30.631319999009538  60 20 5 21.631319999009538
32.19920999902095  35 20 5 19.19920999902095
32.20543999902293  67 20 5 21.20543999902293
34.22645999966443  94 20 5 21.226459999664428
34.406309999721515  33 20 5 20.406309999721515
36.06848000024911  14 20 5 22.06848000024911
36.38280000034888  89 20 5 21.38280000034888
37.239810000620906  34 20 5 23.239810000620906
37.39209000066924  66 20 5 19.392090000669242
37.592470000732845  84 20 5 20.592470000732845
37.94348000084426  50 20 5 23.94348000084426
40.311380001595865  99 20 5 25.311380001595865
40.44951000163971  58 20 5 23.44951000163971
41.641410002018034  64 20 5 25.641410002018034
41.79061000206539  83 20 5 22.790610002065392
42.50172000229111  73 20 5 28.50172000229111
43.83948000271573  19 20 5 24.83948000271573
44.3661400028829  6 20 5 27.3661400028829
47.242150003795786  36 20 5 30.242150003795786
48.05577000405404  61 20 5 25.05577000405404
48.74921000427415  23 20 5 27.749210004274147
51.00243000498935  88 20 5 34.00243000498935
51.40055000511572  3 20 5 28.40055000511572
53.206660005689  39 20 5 31.206660005689002
53.31941000572479  65 20 5 33.31941000572479
55.44808000640046  11 20 5 32.44808000640046
58.36689000732693  37 20 5 28.36689000732693
58.72616000744097  27 20 5 24.726160007440967
58.78377000745925  22 20 5 33.78377000745925
59.57692000771101  78 20 5 34.57692000771101
59.60423000771968  38 20 5 36.60423000771968
61.86363000843684  48 20 5 31.863630008436843
62.70612000870426  87 20 5 28.70612000870426
63.106530008831356  74 20 5 27.106530008831356
63.409980008927675  93 20 5 35.409980008927675
64.60244000930618  76 20 5 40.60244000930618
64.98389000942726  40 20 5 34.983890009427256
66.23550000982453  41 20 5 35.235500009824534
66.3604500098642  15 20 5 36.360450009864195
67.54003001023861  26 20 5 37.54003001023861
67.78293001031571  44 20 5 39.78293001031571
69.80595001095784  92 20 5 45.805950010957844
70.31508001111945  30 20 5 41.31508001111945
70.47349001116973  91 20 5 41.47349001116973
72.24767001173288  17 20 5 38.24767001173288
72.55950001183186  62 20 5 38.55950001183186
73.32571001207506  5 20 5 35.325710012075064
75.18431001266501  32 20 5 38.18431001266501
76.26624001300843  98 20 5 52.26624001300843
77.50545001340177  43 20 5 34.50545001340177
80.2653300142778  56 20 5 41.265330014277794
80.72740001442446  45 20 5 41.72740001442446
81.29225001460375  8 20 5 41.29225001460375
81.47898001466302  21 20 5 54.47898001466302
81.50450001467112  42 20 5 50.50450001467112
81.82086001477154  2 20 5 34.82086001477154
82.21733001489739  54 20 5 40.217330014897385
82.99874001514542  90 20 5 40.998740015145415
83.65661001535423  55 20 5 43.65661001535423
84.84561001573164  80 20 5 44.84561001573164
87.42806001655134  29 20 5 46.42806001655134
87.61168001660963  71 20 5 52.611680016609625
87.76267001665755  75 20 5 43.76267001665755
87.93220001671136  16 20 5 51.93220001671136
89.4206000171838  72 20 5 39.4206000171838
90.03377001737843  24 20 5 46.03377001737843
90.86673001764282  9 20 5 42.86673001764282
92.50109001816159  10 20 5 45.50109001816159
92.63272001820337  57 20 5 43.63272001820337
92.644130018207  13 20 5 47.644130018206994
93.63288001852084  86 20 5 57.63288001852084
94.09377001866713  96 20 5 48.09377001866713
95.38528001907707  31 20 5 49.38528001907707
95.94986001925628  46 20 5 56.94986001925628
99.89333002050799  53 20 5 49.89333002050799
100.94807002084278  47 20 5 61.94807002084278
102.79009002142746  18 20 5 58.79009002142746
105.22091002219904  79 20 5 60.220910022199035
111.86204002430702  25 20 5 63.86204002430702
