81.29830001460567  60 15 5 38.29830001460567
82.81769001508795  44 15 5 47.81769001508795
84.4872700156179  70 15 5 55.487270015617895
84.68711001568133  42 15 5 42.68711001568133
88.31117001683165  22 15 5 81.31117001683165
89.49308001720681  40 15 5 81.49308001720681
90.66675001757935  16 15 5 51.666750017579346
92.45330001814642  1 15 5 66.45330001814642
92.55601001817902  2 15 5 77.55601001817902
93.37039001843752  31 15 5 88.37039001843752
93.76660001856328  92 15 5 86.76660001856328
94.15719001868726  39 15 5 65.15719001868726
94.35037001874858  36 15 5 49.35037001874858
94.63671001883947  12 15 5 65.63671001883947
94.93006001893258  89 15 5 77.93006001893258
94.98309001894941  73 15 5 74.98309001894941
95.48685001910931  49 15 5 80.48685001910931
95.65633001916311  93 15 5 61.65633001916311
95.75508001919445  19 15 5 53.75508001919445
95.78701001920459  62 15 5 48.78701001920459
95.81815001921447  18 15 5 95.81815001921447
98.24425001998455  86 15 5 59.24425001998455
98.9230400202  85 15 5 98.9230400202
99.59945002041471  28 15 5 59.59945002041471
103.17100002154837  43 15 5 57.171000021548366
104.10796002184577  77 15 5 102.10796002184577
104.71972002203995  90 15 5 55.71972002203995
105.32567002223229  11 15 5 55.32567002223229
105.8055300223846  48 15 5 68.8055300223846
105.88275002240911  91 15 5 71.88275002240911
106.18403002250474  17 15 5 69.18403002250474
106.72160002267537  99 15 5 60.721600022675375
107.20153002282771  10 15 5 99.20153002282771
107.68108002297993  30 15 5 103.68108002297993
107.92072002305599  41 15 5 101.92072002305599
108.15969002313184  51 15 5 58.159690023131844
108.39844002320763  81 15 5 96.39844002320763
108.6365500232832  3 15 5 97.6365500232832
110.29315002380903  95 15 5 83.29315002380903
110.52844002388372  79 15 5 109.52844002388372
111.46705002418165  80 15 5 101.46705002418165
111.69832002425505  45 15 5 85.69832002425505
111.92330002432647  0 15 5 97.92330002432647
112.0484800243662  6 15 5 77.0484800243662
112.16982002440471  46 15 5 102.16982002440471
112.26332002443439  68 15 5 103.26332002443439
112.37766002447069  24 15 5 75.37766002447069
112.43459002448876  72 15 5 83.43459002448876
112.49141002450679  20 15 5 74.49141002450679
112.54819002452481  26 15 5 104.54819002452481
112.65977002456023  65 15 5 64.65977002456023
112.71502002457777  61 15 5 93.71502002457777
112.82481002461262  15 15 5 82.82481002461262
112.98877002466466  21 15 5 65.98877002466466
113.04316002468192  64 15 5 109.04316002468192
113.09744002469915  50 15 5 69.09744002469915
113.20580002473355  71 15 5 67.20580002473355
113.25940002475056  29 15 5 106.25940002475056
113.31291002476755  37 15 5 95.31291002476755
113.36641002478453  38 15 5 80.36641002478453
113.41965002480143  13 15 5 98.41965002480143
113.48679002482274  94 15 5 113.48679002482274
113.61096002486215  35 15 5 92.61096002486215
113.67109002488124  54 15 5 65.67109002488124
113.78666002491792  23 15 5 107.78666002491792
113.84060002493504  74 15 5 88.84060002493504
113.87463002494584  56 15 5 113.87463002494584
113.90426002495525  78 15 5 83.90426002495525
113.93366002496458  4 15 5 109.93366002496458
113.95832002497241  96 15 5 101.95832002497241
113.98007002497931  34 15 5 64.98007002497931
113.98832002498193  97 15 5 74.98832002498193
114.2226000250563  55 15 5 101.2226000250563
114.45336002512954  27 15 5 104.45336002512954
114.68364002520264  33 15 5 82.68364002520264
114.9106600252747  87 15 5 108.9106600252747
115.13160002534482  63 15 5 66.13160002534482
115.35190002541475  9 15 5 98.35190002541475
115.5713500254844  75 15 5 109.5713500254844
115.7902900255539  47 15 5 111.7902900255539
116.00859002562319  58 15 5 75.00859002562319
116.22590002569217  82 15 5 87.22590002569217
116.44300002576108  84 15 5 82.44300002576108
116.65884002582959  25 15 5 68.65884002582959
116.87376002589781  98 15 5 85.87376002589781
117.08802002596582  59 15 5 71.08802002596582
117.30117002603347  52 15 5 95.30117002603347
117.51247002610054  32 15 5 105.51247002610054
117.72256002616723  53 15 5 79.72256002616723
117.9310300262334  57 15 5 107.9310300262334
118.13782002629904  14 15 5 88.13782002629904
118.34414002636453  5 15 5 94.34414002636453
118.54956002642973  8 15 5 77.54956002642973
118.75366002649452  66 15 5 69.75366002649452
118.9574700265592  88 15 5 74.9574700265592
119.15669002662244  7 15 5 95.15669002662244
119.31782002667359  83 15 5 69.31782002667359
119.42455002670746  76 15 5 89.42455002670746
119.5251600267394  67 15 5 76.5251600267394
119.59703002676221  69 15 5 100.59703002676221
