5.6047299999569855  8 10 5 5.6047299999569855
85.61960001597731  25 10 5 84.61960001597731
93.28097001840914  27 10 5 76.28097001840914
94.42123001877107  70 10 5 86.42123001877107
97.96920001989724  86 10 5 82.96920001989724
98.6810600201232  31 10 5 49.6810600201232
99.51174002038687  89 10 5 77.51174002038687
99.80812002048094  26 10 5 72.80812002048094
102.08363002120322  36 10 5 89.08363002120322
102.24690002125504  62 10 5 61.246900021255044
102.72552002140696  73 10 5 94.72552002140696
103.28763002158539  42 10 5 56.287630021585386
104.4716400219612  68 10 5 60.47164002196121
105.64668002233418  60 10 5 78.64668002233418
105.74903002236667  72 10 5 75.74903002236667
105.85116002239909  19 10 5 80.85116002239909
106.0512800224626  97 10 5 102.0512800224626
106.14224002249148  83 10 5 93.14224002249148
106.46310002259332  46 10 5 91.46310002259332
106.6942800226667  69 10 5 73.6942800226667
106.84659002271505  76 10 5 92.84659002271505
106.99669002276269  33 10 5 76.99669002276269
107.35228002287556  1 10 5 76.35228002287556
107.50179002292302  48 10 5 81.50179002292302
107.51226002292634  2 10 5 66.51226002292634
107.57303002294563  78 10 5 89.57303002294563
107.62913002296344  93 10 5 87.62913002296344
107.7392800229984  90 10 5 94.7392800229984
107.77184002300874  50 10 5 95.77184002300874
107.82351002302514  7 10 5 57.823510023025136
107.85943002303654  21 10 5 88.85943002303654
107.87714002304216  85 10 5 57.87714002304216
107.89380002304745  87 10 5 102.89380002304745
108.0054900230829  80 10 5 84.0054900230829
108.0171300230866  18 10 5 65.0171300230866
108.02316002308851  58 10 5 91.02316002308851
108.05037002309714  37 10 5 76.05037002309714
108.10627002311489  64 10 5 86.10627002311489
108.21716002315009  40 10 5 95.21716002315009
108.43493002321921  35 10 5 87.43493002321921
108.64263002328514  88 10 5 81.64263002328514
108.74167002331657  84 10 5 62.74167002331657
108.79083002333218  10 10 5 88.79083002333218
108.83995002334777  3 10 5 65.83995002334777
108.98113002339258  17 10 5 77.98113002339258
109.01705002340398  44 10 5 90.01705002340398
109.06697002341983  24 10 5 83.06697002341983
109.13987002344297  49 10 5 96.13987002344297
109.25992002348107  39 10 5 60.25992002348107
109.29881002349342  96 10 5 66.29881002349342
109.33705002350555  11 10 5 61.337050023505554
109.36639002351487  5 10 5 67.36639002351487
109.3938800235236  57 10 5 81.3938800235236
109.52429002356499  15 10 5 66.52429002356499
109.59832002358849  41 10 5 78.59832002358849
109.62284002359627  56 10 5 89.62284002359627
109.64736002360405  55 10 5 81.64736002360405
109.66914002361096  94 10 5 59.669140023610964
109.68954002361744  43 10 5 60.68954002361744
109.70937002362373  38 10 5 87.70937002362373
109.72907002362999  32 10 5 90.72907002362999
109.74861002363619  20 10 5 76.74861002363619
109.76812002364238  6 10 5 59.76812002364238
110.44644002385769  53 10 5 99.44644002385769
111.10572002406695  77 10 5 82.10572002406695
111.76477002427615  9 10 5 87.76477002427615
112.42380002448533  92 10 5 94.42380002448533
113.08268002469447  23 10 5 105.08268002469447
113.7415500249036  59 10 5 89.7415500249036
114.40040002511273  13 10 5 96.40040002511273
115.05902002532179  81 10 5 67.05902002532179
115.7175100255308  74 10 5 77.7175100255308
116.3759800257398  75 10 5 93.3759800257398
117.03444002594881  14 10 5 91.03444002594881
117.6928400261578  66 10 5 78.6928400261578
118.3506500263666  91 10 5 90.3506500263666
119.00779002657518  45 10 5 107.00779002657518
119.66274002678307  65 10 5 109.66274002678307
120.31745002699088  63 10 5 97.31745002699088
120.97212002719868  34 10 5 89.97212002719868
121.62659002740642  98 10 5 94.62659002740642
122.2799100276138  12 10 5 95.2799100276138
122.93056002782032  95 10 5 97.93056002782032
123.5807600280267  61 10 5 89.5807600280267
124.230680028233  16 10 5 79.230680028233
124.88041002843923  82 10 5 109.88041002843923
125.53004002864543  47 10 5 105.53004002864543
126.17963002885162  22 10 5 77.17963002885162
126.8200400290549  0 10 5 115.8200400290549
127.46039002925815  29 10 5 109.46039002925815
128.10055002946135  54 10 5 100.10055002946135
128.74069002966453  52 10 5 108.74069002966453
129.3807400298677  30 10 5 108.3807400298677
130.0206100300708  79 10 5 98.0206100300708
130.6601400302738  99 10 5 115.6601400302738
131.29839003047638  51 10 5 107.29839003047638
131.93440003067826  28 10 5 119.93440003067826
132.50306003085876  71 10 5 121.50306003085876
132.87037003097535  67 10 5 102.87037003097535
133.04174003102975  4 10 5 116.04174003102975
