58.08115000723623  79 5 5 54.08115000723623
73.5422500121438  99 5 5 59.542250012143796
78.4210900136924  28 5 5 60.42109001369241
83.22626001521763  41 5 5 75.22626001521763
83.9668400154527  75 5 5 68.9668400154527
84.05835001548175  92 5 5 60.05835001548175
87.3267800165192  25 5 5 67.3267800165192
88.79578001698547  3 5 5 41.795780016985475
89.32558001715364  14 5 5 79.32558001715364
90.03739001737958  26 5 5 47.03739001737958
90.20322001743222  10 5 5 90.20322001743222
90.23347001744182  37 5 5 78.23347001744182
90.28135001745702  2 5 5 40.281350017457015
90.39739001749385  59 5 5 40.39739001749385
90.43450001750563  34 5 5 61.43450001750563
90.90495001765495  32 5 5 48.904950017654954
91.16718001773819  39 5 5 90.16718001773819
91.45687001783014  67 5 5 49.45687001783014
91.49255001784147  76 5 5 83.49255001784147
91.54197001785715  43 5 5 60.54197001785715
91.58299001787017  91 5 5 91.58299001787017
91.70710001790957  93 5 5 72.70710001790957
91.71875001791327  38 5 5 41.718750017913266
91.80577001794089  33 5 5 62.80577001794089
91.81251001794303  47 5 5 43.812510017943026
91.82491001794696  24 5 5 75.82491001794696
92.27659001809033  7 5 5 53.27659001809033
92.49343001815916  89 5 5 46.49343001815916
93.14377001836559  27 5 5 45.143770018365586
94.22705001870943  18 5 5 90.22705001870943
94.65924001884662  55 5 5 47.65924001884662
94.87477001891503  83 5 5 64.87477001891503
95.09030001898344  16 5 5 55.09030001898344
95.30562001905179  69 5 5 82.30562001905179
95.73468001918798  71 5 5 45.73468001918798
96.16086001932325  70 5 5 54.16086001932325
96.5844500194577  66 5 5 62.584450019457705
97.13561001963265  56 5 5 50.13561001963265
97.2636800196733  30 5 5 49.2636800196733
97.70353001981292  49 5 5 72.70353001981292
97.74180001982506  15 5 5 54.741800019825064
97.78001001983719  77 5 5 54.78001001983719
97.85615001986136  85 5 5 50.85615001986136
97.93135001988523  11 5 5 82.93135001988523
97.95685001989332  72 5 5 93.95685001989332
97.96840001989699  82 5 5 91.96840001989699
97.9797800199006  65 5 5 65.9797800199006
97.98687001990285  61 5 5 94.98687001990285
98.028310019916  46 5 5 66.028310019916
98.06290001992699  1 5 5 48.062900019926985
98.09745001993795  35 5 5 54.09745001993795
98.1319600199489  96 5 5 87.1319600199489
98.27172001999327  45 5 5 91.27172001999327
98.29636002000109  80 5 5 96.29636002000109
98.32027002000868  42 5 5 85.32027002000868
98.40852002003669  40 5 5 81.40852002003669
98.5849900200927  94 5 5 82.5849900200927
98.76071002014848  20 5 5 90.76071002014848
98.84819002017625  52 5 5 50.84819002017625
98.935640020204  95 5 5 76.935640020204
99.02271002023164  60 5 5 58.02271002023164
99.10965002025924  29 5 5 78.10965002025924
99.19656002028682  19 5 5 56.196560020286825
99.28077002031355  74 5 5 52.280770020313554
99.3644200203401  63 5 5 60.364420020340106
99.4469500203663  21 5 5 60.4469500203663
99.52923002039242  54 5 5 49.52923002039242
99.68645002044232  68 5 5 64.68645002044232
99.89285002050784  36 5 5 87.89285002050784
100.02080002054845  51 5 5 79.02080002054845
100.44561002068329  48 5 5 94.44561002068329
100.85975002081474  90 5 5 64.85975002081474
101.27346002094606  58 5 5 54.27346002094606
101.68708002107735  8 5 5 94.68708002107735
102.10067002120863  88 5 5 60.10067002120863
102.5142500213399  13 5 5 81.5142500213399
102.92325002146973  17 5 5 77.92325002146973
103.28278002158385  31 5 5 78.28278002158385
103.64197002169786  6 5 5 73.64197002169786
104.00113002181186  98 5 5 62.00113002181186
104.3600900219258  81 5 5 104.3600900219258
104.71889002203969  0 5 5 99.71889002203969
105.07761002215355  5 5 5 63.07761002215355
105.43633002226741  22 5 5 83.43633002226741
105.79492002238123  86 5 5 98.79492002238123
106.15292002249487  9 5 5 87.15292002249487
106.5106100226084  57 5 5 61.510610022608404
106.86735002272164  73 5 5 87.86735002272164
107.22312002283456  78 5 5 63.223120022834564
107.57847002294736  84 5 5 67.57847002294736
107.93318002305995  53 5 5 88.93318002305995
108.28772002317248  62 5 5 81.28772002317248
108.64224002328501  64 5 5 58.64224002328501
108.99642002339743  97 5 5 99.99642002339743
109.34996002350965  4 5 5 72.34996002350965
109.69532002361927  12 5 5 70.69532002361927
110.0403600237288  44 5 5 108.0403600237288
110.38483002383813  50 5 5 64.38483002383813
110.68987002393496  23 5 5 94.68987002393496
110.83281002398033  87 5 5 74.83281002398033
