84.46561001561102  49 20 5 75.46561001561102
86.17513001615364  51 20 5 77.17513001615364
88.93496001702965  83 20 5 69.93496001702965
89.68349001726725  28 20 5 81.68349001726725
89.82633001731259  90 20 5 47.826330017312586
89.9754100173599  8 20 5 49.975410017359906
90.05989001738672  87 20 5 56.05989001738672
90.23818001744331  58 20 5 73.23818001744331
90.43013001750424  88 20 5 73.43013001750424
90.5012200175268  54 20 5 48.501220017526805
90.51724001753189  34 20 5 76.51724001753189
90.53251001753674  13 20 5 45.53251001753674
90.65579001757587  7 20 5 85.65579001757587
90.67616001758233  16 20 5 54.67616001758233
90.70319001759091  59 20 5 83.70319001759091
90.72446001759766  65 20 5 70.72446001759766
91.8833000179655  14 20 5 77.8833000179655
92.02628001801088  15 20 5 62.02628001801088
92.59590001819168  20 20 5 79.59590001819168
93.16127001837114  85 20 5 80.16127001837114
93.30125001841557  39 20 5 71.30125001841557
93.44066001845982  11 20 5 70.44066001845982
94.43779001877633  97 20 5 94.43779001877633
94.67172001885058  56 20 5 55.67172001885058
94.90486001892458  92 20 5 70.90486001892458
95.60224001914594  93 20 5 67.60224001914594
96.29819001936684  9 20 5 48.29819001936684
97.2246300196609  27 20 5 63.22463001966091
97.68751001980783  37 20 5 67.68751001980783
97.91854001988116  74 20 5 61.91854001988116
98.14949001995447  66 20 5 80.14949001995447
98.61094002010094  96 20 5 52.61094002010094
98.84161002017416  5 20 5 60.84161002017416
99.51952002038934  82 20 5 95.51952002038934
99.87167002050111  91 20 5 70.87167002050111
101.01426002086379  62 20 5 67.01426002086379
101.44250002099972  69 20 5 92.44250002099972
101.64737002106475  47 20 5 62.647370021064745
101.8296400211226  25 20 5 53.8296400211226
102.16761002122988  46 20 5 63.167610021229876
102.33644002128347  38 20 5 79.33644002128347
102.50513002133701  40 20 5 72.50513002133701
102.67381002139055  80 20 5 62.67381002139055
102.84246002144408  94 20 5 89.84246002144408
103.0110600214976  95 20 5 100.0110600214976
103.17966002155111  64 20 5 87.17966002155111
103.34825002160463  50 20 5 89.34825002160463
104.19104002187214  78 20 5 79.19104002187214
105.39524002225437  42 20 5 74.39524002225437
105.77392002237457  89 20 5 90.77392002237457
106.14881002249356  0 20 5 98.14881002249356
106.89204002272947  67 20 5 95.89204002272947
107.95501002306688  41 20 5 76.95501002306688
108.30129002317679  79 20 5 63.30129002317679
108.6475700232867  44 20 5 80.6475700232867
108.99382002339661  99 20 5 93.99382002339661
109.34006002350651  57 20 5 60.34006002350651
109.68629002361641  21 20 5 82.68629002361641
110.37870002383619  52 20 5 109.37870002383619
110.72475002394603  2 20 5 63.72475002394603
111.07031002405571  81 20 5 105.07031002405571
111.4158500241654  29 20 5 70.4158500241654
111.76137002427507  60 20 5 102.76137002427507
112.10651002438462  71 20 5 77.10651002438462
112.7967300246037  86 20 5 76.7967300246037
113.14184002471325  61 20 5 90.14184002471325
113.48694002482279  84 20 5 96.48694002482279
114.52182002515127  3 20 5 91.52182002515127
114.86512002526024  70 20 5 109.86512002526024
115.20835002536919  10 20 5 68.20835002536919
115.45901002544875  68 20 5 107.45901002544875
115.69810002552464  24 20 5 71.69810002552464
115.93715002560052  23 20 5 94.93715002560052
116.17617002567638  32 20 5 79.17617002567638
116.41517002575225  36 20 5 99.41517002575225
116.6541400258281  53 20 5 66.6541400258281
116.89308002590394  72 20 5 66.89308002590394
117.13202002597978  73 20 5 103.13202002597978
117.36399002605341  30 20 5 88.36399002605341
117.58999002612515  31 20 5 71.58999002612515
117.8144400261964  77 20 5 110.8144400261964
118.03663002626692  76 20 5 94.03663002626692
118.25296002633559  63 20 5 107.25296002633559
118.46733002640363  17 20 5 84.46733002640363
118.67859002647069  1 20 5 107.67859002647069
118.88912002653751  48 20 5 88.88912002653751
119.09587002660314  45 20 5 80.09587002660314
119.29993002666791  6 20 5 102.29993002666791
119.4996600267313  55 20 5 79.4996600267313
119.69000002679172  35 20 5 106.69000002679172
119.87901002685172  26 20 5 89.87901002685172
120.06441002691056  98 20 5 96.06441002691056
120.23863002696586  22 20 5 95.23863002696586
120.40812002701966  43 20 5 77.40812002701966
120.54720002706381  33 20 5 106.54720002706381
120.68462002710743  19 20 5 101.68462002710743
120.79114002714124  75 20 5 76.79114002714124
120.87077002716651  4 20 5 116.87077002716651
120.94690002719068  12 20 5 117.94690002719068
121.02113002721424  18 20 5 77.02113002721424
