5.040359999978351  97 20 5 5.040359999978351
6.953699999905917  52 20 5 5.953699999905917
7.372409999890065  4 20 5 3.372409999890065
8.400399999851148  0 20 5 0.4003999998511478
8.819069999835298  68 20 5 0.8190699998352979
9.005179999828252  12 20 5 6.005179999828252
9.171829999821943  51 20 5 0.17182999982194325
9.360809999814789  95 20 5 6.360809999814789
10.536939999770263  59 20 5 3.5369399997702633
11.34609999973963  69 20 5 2.3460999997396303
11.984199999715473  49 20 5 2.9841999997154733
12.809599999684226  60 20 5 3.8095999996842256
13.035149999675687  28 20 5 5.035149999675687
13.228299999668375  77 20 5 6.2282999996683746
13.774589999647693  67 20 5 2.7745899996476933
14.522549999619377  85 20 5 1.5225499996193772
15.212519999593257  7 20 5 10.212519999593257
16.121189999558858  34 20 5 2.121189999558858
16.552559999542527  70 20 5 11.552559999542527
17.00341999952546  14 20 5 3.003419999525459
17.54541999950494  64 20 5 1.54541999950494
18.319269999475644  94 20 5 5.319269999475644
18.72031999946046  58 20 5 1.720319999460461
19.18287999944295  99 20 5 4.1828799994429495
19.478779999431747  50 20 5 5.478779999431747
20.00354999941188  84 20 5 3.003549999411881
20.678289999386337  81 20 5 14.678289999386337
21.018089999373473  83 20 5 2.0180899993734727
21.654639999349374  6 20 5 4.654639999349374
23.134579999293347  65 20 5 3.134579999293347
24.379879999246203  33 20 5 10.379879999246203
24.811729999229854  61 20 5 1.8117299992298541
25.111589999218502  20 20 5 12.111589999218502
25.365019999208908  89 20 5 10.365019999208908
27.125959999142243  11 20 5 4.125959999142243
27.31118999913523  36 20 5 10.31118999913523
27.76794999911794  22 20 5 2.7679499991179384
29.1583999990653  91 20 5 0.1583999990652991
30.141599999028077  3 20 5 7.141599999028077
30.57523999901166  88 20 5 13.57523999901166
31.011579998995142  82 20 5 27.011579998995142
31.037099998994176  42 20 5 0.03709999899417582
31.46517999897797  37 20 5 1.4651799989779697
32.55467999913378  78 20 5 7.554679999133782
34.28903999968429  41 20 5 3.2890399996842916
34.66409999980334  26 20 5 4.664099999803341
35.008929999912795  62 20 5 1.0089299999127945
35.528980000077865  30 20 5 6.5289800000778655
36.04832000024271  15 20 5 6.048320000242711
36.10522000026077  39 20 5 14.105220000260772
36.42574000036251  16 20 5 0.42574000036250936
36.826150000489605  74 20 5 0.826150000489605
37.415760000676755  93 20 5 9.415760000676755
38.52221000102796  87 20 5 4.522210001027958
39.28842000127116  5 20 5 1.288420001271163
40.69740000171839  38 20 5 17.697400001718393
41.04136000182757  76 20 5 17.04136000182757
41.79272000206606  8 20 5 1.792720002066062
42.2899800022239  54 20 5 0.2899800022238992
42.65724000234047  73 20 5 28.657240002340473
43.03788000246129  90 20 5 1.0378800024612929
43.31969000255074  80 20 5 3.319690002550743
44.35716000288005  75 20 5 0.35716000288005034
44.73401000299967  92 20 5 20.734010002999668
45.376660003203654  27 20 5 11.376660003203654
45.81633000334321  46 20 5 6.816330003343211
46.764000003644014  18 20 5 2.764000003644014
47.92757000401335  66 20 5 29.927570004013347
48.06145000405584  79 20 5 3.0614500040558426
48.3480100041468  43 20 5 5.348010004146801
49.99418000466932  55 20 5 9.994180004669317
50.90767000495927  31 20 5 4.907670004959272
52.45334000544989  96 20 5 6.453340005449888
55.06098000627759  9 20 5 7.060980006277589
57.8230300071543  72 20 5 7.823030007154301
60.69178000806488  24 20 5 16.69178000806488
63.87638000907572  2 20 5 16.876380009075717
68.309990010483  13 20 5 23.309990010483006
72.8211000119149  23 20 5 51.82110001191489
77.41663001337358  29 20 5 36.41663001337358
82.40943001495836  48 20 5 52.40943001495836
82.40944001495836  47 20 5 43.40944001495836
82.41069001495876  35 20 5 69.41069001495876
82.41084001495881  32 20 5 45.41084001495881
82.41440001495994  86 20 5 46.41440001495994
82.42729001496403  45 20 5 43.42729001496403
82.43046001496504  56 20 5 43.430460014965035
82.43471001496638  1 20 5 71.43471001496638
82.4442300149694  21 20 5 55.444230014969406
82.53283001499753  44 20 5 54.53283001499753
82.57221001501003  17 20 5 48.57221001501003
82.67131001504148  57 20 5 33.671310015041485
83.01087001514927  63 20 5 72.01087001514927
83.28100001523501  53 20 5 33.28100001523501
83.29760001524028  71 20 5 48.29760001524028
83.37493001526482  10 20 5 36.37493001526482
85.51482001594405  98 20 5 61.51482001594405
85.52746001594807  19 20 5 66.52746001594807
85.92489001607422  40 20 5 55.924890016074215
86.02572001610622  25 20 5 38.02572001610622
