0.4456300000003049  94 15 5 0.4456300000003049
1.5882100000019372  56 15 5 1.5882100000019372
1.879430000003845  85 15 5 1.879430000003845
2.8718500000103466  18 15 5 2.8718500000103466
4.137650000012526  4 15 5 0.1376500000125258
6.21636999993383  77 15 5 4.21636999993383
7.087689999900844  23 15 5 1.087689999900844
7.7615699998753325  79 15 5 6.7615699998753325
8.819989999835263  29 15 5 1.819989999835263
9.093489999824909  68 15 5 0.09348999982490902
10.179849999783782  26 15 5 2.179849999783782
10.651509999765926  22 15 5 3.651509999765926
11.674549999727196  30 15 5 7.674549999727196
12.500819999695915  96 15 5 0.5008199996959153
13.167989999670658  3 15 5 2.1679899996706578
14.599429999616467  47 15 5 10.599429999616467
15.511149999581951  40 15 5 7.511149999581951
16.625279999539774  80 15 5 6.625279999539774
17.038839999524118  89 15 5 0.038839999524117985
17.183219999518652  10 15 5 9.183219999518652
17.51425999950612  0 15 5 3.5142599995061197
18.018709999487022  9 15 5 1.0187099994870223
19.00536999944967  92 15 5 12.00536999944967
19.07723999944695  69 15 5 0.07723999944694881
21.263179999364194  81 15 5 9.263179999364194
22.046409999334543  35 15 5 1.0464099993345428
23.766229999269434  61 15 5 4.766229999269434
25.576089999200917  5 15 5 1.5760899992009172
26.037929999183433  1 15 5 0.03792999918343298
26.238049999175857  49 15 5 11.238049999175857
27.0134699991465  74 15 5 2.0134699991465013
27.069179999144392  75 15 5 21.069179999144392
27.23671999913805  45 15 5 1.2367199991380495
28.652429999084454  87 15 5 22.652429999084454
29.305829999059718  31 15 5 24.305829999059718
29.87658999903811  95 15 5 2.87658999903811
30.55863999901229  72 15 5 1.5586399990122892
31.514979998976084  12 15 5 2.5149799989760844
32.01074999896113  15 15 5 2.0107499989611313
32.223169999028556  32 15 5 20.223169999028556
32.6987199991795  98 15 5 1.6987199991795023
33.36043999938954  70 15 5 4.360439999389541
34.354989999705225  33 15 5 2.354989999705225
35.07548999993392  2 15 5 20.07548999993392
35.200669999973655  6 15 5 0.20066999997365542
35.503520000069784  91 15 5 1.5035200000697841
37.05495000056223  52 15 5 15.05495000056223
37.233690000618964  48 15 5 0.23369000061896372
38.20850000092838  76 15 5 8.208500000928382
38.68015000107809  93 15 5 4.68015000107809
39.81479000143824  16 15 5 0.8147900014382401
41.56541000199391  24 15 5 4.565410001993911
42.117230002169066  42 15 5 0.11723000216906598
42.693320002351925  58 15 5 1.6933200023519248
43.876790002727574  78 15 5 13.876790002727574
44.43784000290566  60 15 5 1.4378400029056593
45.00181000308467  28 15 5 5.001810003084671
45.458260003229555  38 15 5 12.458260003229555
45.993430003399425  36 15 5 0.9934300033994248
46.00268000340236  37 15 5 28.00268000340236
46.47238000355145  50 15 5 2.47238000355145
47.19110000377958  84 15 5 13.191100003779582
48.40132000416372  7 15 5 24.401320004163722
49.03723000436557  71 15 5 3.0372300043655684
49.11222000438937  34 15 5 0.1122200043893713
49.52525000452047  25 15 5 1.5252500045204727
50.351750004782815  54 15 5 2.351750004782815
51.03084000499837  64 15 5 47.03084000499837
52.56327000548478  66 15 5 3.5632700054847817
54.52021000610594  11 15 5 4.520210006105941
56.872990006852746  20 15 5 18.872990006852746
59.61223000772222  51 15 5 9.612230007722218
62.907040008768035  90 15 5 13.907040008768035
82.45446001497265  88 15 5 38.45446001497265
82.56028001500624  41 15 5 76.56028001500624
83.21094001521277  83 15 5 33.21094001521277
83.39771001527205  19 15 5 41.397710015272054
83.84934001541541  65 15 5 35.84934001541541
84.00177001546379  17 15 5 47.00177001546379
84.00772001546568  21 15 5 37.00772001546568
84.46826001561186  59 15 5 38.46826001561186
84.51582001562696  62 15 5 37.51582001562696
84.53167001563199  99 15 5 38.53167001563199
84.8855000157443  46 15 5 74.8855000157443
85.2818400158701  27 15 5 75.2818400158701
85.31416001588036  97 15 5 46.31416001588036
85.85789001605295  44 15 5 50.85789001605295
85.98743001609407  43 15 5 39.987430016094066
85.9969800160971  82 15 5 56.9969800160971
86.07599001612218  8 15 5 45.07599001612218
86.49267001625444  67 15 5 43.492670016254436
87.14021001645997  86 15 5 48.140210016459974
87.73616001664914  13 15 5 72.73616001664914
88.1336200167753  55 15 5 75.1336200167753
88.38118001685388  39 15 5 59.381180016853875
88.44316001687355  73 15 5 68.44316001687355
88.99076001704736  14 15 5 58.990760017047364
89.10728001708435  57 15 5 79.10728001708435
89.77290001729563  53 15 5 51.772900017295626
90.9532900176703  63 15 5 41.9532900176703
