0.4684500000003277  91 5 5 0.4684500000003277
1.4551100000010653  10 5 5 1.4551100000010653
3.767470000016214  80 5 5 1.767470000016214
4.178060000010996  72 5 5 0.17806000001099598
5.998479999942079  18 5 5 1.998479999942079
6.088079999938687  82 5 5 0.08807999993868698
8.825529999835053  81 5 5 8.825529999835053
9.453019999811298  79 5 5 5.453019999811298
10.731469999762899  14 5 5 0.7314699997628988
11.055929999750616  8 5 5 4.0559299997506155
12.054479999712813  41 5 5 4.054479999712813
13.597039999654415  69 5 5 0.5970399996544149
14.429149999622913  99 5 5 0.4291499996229131
14.880519999605825  44 5 5 12.880519999605825
15.490979999582715  76 5 5 7.490979999582715
16.3050299995519  23 5 5 0.30502999955189836
17.239169999516534  24 5 5 1.239169999516534
17.67112999950018  96 5 5 6.671129999500181
18.347039999474593  42 5 5 5.3470399994745925
19.84853999941775  93 5 5 0.8485399994177492
20.256009999402323  25 5 5 0.2560099994023233
21.20829999936627  11 5 5 6.208299999366272
21.769449999345028  39 5 5 20.769449999345028
22.185479999329278  97 5 5 13.185479999329278
22.497469999317467  28 5 5 4.497469999317467
22.9720299992995  29 5 5 1.972029999299501
24.183279999253646  9 5 5 5.183279999253646
24.472759999242687  92 5 5 0.47275999924268675
25.30582999921115  75 5 5 10.305829999211149
26.564399999163502  53 5 5 7.564399999163502
27.350169999133755  36 5 5 15.350169999133755
30.43709999901689  73 5 5 11.43709999901689
31.574899998973816  83 5 5 1.574899998973816
32.17317999901269  65 5 5 0.17317999901268877
34.4995099997511  6 5 5 4.499509999751098
35.206649999975554  17 5 5 10.206649999975554
35.46549000005771  46 5 5 3.465490000057713
36.14292000027274  87 5 5 0.14292000027273843
37.36071000065928  49 5 5 12.360710000659282
38.13374000090465  40 5 5 21.133740000904652
39.00061000117981  34 5 5 10.000610001179808
39.31299000127896  13 5 5 18.312990001278962
40.031150001506916  66 5 5 6.031150001506916
40.66065000170673  7 5 5 1.6606500017067276
41.77636000206087  12 5 5 2.776360002060869
42.04446000214597  21 5 5 3.044460002145968
42.88753000241357  90 5 5 6.88753000241357
43.749890002687295  70 5 5 1.7498900026872946
44.436720002905304  88 5 5 2.4367200029053038
45.06972000310623  43 5 5 14.069720003106227
45.84257000335154  15 5 5 2.8425700033515398
46.01938000340766  98 5 5 4.019380003407662
46.441520003541655  61 5 5 43.441520003541655
47.55547000389524  35 5 5 3.5554700038952376
48.95503000433948  60 5 5 7.955030004339477
50.243150004748344  26 5 5 7.243150004748344
50.743570004907184  5 5 5 8.743570004907184
51.850520005258545  89 5 5 5.850520005258545
53.83054000588703  52 5 5 5.8305400058870305
55.854130006529346  50 5 5 9.854130006529346
58.495700007367816  68 5 5 23.495700007367816
61.253960008243325  19 5 5 18.253960008243325
64.19430000917663  3 5 5 17.19430000917663
64.19431000917663  59 5 5 14.194310009176633
69.99563001101805  84 5 5 29.99563001101805
85.32294001588315  67 5 5 43.32294001588315
87.21309001648311  32 5 5 45.21309001648311
87.37330001653396  38 5 5 37.37330001653396
87.4329800165529  2 5 5 37.432980016552904
87.57394001659765  37 5 5 75.57394001659765
88.04658001674767  47 5 5 40.04658001674767
89.36380001716577  33 5 5 60.36380001716577
91.84270001795261  55 5 5 44.84270001795261
91.84389001795299  71 5 5 41.84389001795299
92.518130018167  27 5 5 44.518130018167
92.68949001822139  85 5 5 45.68949001822139
93.23794001839548  16 5 5 53.23794001839548
94.36630001875363  74 5 5 47.366300018753634
94.36671001875376  63 5 5 55.366710018753764
94.36975001875473  30 5 5 46.36975001875473
94.39402001876243  54 5 5 44.39402001876243
94.41180001876808  1 5 5 44.411800018768076
94.73451001887051  94 5 5 78.73451001887051
95.19050001901525  77 5 5 52.190500019015246
95.49349001911142  95 5 5 73.49349001911142
95.74644001919171  45 5 5 88.74644001919171
96.11542001930883  56 5 5 49.11542001930883
97.67751001980466  51 5 5 76.67751001980466
100.02892002055103  20 5 5 92.02892002055103
103.35556002160695  64 5 5 53.35556002160695
106.88509002272727  4 5 5 69.88509002272727
106.88510002272727  48 5 5 100.88510002272727
106.88567002272745  62 5 5 79.88567002272745
106.88816002272824  22 5 5 84.88816002272824
106.97703002275645  31 5 5 81.97703002275645
107.18554002282264  57 5 5 62.185540022822636
107.60561002295597  0 5 5 102.60561002295597
108.26663002316579  58 5 5 61.26663002316579
109.21730002346754  78 5 5 65.21730002346754
110.8327000239803  86 5 5 103.8327000239803
