2.102860000005309  8 10 5 2.102860000005309
4.501859999998738  25 10 5 3.5018599999987376
9.078619999825472  97 10 5 5.078619999825472
11.080709999749677  70 10 5 3.0807099997496774
11.419489999736852  87 10 5 6.419489999736852
12.111499999710654  71 10 5 1.111499999710654
12.311079999703098  23 10 5 4.311079999703098
13.84968999964485  65 10 5 3.84968999964485
14.907399999604808  0 10 5 3.9073999996048077
15.097689999597604  36 10 5 2.0976899995976037
15.878659999568038  83 10 5 2.878659999568038
17.099129999521836  73 10 5 9.099129999521836
17.342729999512613  4 10 5 0.3427299995126134
18.017089999487084  58 10 5 1.0170899994870837
18.193719999480397  27 10 5 1.1937199994803969
18.548489999466966  76 10 5 4.548489999466966
19.35717999943635  53 10 5 8.357179999436351
20.195539999404613  92 10 5 2.1955399994046125
21.543889999353567  90 10 5 8.543889999353567
22.02773999933525  56 10 5 2.0277399993352496
22.968189999299646  21 10 5 3.9681899992996463
23.280739999287814  45 10 5 11.280739999287814
24.81656999922967  51 10 5 0.8165699992296709
26.062239999182513  13 10 5 8.062239999182513
26.355169999171423  52 10 5 6.355169999171423
26.893639999151038  50 10 5 14.893639999151038
27.49873999912813  10 10 5 7.49873999912813
28.004659999108977  60 10 5 1.004659999108977
28.047849999107342  63 10 5 5.047849999107342
28.54709999908844  80 10 5 4.5470999990884415
29.439019999054675  12 10 5 2.4390199990546755
30.367299999019533  67 10 5 0.3672999990195329
30.95407999899732  57 10 5 2.9540799989973188
31.18856999898844  41 10 5 0.1885699989884415
32.11885999899545  26 10 5 5.118859998995447
33.292749999368056  9 10 5 9.292749999368056
34.208929999658864  17 10 5 3.2089299996588636
34.96306999989824  95 10 5 9.963069999898238
36.63755000042974  28 10 5 24.63755000042974
38.381380000983256  44 10 5 19.381380000983256
38.81972000112239  59 10 5 14.819720001122391
39.10090000121164  77 10 5 10.100900001211642
39.35520000129236  34 10 5 8.35520000129236
40.07504000152085  93 10 5 20.075040001520847
40.90384000178392  66 10 5 1.9038400017839194
42.09737000216276  47 10 5 22.097370002162762
42.30437000222847  74 10 5 4.304370002228467
42.63640000233386  32 10 5 23.636400002333858
43.229470002522106  48 10 5 17.229470002522106
45.28683000317514  3 10 5 2.2868300031751403
46.15714000345139  79 10 5 14.157140003451389
46.74691000363859  84 10 5 0.7469100036385896
47.268390003804114  68 10 5 3.2683900038041145
48.782910004284844  5 10 5 6.782910004284844
49.70022000457601  42 10 5 2.7002200045760105
50.23747000474654  7 10 5 0.237470004746541
51.66227000519879  96 10 5 8.662270005198792
53.16233000567493  31 10 5 4.1623300056749315
55.611860006452446  22 10 5 6.611860006452446
58.20445000727537  94 10 5 8.20445000727537
60.968180008152615  2 10 5 19.968180008152615
64.1252100091547  29 10 5 46.1252100091547
67.55715001024404  43 10 5 18.557150010244044
71.00986001133998  98 10 5 44.00986001133998
74.5715300124705  19 10 5 49.571530012470504
90.98374001767996  78 10 5 72.98374001767996
91.44107001782513  88 10 5 64.44107001782513
91.9457100179853  49 10 5 78.9457100179853
91.9929700180003  37 10 5 59.99297001800031
92.77947001824995  61 10 5 58.77947001824995
93.7956500185725  6 10 5 43.7956500185725
93.81262001857789  55 10 5 65.81262001857789
93.91275001860967  18 10 5 50.91275001860967
94.04656001865214  86 10 5 79.04656001865214
94.22586001870906  14 10 5 68.22586001870906
94.41704001876974  81 10 5 46.41704001876974
94.42177001877124  15 10 5 51.42177001877124
94.99929001895455  46 10 5 79.99929001895455
95.12854001899558  16 10 5 50.12854001899558
95.19424001901643  89 10 5 73.19424001901643
95.26132001903773  62 10 5 54.261320019037726
95.79390001920677  40 10 5 82.79390001920677
95.86662001922986  91 10 5 67.86662001922986
96.16200001932361  72 10 5 66.16200001932361
96.19508001933411  69 10 5 63.195080019334114
96.2240400193433  99 10 5 81.2240400193433
97.75659001982976  75 10 5 74.75659001982976
98.54019002007848  64 10 5 76.54019002007848
98.94945002020839  33 10 5 68.94945002020839
99.58700002041076  11 10 5 51.587000020410755
99.58750002041091  35 10 5 78.58750002041091
99.59066002041192  24 10 5 73.59066002041192
99.61968002042113  39 10 5 50.61968002042113
100.32764002064584  20 10 5 67.32764002064584
100.35343002065403  30 10 5 79.35343002065403
101.09107002088817  85 10 5 51.09107002088817
101.93679002115661  1 10 5 70.93679002115661
103.18379002155243  54 10 5 75.18379002155243
104.50365002197137  82 10 5 89.50365002197137
105.72827002236008  38 10 5 83.72827002236008
