2.9516700000108695  63 9 9 1.9516700000108695
5.251529999970357  60 9 8 5.251529999970357
8.33322999985369  5 3 3 4.333229999853691
10.673289999765101  3 6 2 5.673289999765101
17.681059999499805  20 5 5 5.681059999499805
18.549579999466925  22 4 2 11.549579999466925
18.667989999462442  24 9 3 3.667989999462442
22.495679999317534  48 9 5 22.495679999317534
25.723089999195352  96 3 3 25.723089999195352
26.542329999164338  14 5 3 10.542329999164338
28.941879999073496  19 5 5 22.941879999073496
29.93361999903595  47 7 7 29.93361999903595
34.991159999907154  27 5 2 17.991159999907154
36.476700000378685  28 4 3 1.4767000003786848
37.86351000081888  49 9 9 31.863510000818877
38.83978000112876  1 7 6 15.839780001128759
38.859930001135154  42 6 6 24.859930001135154
39.7781200014266  51 5 4 13.7781200014266
40.02495000150495  50 7 3 16.024950001504948
40.62424000169517  64 3 2 7.624240001695171
41.1488900018617  82 7 2 37.1488900018617
41.47052000196379  54 7 2 5.470520001963791
42.136920002175316  0 6 4 28.136920002175316
42.41496000226357  87 5 5 36.41496000226357
42.84148000239895  17 6 6 41.84148000239895
43.16653000250213  55 9 8 28.166530002502128
43.35401000256164  56 4 2 34.35401000256164
43.953740002752  40 7 7 6.953740002751999
45.60959000327759  72 3 3 9.609590003277589
46.66878000361379  58 8 8 37.66878000361379
47.15471000376803  57 6 3 43.15471000376803
48.038140004048444  88 3 3 35.038140004048444
48.37835000415643  90 9 9 39.37835000415643
48.96603000434297  35 7 3 12.966030004342969
50.08426000469791  81 5 2 40.08426000469791
50.15224000471949  69 9 9 37.15224000471949
50.95671000497484  37 3 2 27.956710004974838
51.44135000512867  16 3 3 1.441350005128669
51.73692000522249  71 7 2 20.736920005222487
52.77021000555047  68 8 4 29.770210005550467
54.824780006202616  77 6 3 20.824780006202616
55.36909000637539  83 9 6 42.36909000637539
55.851890006528635  21 6 2 51.851890006528635
55.92335000655132  70 5 5 12.923350006551317
57.549050007067336  39 3 3 26.549050007067336
58.664120007421275  73 4 2 27.664120007421275
58.952140007512696  93 4 4 20.952140007512696
60.739610008080064  31 8 5 32.739610008080064
60.94394000814492  38 8 4 43.94394000814492
62.163400008531994  74 7 5 57.163400008531994
62.41942000861326  25 8 7 43.41942000861326
62.99186000879496  86 6 2 21.99186000879496
63.87452000907513  43 8 3 51.87452000907513
64.27385000920188  76 3 3 48.27385000920188
64.47930000926709  91 8 2 20.479300009267092
64.81097000937237  80 7 2 31.81097000937237
65.34756000954269  44 3 2 48.34756000954269
66.04026000976256  84 6 2 16.040260009762562
66.81020001000695  45 5 5 51.81020001000695
67.72825001029835  53 9 5 53.72825001029835
67.83359001033179  6 3 2 29.83359001033179
67.96321001037293  59 3 3 36.96321001037293
68.55939001056217  98 5 4 27.55939001056217
69.71297001092833  4 6 2 64.71297001092833
69.730810010934  9 9 8 29.730810010933993
69.95661001100567  41 3 3 33.956610011005665
70.77475001126535  95 7 5 54.774750011265354
70.92476001131297  52 7 3 33.92476001131297
71.06659001135799  18 7 2 47.06659001135799
71.55064001151163  62 3 3 24.550640011511632
71.92605001163079  8 3 2 27.926050011630792
74.23366001236326  85 9 3 55.23366001236326
74.90361001257591  92 7 4 55.90361001257591
76.0522200129405  23 4 3 39.052220012940495
76.18819001298365  32 5 2 41.188190012983654
76.49893001308229  15 3 2 44.49893001308229
76.5118900130864  67 6 5 60.5118900130864
76.6354000131256  13 5 5 60.635400013125604
77.75408001348069  7 5 4 34.75408001348069
78.79857001381222  65 9 3 68.79857001381222
79.4200800140095  26 4 4 42.4200800140095
80.12719001423395  12 4 2 68.12719001423395
80.16805001424692  36 7 5 42.168050014246916
82.34439001493772  75 5 4 68.34439001493772
82.41875001496132  78 8 3 45.41875001496132
82.47064001497779  89 9 6 58.47064001497779
82.69512001504904  29 4 4 38.69512001504904
82.92733001512275  11 6 6 67.92733001512275
83.58323001533094  2 6 5 78.58323001533094
84.03462001547422  61 4 4 64.03462001547422
84.41222001559407  34 6 6 60.41222001559407
85.1926600158418  79 4 2 51.192660015841795
85.5508600159555  33 6 6 48.55086001595549
85.56610001596033  46 6 6 58.56610001596033
85.84044001604741  97 7 5 42.84044001604741
85.90015001606636  94 4 4 36.90015001606636
87.20599001648085  10 7 3 79.20599001648085
87.9260200167094  30 8 8 52.9260200167094
88.54967001690736  99 4 3 48.549670016907356
89.36975001716766  66 7 6 39.36975001716766
