1.2104199999994623  76 4 2 1.2104199999994623
3.562000000014868  42 6 4 1.562000000014868
5.061539999977549  71 7 2 1.0615399999775494
8.752819999837806  2 9 9 1.752819999837806
9.564879999807063  57 8 8 6.564879999807063
10.037339999789177  24 4 4 2.037339999789177
10.77503999976125  46 7 2 8.77503999976125
16.598819999540776  88 7 4 3.598819999540776
18.740769999459687  8 9 3 7.740769999459687
19.407499999434446  31 5 5 2.407499999434446
20.657259999387133  30 4 2 5.657259999387133
21.50917999935488  32 6 2 9.509179999354881
21.606259999351206  26 3 3 10.606259999351206
21.743189999346022  87 9 2 10.743189999346022
22.241239999327167  47 8 6 18.241239999327167
25.855339999190345  79 5 3 13.855339999190345
26.801319999154533  75 7 5 15.801319999154533
28.874259999076056  84 5 5 9.874259999076056
29.454919999054074  28 6 4 26.454919999054074
29.821489999040196  9 3 3 9.821489999040196
30.868809999000547  60 5 3 6.868809999000547
31.931319998960323  36 3 2 31.931319998960323
32.000489998957875  21 3 3 4.899989578746045E-4
33.0997599993068  45 6 5 10.099759999306798
33.66170999948517  83 8 8 10.661709999485169
33.9270699995694  10 6 5 21.927069999569397
36.11158000026279  5 7 6 36.11158000026279
36.643830000431734  85 6 6 27.643830000431734
37.93870000084274  73 8 4 15.938700000842744
38.703320001085444  59 9 4 12.703320001085444
39.96429000148569  16 3 2 11.964290001485693
40.67275000171057  6 7 7 14.672750001710568
41.00696000181665  63 5 4 6.006960001816651
43.31235000254841  7 5 2 24.312350002548413
43.42148000258305  14 8 4 18.421480002583053
43.692960002669224  29 8 7 4.692960002669224
43.99097000276382  61 7 3 15.990970002763817
46.283840003491605  40 9 9 26.283840003491605
47.134690003761676  78 3 2 9.134690003761676
47.35104000383035  86 6 5 21.35104000383035
47.90440000400599  74 3 2 27.904400004005993
48.90243000432278  13 8 5 28.90243000432278
50.431550004808145  81 4 2 0.43155000480814465
51.90132000527467  55 5 5 12.90132000527467
53.49926000578188  44 7 3 26.499260005781878
53.93440000592  48 3 3 46.93440000592
53.99276000593852  33 5 4 25.99276000593852
54.31981000604233  93 9 4 24.31981000604233
54.7762200061872  56 9 4 22.776220006187202
54.79881000619437  98 8 4 52.79881000619437
55.395740006383846  97 6 4 19.395740006383846
56.51502000673912  68 8 4 45.51502000673912
56.62368000677361  19 6 2 41.62368000677361
57.01374000689742  65 5 3 12.013740006897422
57.83093000715681  72 6 5 10.830930007156809
58.19283000727168  96 3 3 35.19283000727168
59.218760007597325  62 4 2 38.218760007597325
60.6697800080579  69 8 3 31.6697800080579
61.43651000830127  35 8 3 16.43651000830127
62.8940200087639  90 4 3 35.8940200087639
63.794020009049575  92 7 3 18.794020009049575
66.01302000975392  1 5 3 30.013020009753916
66.10943000978452  91 8 6 37.10943000978452
66.15102000979772  34 4 4 44.15102000979772
67.30449001016385  51 4 3 66.30449001016385
67.56787001024745  15 6 5 36.56787001024745
68.20485001044963  11 3 2 51.20485001044963
69.78621001095158  17 5 5 22.786210010951578
70.29992001111464  12 8 2 24.299920011114637
70.41094001114988  67 7 7 68.41094001114988
70.65450001122719  53 3 2 34.654500011227185
70.72730001125029  66 3 3 36.72730001125029
72.58014001183841  38 6 5 47.58014001183841
73.4219100121056  41 8 2 41.4219100121056
74.62113001248625  39 4 4 33.62113001248625
76.90116001320996  58 4 3 37.90116001320996
77.02325001324871  49 9 6 45.02325001324871
77.86458001351576  99 5 4 48.86458001351576
77.88349001352177  22 6 6 28.883490013521765
77.8993500135268  80 6 5 37.8993500135268
78.2172200136277  52 4 2 37.217220013627696
79.2093300139426  0 5 3 29.209330013942605
80.8752700144714  37 5 2 48.8752700144714
83.879570015425  54 7 5 37.879570015425
84.67368001567706  77 5 5 43.673680015677064
84.94402001576287  82 7 3 61.944020015762874
85.47605001593175  4 4 2 50.47605001593175
85.83912001604699  23 8 8 36.83912001604699
86.22293001616882  20 9 2 53.22293001616882
86.62314001629585  64 4 2 42.62314001629585
88.8840600170135  50 8 6 39.884060017013496
91.52097001785049  27 7 6 68.52097001785049
92.77952001824997  25 7 5 61.77952001824997
93.57673001850301  89 7 6 66.57673001850301
94.37905001875768  70 5 3 72.37905001875768
94.96380001894329  95 9 7 64.96380001894329
96.87353001954946  18 6 2 50.87353001954946
99.42769002036019  94 3 3 65.42769002036019
100.85546002081338  3 9 7 59.85546002081338
101.57030002104028  43 8 3 51.57030002104028
