1.0965999999987166  94 5 3 0.0965999999987166
4.069410000015109  93 4 3 4.069410000015109
4.127050000012927  76 6 4 3.127050000012927
4.397560000002686  33 6 2 4.397560000002686
6.340639999929126  38 9 2 2.3406399999291256
6.764539999913078  20 3 2 4.764539999913078
9.577579999806582  92 7 4 2.5775799998065825
10.593349999768128  35 6 5 0.5933499997681277
11.2359599997438  99 4 3 11.2359599997438
11.586639999730524  49 5 3 10.586639999730524
12.078699999711896  31 8 3 10.078699999711896
12.295119999703703  96 4 4 2.2951199997037026
13.259089999667209  91 9 5 1.259089999667209
13.743339999648876  62 3 3 4.743339999648876
15.667069999576048  58 3 2 4.667069999576048
17.24318999951638  70 8 3 11.243189999516382
17.385359999511  32 6 2 12.385359999511
18.017629999487063  21 7 4 10.017629999487063
19.122689999445228  88 7 7 14.122689999445228
20.835189999380397  26 8 6 7.835189999380397
25.988279999185313  16 4 2 16.988279999185313
26.09560999918125  51 7 6 16.09560999918125
29.26563999906124  28 7 3 21.26563999906124
31.747399998967285  56 6 3 25.747399998967285
33.426829999410614  0 4 2 17.426829999410614
33.61050999946892  43 3 2 19.610509999468917
34.14049999963714  47 9 7 11.140499999637143
36.73560000046086  95 3 3 20.735600000460863
37.29672000063897  19 5 3 16.29672000063897
37.49331000070137  1 8 5 14.49331000070137
37.69232000076454  27 4 4 12.69232000076454
37.6950400007654  41 6 3 1.6950400007654025
38.80595000111802  11 4 3 9.80595000111802
39.179770001236676  36 3 2 14.179770001236676
39.27791000126783  48 3 3 28.277910001267827
39.369460001296886  85 8 3 16.369460001296886
39.404870001308126  97 6 2 21.404870001308126
40.02235000150412  50 8 3 26.022350001504122
40.18101000155448  7 9 2 4.181010001554483
41.97361000212348  77 5 4 2.973610002123479
42.39064000225585  87 5 3 26.39064000225585
42.79334000238367  3 4 2 12.793340002383673
43.04881000246476  39 5 2 0.04881000246476219
45.66605000329551  5 5 5 20.66605000329551
47.236980003794145  18 4 4 34.236980003794145
50.14876000471838  13 8 6 17.148760004718383
50.15209000471944  71 9 2 21.15209000471944
51.60219000517972  82 6 4 6.602190005179722
51.83201000525267  23 3 2 26.83201000525267
52.08329000533243  86 7 2 21.08329000533243
52.2996300054011  42 7 7 18.2996300054011
52.34553000541567  22 9 9 21.345530005415668
52.72727000553684  98 3 2 20.727270005536838
55.58753000644472  17 7 5 42.58753000644472
55.7991700065119  75 8 3 24.7991700065119
57.28363000698309  8 7 4 7.283630006983088
57.63472000709453  25 6 6 15.63472000709453
58.07780000723517  44 5 3 20.07780000723517
58.25865000729257  84 3 2 22.258650007292573
59.61667000772363  59 4 3 23.616670007723627
60.343920007954466  65 8 6 34.343920007954466
61.83180000842674  24 3 3 39.83180000842674
62.02947000848948  89 3 2 49.02947000848948
62.56760000866029  57 3 2 15.567600008660293
62.61577000867558  79 8 2 16.615770008675582
64.29078000920725  45 4 2 22.290780009207253
64.90567000940243  52 3 3 21.905670009402428
65.19440000949407  2 5 3 25.194400009494075
65.6097100096259  37 4 4 28.6097100096259
65.98784000974592  40 4 2 33.98784000974592
66.0239800097574  34 9 5 23.023980009757395
66.0980400097809  72 4 4 47.0980400097809
67.74149001030256  54 7 5 50.741490010302556
67.96149001037239  29 8 7 28.961490010372387
71.30523001143374  67 6 5 39.305230011433736
73.08157001199757  78 3 2 25.08157001199757
73.26744001205657  9 5 3 40.26744001205657
73.60500001216371  64 9 5 28.605000012163714
73.694120012192  66 9 5 23.694120012192002
74.55612001246561  74 8 6 56.55612001246561
74.55786001246616  53 4 4 50.557860012466165
75.09047001263522  55 7 3 65.09047001263522
75.9038300128934  46 9 3 33.903830012893394
75.95345001290914  30 7 7 26.953450012909144
77.85734001351346  12 7 6 29.857340013513465
77.95774001354533  81 7 7 29.957740013545333
78.7153100137858  83 5 2 39.715310013785796
78.86929001383467  69 4 3 60.86929001383467
79.25669001395764  68 9 6 45.25669001395764
81.52015001467609  73 7 5 60.52015001467609
85.49563001593796  61 9 5 40.49563001593796
88.55350001690857  63 4 4 72.55350001690857
90.09679001739843  80 6 6 42.09679001739843
90.27819001745601  60 9 8 68.27819001745601
91.29566001777897  6 5 4 72.29566001777897
92.499220018161  10 8 2 55.499220018161
97.9911000199042  15 6 6 52.991100019904195
98.15918001995755  90 4 3 72.15918001995755
98.31198002000605  14 4 3 71.31198002000605
98.62684002010599  4 7 5 57.62684002010599
