0.7163799999993745  41 6 5 0.7163799999993745
5.774539999950557  84 3 2 5.774539999950557
6.119879999937483  70 6 4 6.119879999937483
8.12114999986172  10 6 3 4.12114999986172
10.301469999779178  43 7 2 9.301469999779178
10.403679999775308  85 6 2 4.403679999775308
11.094139999749169  97 7 6 0.09413999974916898
12.52735999969491  46 4 2 10.52735999969491
12.784179999685188  5 9 7 8.784179999685188
13.359059999663424  88 4 2 11.359059999663424
14.323719999626904  14 7 6 2.3237199996269045
15.358439999587732  61 6 2 15.358439999587732
18.412959999472097  99 7 5 10.412959999472097
19.61579999942656  12 4 2 18.61579999942656
19.875099999416744  15 7 7 9.875099999416744
19.91478999941524  86 7 6 15.914789999415241
19.96504999941334  64 3 2 11.965049999413338
20.871449999379024  80 6 5 14.871449999379024
21.32716999936177  55 8 2 0.3271699993617716
22.771239999307102  92 5 2 19.771239999307102
22.844869999304315  45 3 3 14.844869999304315
25.106029999218713  98 3 2 3.1060299992187126
25.377829999208423  83 7 3 21.377829999208423
26.045069999183163  8 4 3 21.045069999183163
26.444099999168056  32 3 3 11.444099999168056
26.919279999150067  27 5 5 23.919279999150067
28.05768999910697  95 6 4 1.0576899991069695
28.96370999907267  71 9 5 27.96370999907267
29.06908999906868  25 4 3 9.06908999906868
29.35934999905769  7 7 4 24.35934999905769
30.558829999012282  1 3 3 14.558829999012282
30.716459999006315  50 4 2 18.716459999006315
31.2980099989843  51 6 5 3.2980099989842984
31.583979998973472  33 6 6 20.583979998973472
32.53472999912745  74 6 5 10.53472999912745
32.63661999915979  87 3 2 28.63661999915979
32.80670999921378  19 9 8 21.80670999921378
33.12562999931501  96 5 4 8.12562999931501
33.74641999951206  26 5 5 15.746419999512057
34.16596999964523  94 5 2 16.165969999645228
35.35515000002269  60 8 8 8.35515000002269
35.66502000012105  58 6 3 18.665020000121046
36.3948300003527  2 5 4 29.394830000352698
37.149830000592345  40 7 6 28.149830000592345
37.97318000085369  77 4 4 3.973180000853688
38.10475000089545  81 8 7 31.10475000089545
39.54978000135412  73 4 4 7.549780001354122
39.77966000142709  37 7 3 4.779660001427089
40.15294000154557  75 7 7 24.152940001545574
40.206380001562536  65 5 4 22.206380001562536
40.45150000164034  36 5 4 22.45150000164034
41.349270001925305  52 9 5 21.349270001925305
41.673960002028366  56 7 7 29.673960002028366
42.51454000229518  28 3 2 16.514540002295178
43.92592000274317  67 4 3 27.92592000274317
47.08228000374504  39 5 5 11.08228000374504
47.729810003950575  63 4 3 34.729810003950575
48.20674000410196  53 3 3 14.20674000410196
48.49933000419483  29 3 3 41.49933000419483
50.63418000487246  4 8 5 9.634180004872462
50.77531000491726  30 7 4 11.775310004917259
54.06033000595997  20 5 4 15.060330005959969
55.042440006271704  66 9 2 20.042440006271704
57.51810000705751  49 7 3 36.51810000705751
57.83075000715675  34 3 3 23.83075000715675
58.175360007266136  47 5 2 16.175360007266136
58.32348000731315  23 4 2 8.323480007313151
59.00912000753078  82 5 5 21.009120007530782
59.33673000763477  69 3 3 39.33673000763477
59.929630007822965  31 3 3 11.929630007822965
60.079250007870456  18 3 3 17.079250007870456
60.611110008039276  57 3 3 45.611110008039276
60.674210008059305  9 3 2 23.674210008059305
61.76082000840421  78 5 2 27.76082000840421
63.4585800089431  62 9 3 25.458580008943102
63.76212000903945  72 5 2 47.76212000903945
63.944860009097454  16 9 2 18.944860009097454
64.55331000929058  42 7 4 35.553310009290584
65.40250000956013  17 8 4 28.40250000956013
66.14742000979658  91 9 6 45.147420009796576
66.2473500098283  6 9 2 35.247350009828295
66.34434000985908  35 9 7 16.34434000985908
66.91655001004071  59 6 5 38.91655001004071
67.42391001020175  11 8 5 21.42391001020175
68.6644100105955  3 8 3 54.6644100105955
68.98316001069668  89 3 3 18.98316001069668
69.0635800107222  24 3 3 34.063580010722205
69.18133001075958  38 7 3 20.18133001075958
70.22021001108934  44 6 5 46.220210011089335
73.31125001207047  68 5 5 26.311250012070474
73.78150001221974  13 6 5 28.781500012219738
73.93630001226887  22 9 6 36.93630001226887
75.4000900127335  93 7 6 39.4000900127335
75.62463001280477  48 5 4 28.624630012804772
76.1089400129585  90 4 3 26.1089400129585
77.03070001325108  79 5 3 28.030700013251078
78.14785001360568  54 8 8 40.14785001360568
78.61740001375472  76 5 5 31.617400013754718
81.17099001456526  21 9 2 37.17099001456526
81.95267001481338  0 7 4 36.95267001481338
