2.543860000008198  9 7 5 2.543860000008198
7.425799999888044  98 3 2 5.425799999888044
7.565129999882769  17 8 4 3.5651299998827692
8.834569999834711  64 5 5 7.834569999834711
9.295649999817256  66 6 2 0.2956499998172557
12.480939999696668  80 3 2 2.480939999696668
12.634929999690838  2 6 4 9.634929999690838
15.889499999567628  94 5 4 2.8894999995676276
17.49129999950699  71 7 4 16.49129999950699
17.49598999950681  43 9 2 11.495989999506811
18.935709999452307  95 3 3 1.9357099994523068
19.037489999448454  19 3 3 1.0374899994484537
20.57706999939017  53 5 3 12.577069999390169
21.044219999372483  27 3 3 13.044219999372483
22.43085999931999  29 9 8 7.430859999319988
22.436439999319777  13 4 4 15.436439999319777
25.63015999919887  18 4 2 17.63015999919887
25.789519999192837  36 3 3 25.789519999192837
26.074089999182064  63 8 6 18.074089999182064
26.415579999169136  31 6 2 9.415579999169136
26.87244999915184  40 9 3 14.87244999915184
27.447179999130082  97 8 4 9.447179999130082
28.16545999910289  72 9 9 20.16545999910289
29.161899999065167  15 6 2 14.161899999065167
29.580559999049317  32 7 4 8.580559999049317
31.154219998989742  67 7 4 18.154219998989742
31.38912999898085  99 7 2 26.38912999898085
32.13164999899951  60 8 5 16.131649998999507
32.71118999918346  61 7 2 21.71118999918346
35.07230999993291  0 3 3 21.072309999932912
35.31057000000854  35 8 7 32.31057000000854
36.47589000037843  33 3 3 28.475890000378428
37.038240000556925  30 4 2 16.038240000556925
37.701000000767294  81 5 3 6.701000000767294
38.12857000090301  96 4 2 18.12857000090301
38.64739000106769  6 7 2 14.647390001067691
41.46123000196084  91 6 4 15.461230001960843
43.704340002672836  14 9 5 15.704340002672836
44.18709000282607  55 3 3 10.187090002826068
44.67420000298068  21 9 6 28.674200002980683
49.66663000456535  42 7 5 44.66663000456535
50.18831000473094  59 6 3 2.188310004730937
50.57340000485317  20 5 4 1.5734000048531698
51.27359000507542  89 3 2 33.27359000507542
53.12054000566167  5 7 4 16.120540005661667
54.365600006056866  58 7 5 15.365600006056866
55.21229000632562  92 7 2 16.212290006325617
56.85329000684649  69 3 3 12.853290006846493
56.97404000688482  49 3 3 36.97404000688482
57.214690006961206  50 6 5 24.214690006961206
57.22772000696534  90 4 2 45.22772000696534
57.85451000716429  47 8 7 29.854510007164293
58.54969000738495  8 6 5 32.54969000738495
59.415000007659614  4 3 3 35.415000007659614
59.48811000768282  51 4 4 28.48811000768282
60.600790008036  88 8 4 56.600790008036
63.16457000884978  52 4 3 52.16457000884978
64.40570000924373  26 7 2 22.40570000924373
64.59296000930317  44 4 4 41.59296000930317
64.71334000934138  65 8 4 25.71334000934138
65.1232600094715  12 6 2 42.123260009471494
65.29614000952637  62 8 4 61.29614000952637
66.88543001003083  45 4 3 38.88543001003083
67.5022000102266  25 4 2 36.5022000102266
67.76961001031148  82 4 4 19.76961001031148
71.89009001161938  77 8 5 38.89009001161938
71.97903001164761  93 8 6 24.97903001164761
72.46010001180031  68 4 4 42.46010001180031
73.26647001205626  16 5 3 51.26647001205626
73.78231001222  79 7 6 44.782310012219995
76.35798001303755  34 9 6 57.35798001303755
77.80045001349541  73 3 2 44.80045001349541
78.0146700135634  56 5 2 41.0146700135634
78.35184001367043  54 9 2 65.35184001367043
79.15557001392554  1 6 4 29.15557001392554
80.21100001426055  86 8 3 69.21100001426055
81.68131001472725  76 3 2 36.681310014727245
82.35809001494206  28 8 8 59.358090014942064
83.74690001538289  11 7 6 38.74690001538289
83.81099001540323  37 3 3 47.810990015403235
85.99033001609499  83 9 6 64.99033001609499
86.053360016115  24 3 3 40.05336001611499
86.39225001622256  84 3 2 47.39225001622256
87.78155001666354  39 6 5 66.78155001666354
88.87869001701179  38 4 3 54.87869001701179
90.27543001745514  74 3 3 68.27543001745514
90.87464001764533  70 7 2 66.87464001764533
90.8972300176525  75 3 3 53.897230017652504
93.86240001859369  85 4 4 52.86240001859369
93.87739001859845  10 6 6 49.87739001859845
95.92772001924925  7 8 4 64.92772001924925
96.2088800193385  78 9 4 56.208880019338494
96.36983001938958  57 5 5 62.36983001938958
96.72530001950241  48 9 3 72.72530001950241
98.34028002001503  23 4 2 61.34028002001503
98.43856002004622  3 6 4 58.438560020046225
99.22458002029572  22 7 3 52.22458002029572
99.9409400205231  46 7 5 51.9409400205231
101.66700002107098  41 9 8 63.667000021070976
102.42143002131044  87 7 6 61.42143002131044
