0.8859599999986028  9 7 5 0.8859599999986028
4.492849999999079  98 3 2 2.4928499999990787
6.141539999936663  36 3 3 6.141539999936663
7.918649999869386  64 5 5 6.918649999869386
9.527419999808481  17 8 4 5.527419999808481
11.215719999744566  35 8 7 8.215719999744566
11.405939999737365  71 7 4 10.405939999737365
12.188639999707734  18 4 2 4.188639999707734
13.383949999662482  2 6 4 10.383949999662482
16.299539999552106  43 9 2 10.299539999552106
16.878799999530177  88 8 4 12.878799999530177
17.492699999506936  62 8 4 13.492699999506936
18.87701999945453  80 3 2 8.877019999454529
19.99673999941214  42 7 5 14.996739999412139
20.037969999410578  99 7 2 15.037969999410578
20.218679999403737  63 8 6 12.218679999403737
20.317239999400005  66 6 2 11.317239999400005
21.062059999371808  27 3 3 13.062059999371808
21.855579999341767  90 4 2 9.855579999341767
21.900799999340055  33 3 3 13.900799999340055
21.992939999336567  13 4 4 14.992939999336567
23.23859999928941  53 5 3 15.23859999928941
25.710269999195837  72 9 9 17.710269999195837
26.805729999154366  96 4 2 6.805729999154366
27.549339999126214  54 9 2 14.549339999126214
28.239349999100092  40 9 3 16.239349999100092
28.587229999086922  52 4 3 17.587229999086922
28.67917999908344  94 5 4 15.679179999083441
29.25712999906156  89 3 2 11.257129999061561
29.52662999905136  30 4 2 8.526629999051359
29.896729999037348  61 7 2 18.896729999037348
30.919609998998624  32 7 4 9.919609998998624
31.266449998985493  67 7 4 18.266449998985493
32.41982999909098  0 3 3 18.41982999909098
34.26819999967768  97 8 4 16.268199999677677
34.5886799997794  31 6 2 17.5886799997794
35.03892999992232  86 8 3 24.038929999922317
35.825250000171906  29 9 8 20.825250000171906
37.28667000063578  44 4 4 14.28667000063578
37.72600000077523  15 6 2 22.72600000077523
38.415940000994226  49 3 3 18.415940000994226
39.241800001256365  34 9 6 20.241800001256365
39.81923000143965  81 5 3 8.81923000143965
39.90553000146704  4 3 3 15.905530001467042
40.00953000150005  21 9 6 24.009530001500053
40.36549000161304  95 3 3 23.36549000161304
40.541800001669  19 3 3 22.541800001669003
41.02902000182365  60 8 5 25.029020001823653
41.53769000198511  74 3 3 19.537690001985112
41.68890000203311  45 4 3 13.688900002033108
46.88875000368361  12 6 2 23.88875000368361
47.07075000374138  39 6 5 26.07075000374138
47.61883000391535  56 5 2 10.618830003915349
50.38135000479221  16 5 3 28.38135000479221
51.941130005287306  70 7 2 27.941130005287306
52.25556000538711  76 3 2 7.25556000538711
52.3616900054208  6 7 2 28.361690005420797
52.45864000545157  38 4 3 18.45864000545157
52.74546000554261  28 8 8 29.74546000554261
52.96579000561255  83 9 6 31.965790005612547
53.168550005676906  8 6 5 27.168550005676906
54.25743000602253  91 6 4 28.25743000602253
55.03818000627035  14 9 5 27.038180006270352
55.169820006312136  55 3 3 21.169820006312136
56.23265000664949  47 8 7 28.232650006649493
57.856030007164776  73 3 2 24.856030007164776
58.670890007423424  23 4 2 21.670890007423424
59.24990000760721  48 9 3 35.24990000760721
59.69005000774692  79 7 6 30.69005000774692
62.53841000865103  68 4 4 32.53841000865103
63.72716000902835  5 7 4 26.727160009028353
63.77684000904412  65 8 4 24.776840009044122
63.84732000906649  59 6 3 15.847320009066493
63.913200009087404  57 5 5 29.913200009087404
64.30745000921254  25 4 2 33.307450009212545
64.40553000924368  7 8 4 33.40553000924368
64.96597000942157  82 4 4 16.965970009421568
65.40583000956119  92 7 2 26.405830009561186
66.27577000983732  51 4 4 35.275770009837316
67.83964001033371  50 6 5 34.83964001033371
69.24595001078009  37 3 3 33.24595001078009
69.50729001086304  75 3 3 32.507290010863045
70.70929001124458  77 8 5 37.709290011244576
73.80348001222671  84 3 2 34.803480012226714
75.63382001280769  41 9 8 37.63382001280769
76.55070001309872  58 7 5 37.55070001309872
77.72301001347083  20 5 4 28.723010013470827
78.40385001368693  3 6 4 38.403850013686935
79.31434001397594  10 6 6 35.31434001397594
79.92248001416897  1 6 4 29.92248001416897
81.10917001454564  85 4 4 40.10917001454564
82.47798001498012  78 9 4 42.47798001498012
85.43551001591888  69 3 3 41.43551001591888
85.94096001607932  24 3 3 39.940960016079316
89.13409001709286  87 7 6 48.13409001709286
89.69284001727021  93 8 6 42.692840017270214
89.87105001732678  11 7 6 44.87105001732678
92.23173001807609  22 7 3 45.23173001807609
95.09311001898433  26 7 2 53.09311001898433
99.72000002045297  46 7 5 51.72000002045297
