0.35819000000021745  41 6 5 0.35819000000021745
3.1381600000120913  70 6 4 3.1381600000120913
4.091500000014273  84 3 2 4.091500000014273
4.116470000013328  61 6 2 4.116470000013328
6.643429999917663  43 7 2 5.643429999917663
7.616519999880824  92 5 2 4.616519999880824
8.145999999860779  12 4 2 7.145999999860779
10.006159999790357  10 6 3 6.006159999790357
11.283879999741986  88 4 2 9.283879999741986
12.744979999686672  71 9 5 11.744979999686672
14.491189999620564  29 3 3 7.491189999620564
14.676929999613533  27 5 5 11.676929999613533
16.269999999553225  87 3 2 12.269999999553225
16.6536299995387  64 3 2 8.653629999538701
17.16479999951935  46 4 2 15.16479999951935
17.65846999950066  80 6 5 11.65846999950066
17.67005999950022  2 5 4 10.670059999500221
18.200079999480156  99 7 5 10.200079999480156
18.580199999465766  5 9 7 14.580199999465766
18.641789999463434  83 7 3 14.641789999463434
19.03257999944864  8 4 3 14.03257999944864
19.791649999419903  45 3 3 11.791649999419903
21.300879999362767  81 8 7 14.300879999362767
21.78047999934461  86 7 6 17.78047999934461
22.49049999931773  14 7 6 10.49049999931773
24.325409999248265  85 6 2 18.325409999248265
26.501109999165898  7 7 4 21.501109999165898
26.77655999915547  32 3 3 11.77655999915547
26.838969999153107  63 4 3 13.838969999153107
28.042029999107562  28 3 2 2.0420299991075623
28.74602999908091  72 5 2 12.74602999908091
29.061299999068975  1 3 3 13.061299999068975
29.639799999047074  40 7 6 20.639799999047074
30.331019999020906  33 6 6 19.331019999020906
30.784529999003738  15 7 7 20.784529999003738
30.885769998999905  57 3 3 15.885769998999905
31.458719998978214  65 5 4 13.458719998978214
32.14271999900302  75 7 7 16.14271999900302
32.8477399992268  25 4 3 12.847739999226803
33.163139999326916  26 5 5 15.163139999326916
33.20551999934037  52 9 5 13.205519999340368
33.67201999948844  19 9 8 22.67201999948844
33.68378999949218  97 7 6 22.683789999492177
33.78318999952373  56 7 7 21.783189999523728
35.243449999987234  58 6 3 18.243449999987234
35.279809999998776  55 8 2 14.279809999998776
37.08716000057245  50 4 2 25.087160000572453
38.33896000096979  67 4 3 22.33896000096979
38.83556000112742  98 3 2 16.83556000112742
39.17455000123502  95 6 4 12.17455000123502
40.39217000162151  91 9 6 19.39217000162151
40.42966000163341  73 4 4 8.429660001633408
41.21671000188323  53 3 3 7.216710001883229
42.33728000223891  49 7 3 21.337280002238913
43.73837000268364  3 8 3 29.738370002683638
43.93632000274647  74 6 5 21.93632000274647
45.125980003124084  51 6 5 17.125980003124084
46.52464000356804  77 4 4 12.524640003568038
46.84057000366832  36 5 4 28.84057000366832
48.57790000421977  94 5 2 30.57790000421977
49.294330004447175  16 9 2 4.2943300044471755
50.61184000486537  6 9 2 19.61184000486537
50.70522000489501  42 7 4 21.70522000489501
51.12008000502669  47 5 2 9.120080005026693
51.98377000530084  37 7 3 16.98377000530084
52.65608000551424  69 3 3 32.65608000551424
53.49196000577956  39 5 5 17.49196000577956
53.940850005922044  30 7 4 14.940850005922044
54.2617400060239  34 3 3 20.2617400060239
55.50693000641914  17 8 4 18.50693000641914
55.96949000656596  62 9 3 17.969490006565962
57.138790006937114  78 5 2 23.138790006937114
57.98832000720677  0 7 4 12.988320007206767
58.23560000728526  18 3 3 15.235600007285257
58.242750007287526  44 6 5 34.242750007287526
58.486500007364896  93 7 6 22.486500007364896
59.034080007538705  96 5 4 34.034080007538705
59.86554000780262  60 8 8 32.86554000780262
60.34589000795509  66 9 2 25.34589000795509
60.61929000804187  22 9 6 23.619290008041872
61.879990008442036  21 9 2 17.879990008442036
63.77529000904363  9 3 2 26.77529000904363
64.2275800091872  59 6 5 36.22758000918719
67.05619001008503  76 5 5 20.056190010085032
67.52364001023341  4 8 5 26.523640010233407
67.71805001029512  79 5 3 18.718050010295116
68.30576001048166  24 3 3 33.30576001048166
69.45248001084565  54 8 8 31.452480010845647
71.0663200113579  38 7 3 22.066320011357902
71.37838001145695  82 5 5 33.378380011456954
72.74315001189015  31 3 3 24.74315001189015
73.64518001217647  20 5 4 34.64518001217647
74.21779001235822  11 8 5 28.217790012358222
74.93460001258575  13 6 5 29.934600012585747
80.04236001420702  23 4 2 30.04236001420702
80.06442001421402  48 5 4 33.06442001421402
84.93310001575941  68 5 5 37.93310001575941
84.98929001577724  90 4 3 34.98929001577724
86.67961001631377  35 9 7 36.679610016313774
89.92031001734242  89 3 3 39.920310017342416
