7.520159999884472  30 9 9 6.520159999884472
12.434509999698426  45 7 6 11.434509999698426
12.472509999696987  92 3 2 8.472509999696987
15.179279999594515  98 3 3 14.179279999594515
17.414589999509893  10 6 6 14.414589999509893
17.60221999950279  34 5 3 14.60221999950279
18.091289999484275  93 8 4 17.091289999484275
19.604559999426986  56 3 3 16.604559999426986
20.649329999387433  67 7 6 18.649329999387433
22.136959999331115  48 8 6 16.136959999331115
22.71818999930911  58 9 6 15.71818999930911
23.19362999929111  41 5 4 19.19362999929111
25.829979999191305  88 3 3 18.829979999191305
26.369579999170877  57 4 2 15.369579999170877
27.1349999991419  73 9 4 25.1349999991419
27.482049999128762  2 6 4 19.482049999128762
31.5462599989749  4 5 4 28.5462599989749
33.891749999558186  50 7 7 30.891749999558186
36.05466000024472  13 5 3 25.054660000244724
36.309220000325524  31 6 6 30.309220000325524
36.345010000336885  28 8 4 28.345010000336885
36.56351000040624  25 8 3 27.56351000040624
38.214430000930264  15 6 5 26.214430000930264
40.564650001676256  18 4 2 30.564650001676256
41.35134000192596  78 4 3 29.351340001925962
41.64489000201914  69 6 5 34.64489000201914
41.78379000206323  24 5 4 29.783790002063228
42.376160002251254  33 3 3 28.376160002251254
44.118840002804404  63 7 6 34.118840002804404
44.55403000294254  97 4 2 30.55403000294254
46.306210003498705  74 7 5 31.306210003498705
46.72149000363052  54 7 4 29.72149000363052
47.28144000380826  26 4 3 23.281440003808257
48.0921800040656  9 9 7 40.0921800040656
48.098130004067485  60 3 2 21.098130004067485
48.73694000427025  66 9 4 34.73694000427025
48.917600004327596  6 7 7 34.917600004327596
50.11902000470894  59 9 4 41.11902000470894
50.15999000472195  70 5 2 28.159990004721948
50.44871000481359  55 5 2 23.44871000481359
50.606370004863635  86 3 2 21.606370004863635
50.779580004918614  64 5 3 25.779580004918614
51.607430005181385  87 3 3 21.607430005181385
52.29627000540003  72 9 2 37.29627000540003
53.67446000583749  38 7 7 41.67446000583749
56.02157000658249  61 4 3 26.021570006582493
58.066450007231566  7 3 2 19.066450007231566
58.29376000730372  68 7 7 45.29376000730372
59.52604000769486  71 6 3 21.52604000769486
60.69999000806749  46 7 3 20.699990008067488
61.631160008363054  79 5 2 43.631160008363054
62.640950008683575  22 3 2 23.640950008683575
62.98427000879255  89 8 7 48.98427000879255
64.18641000917412  39 3 2 22.186410009174125
66.85871001002235  81 3 3 43.85871001002235
66.93548001004672  5 6 6 38.93548001004672
67.23479001014172  76 5 4 50.23479001014172
67.72396001029699  8 7 4 33.72396001029699
67.75887001030807  14 7 2 43.75887001030807
70.0934600110491  42 7 5 46.0934600110491
70.96887001132697  35 8 8 49.96887001132697
71.6277200115361  95 7 4 43.6277200115361
73.93972001226996  17 6 6 34.93972001226996
74.18768001234866  84 6 4 42.187680012348665
74.44908001243164  37 4 4 24.449080012431637
75.38320001272814  3 4 4 41.38320001272814
76.36900001304105  11 4 3 41.369000013041045
76.53777001309462  62 6 6 37.537770013094615
76.85388001319495  51 8 8 53.85388001319495
77.04986001325716  83 9 4 35.04986001325716
77.72661001347197  32 7 6 49.72661001347197
77.91955001353321  23 7 7 47.91955001353321
79.4824400140293  91 6 6 40.482440014029294
80.60803001438657  77 4 3 50.60803001438657
81.89212001479416  94 8 8 50.89212001479416
82.03111001483828  16 8 7 48.031110014838276
83.44031001528558  27 6 4 40.440310015285576
84.29629001555728  90 7 2 48.296290015557275
85.52445001594711  0 7 2 45.52445001594711
87.68739001663366  36 3 3 39.68739001663366
87.9358000167125  85 8 7 55.935800016712506
87.95042001671715  29 8 5 45.950420016717146
89.11860001708794  65 4 3 40.11860001708794
89.55313001722587  53 6 2 47.55313001722587
89.79190001730166  82 4 3 52.79190001730166
89.84574001731875  43 6 5 44.84574001731875
90.37058001748534  21 8 8 50.37058001748534
90.43880001750699  49 7 6 50.43880001750699
90.53658001753803  19 5 3 40.53658001753803
90.64672001757299  96 5 2 48.64672001757299
91.61307001787972  1 3 3 46.61307001787972
91.71523001791215  12 7 7 44.71523001791215
91.8206100179456  80 6 3 42.8206100179456
95.25092001903442  20 6 3 50.250920019034425
95.27432001904185  99 5 5 55.27432001904185
95.42447001908951  52 3 3 46.42447001908951
97.00064001958981  47 4 2 56.00064001958981
99.24538002030232  40 7 7 52.24538002030232
99.60315002041588  44 3 3 50.60315002041588
103.34865002160475  75 6 6 53.348650021604755
