3.710540000015841  48 4 2 3.710540000015841
5.367859999965953  36 7 4 4.367859999965953
5.566489999958433  53 3 3 5.566489999958433
8.266709999856209  30 3 2 6.266709999856209
8.389339999851567  72 3 2 5.3893399998515665
9.2707299998182  95 9 9 9.2707299998182
9.682699999802603  56 9 5 7.682699999802603
10.083939999787413  73 8 4 5.083939999787413
10.572119999768931  60 5 5 7.5721199997689315
10.816579999759677  96 6 3 4.816579999759677
11.685049999726798  38 9 5 8.685049999726798
14.89543999960526  10 6 3 4.89543999960526
15.202539999593634  26 9 3 6.202539999593634
15.476349999583269  21 3 2 7.4763499995832685
15.995489999563615  2 6 2 9.995489999563615
16.31370999955157  9 7 6 8.31370999955157
16.818299999532467  23 8 2 0.8182999995324671
17.816279999494686  78 7 6 8.816279999494686
18.683759999461845  51 4 2 4.683759999461845
19.200119999442297  22 6 4 8.200119999442297
20.691339999385843  40 3 2 6.691339999385843
21.27228999936385  49 7 2 12.27228999936385
21.600389999351428  98 5 4 13.600389999351428
23.146519999292895  83 4 3 14.146519999292895
23.84133999926659  20 7 4 11.84133999926659
24.200309999253  6 5 2 8.200309999253001
24.321679999248406  32 7 6 11.321679999248406
24.34428999924755  17 8 3 10.34428999924755
24.400109999245437  34 8 4 15.400109999245437
24.725889999233104  79 6 2 12.725889999233104
27.048709999145167  52 8 3 7.048709999145167
27.57033999912542  33 9 6 10.57033999912542
28.140009999103853  42 4 4 11.140009999103853
28.749659999080773  46 3 2 2.749659999080773
29.812979999040518  64 3 3 14.812979999040518
29.988179999033886  44 8 4 17.988179999033886
32.97011999926565  65 5 2 14.970119999265648
33.16572999932774  89 9 8 19.165729999327738
33.262659999358505  37 7 5 17.262659999358505
35.88532000019097  11 5 5 17.885320000190973
36.33038000033224  15 9 3 11.33038000033224
36.76792000047112  7 7 4 18.767920000471122
37.284210000635  31 3 3 19.284210000635
37.66268000075513  66 4 4 21.66268000075513
38.021440000869006  84 8 2 9.021440000869006
39.12298000121865  86 8 2 21.12298000121865
41.57999000199854  77 7 2 23.57999000199854
43.62243000264684  0 8 2 24.622430002646837
44.21615000283529  13 5 3 25.216150002835292
44.72665000299733  19 8 6 24.72665000299733
46.13345000344387  4 4 4 27.13345000344387
46.16164000345282  57 7 7 19.161640003452817
46.17431000345684  94 9 7 25.17431000345684
47.935600004015896  91 5 2 27.935600004015896
50.5464000048446  69 4 2 8.5464000048446
51.52110000515398  70 6 3 22.521100005153983
51.66841000520074  63 9 8 29.66841000520074
52.097610005336975  16 4 2 17.097610005336975
52.28631000539687  24 8 2 27.28631000539687
53.46729000577173  62 7 6 28.46729000577173
54.16626000599359  43 6 4 28.166260005993593
56.03214000658585  88 7 6 30.03214000658585
56.13325000661794  55 9 4 30.133250006617942
56.927550006870064  25 8 4 25.927550006870064
58.738690007444944  3 9 2 15.738690007444944
58.82783000747324  54 3 2 31.82783000747324
59.336780007634786  76 4 3 28.336780007634786
59.62050000772484  59 8 7 33.62050000772484
59.685220007745386  80 9 5 15.685220007745386
60.12208000788405  58 4 2 20.12208000788405
61.10111000819481  18 6 3 27.10111000819481
61.124540008202246  75 6 5 32.124540008202246
62.06834000850182  12 3 3 23.06834000850182
62.31739000858087  41 9 8 32.31739000858087
62.93819000877792  87 5 5 21.938190008777923
65.29680000952658  93 8 8 36.29680000952658
66.29255000984264  50 3 3 36.29255000984264
67.00007001006722  61 8 4 36.00007001006722
67.04501001008148  90 7 6 37.045010010081484
67.77708001031385  71 9 2 32.77708001031385
68.26608001046907  5 3 2 36.26608001046907
69.16246001075359  74 5 3 38.16246001075359
72.58487001183991  47 9 3 38.58487001183991
73.6270300121707  8 6 5 28.627030012170707
74.66911001250148  1 4 4 40.66911001250148
76.25948001300628  97 3 3 39.25948001300628
77.3773000133611  27 9 3 41.37730001336109
78.96779001386594  28 8 4 32.96779001386594
78.97984001386976  85 7 3 42.97984001386976
79.13153001391791  14 6 6 32.13153001391791
81.44338001465172  45 8 5 40.44338001465172
81.75446001475046  82 5 5 35.754460014750464
83.88382001542635  39 4 4 46.88382001542635
84.57398001564542  67 3 3 44.57398001564542
86.50734001625909  29 4 3 44.50734001625909
86.54268001627031  35 8 6 43.54268001627031
87.19750001647816  68 3 3 44.19750001647816
91.22807001775752  92 9 6 42.22807001775752
91.3855600178075  81 5 2 44.38556001780751
92.01150001800619  99 6 3 42.01150001800619
