1.5231300000015109  93 4 3 1.5231300000015109
2.148560000005608  94 5 3 1.1485600000056082
4.024460000016811  20 3 2 2.024460000016811
4.397560000002686  33 6 2 4.397560000002686
5.79109999994993  38 9 2 1.79109999994993
7.12424999989946  49 5 3 6.12424999989946
8.149299999860654  32 6 2 3.149299999860654
9.018339999827754  99 4 3 9.018339999827754
10.07029999978793  76 6 4 9.07029999978793
10.16534999978433  88 7 7 5.165349999784331
12.479659999696716  21 7 4 4.479659999696716
13.555669999655981  31 8 3 11.555669999655981
14.365339999625329  35 6 5 4.365339999625329
15.332759999588705  56 6 3 9.332759999588705
15.63848999957713  58 3 2 4.63848999957713
15.848279999569188  92 7 4 8.848279999569188
16.753389999534924  28 7 3 8.753389999534924
16.875659999530296  70 8 3 10.875659999530296
18.007569999487444  62 3 3 9.007569999487444
19.150689999444168  55 7 3 9.150689999444168
19.728489999422294  51 7 6 9.728489999422294
21.173569999367587  16 4 2 12.173569999367587
21.914019999339555  96 4 4 11.914019999339555
22.16583999933002  91 9 5 10.165839999330021
22.440749999319614  48 3 3 11.440749999319614
22.75308999930779  0 4 2 6.7530899993077895
23.229689999289747  26 8 6 10.229689999289747
24.25658999925087  18 4 4 11.25658999925087
26.668899999159546  87 5 3 10.668899999159546
28.232909999100336  50 8 3 14.232909999100336
28.471799999091292  17 7 5 15.471799999091292
30.283829999022693  54 7 5 13.283829999022693
30.954179998997315  95 3 3 14.954179998997315
32.412479999088646  89 3 2 19.412479999088646
34.99576999990862  43 3 2 20.995769999908617
35.86204000018358  36 3 2 10.862040000183583
36.073760000250786  19 5 3 15.073760000250786
37.54152000071667  69 4 3 19.541520000716673
37.708340000769624  1 8 5 14.708340000769624
37.82698000080728  23 3 2 12.826980000807282
38.63848000106486  73 7 5 17.638480001064863
40.47245000164699  75 8 3 9.47245000164699
40.66255000170733  63 4 4 24.66255000170733
41.866860002089595  71 9 2 12.866860002089595
42.57292000231371  5 5 5 17.572920002313708
42.82609000239407  65 8 6 16.826090002394068
44.411930002897435  47 9 7 21.411930002897435
44.49213000292289  40 4 2 12.492130002922892
44.495290002923895  74 8 6 26.495290002923895
44.89630000305118  3 4 2 14.89630000305118
45.69991000330626  86 7 2 14.699910003306258
46.151580003449624  85 8 3 23.151580003449624
46.59612000359073  39 5 2 3.596120003590727
48.916050004327104  9 5 3 15.916050004327104
49.00862000435649  14 4 3 22.008620004356487
50.16906000472483  97 6 2 32.16906000472483
51.07452000501223  7 9 2 15.074520005012232
51.39287000511328  67 6 5 19.39287000511328
53.008130005625986  44 5 3 15.008130005625986
53.10266000565599  98 3 2 21.10266000565599
54.41099000607127  13 8 6 21.410990006071273
55.135220006301154  46 9 3 13.135220006301154
55.748050006495674  6 5 4 36.748050006495674
56.34345000668466  10 8 2 19.343450006684662
58.83378000747513  72 4 4 39.83378000747513
59.07610000755204  2 5 3 19.076100007552043
59.48383000768146  83 5 2 20.483830007681462
59.54341000770037  68 9 6 25.543410007700373
59.92646000782196  37 4 4 22.92646000782196
60.472050007995136  25 6 6 18.472050007995136
61.009670008165784  78 3 2 13.009670008165784
61.30259000825876  24 3 3 39.30259000825876
61.696790008383886  59 4 3 25.696790008383886
61.925540008456494  77 5 4 22.925540008456494
62.08447000850694  64 9 5 17.08447000850694
62.1149100085166  29 8 7 23.114910008516603
62.87743000875864  45 4 2 20.877430008758637
64.03345000912557  52 3 3 21.033450009125573
64.8126300093729  12 7 6 16.812630009372896
65.59061000961984  57 3 2 18.590610009619837
66.37867000986998  60 9 8 44.37867000986998
69.07594001072613  61 9 5 24.07594001072613
69.55353001087772  53 4 4 45.55353001087772
69.60806001089503  82 6 4 24.60806001089503
70.36262001113454  27 4 4 45.36262001113454
71.30477001143359  66 9 5 21.30477001143359
76.93591001322099  90 4 3 50.93591001322099
77.51069001340343  11 4 3 48.51069001340343
78.73810001379303  22 9 9 47.73810001379303
79.78663001412585  42 7 7 45.78663001412585
79.94435001417591  41 6 3 43.94435001417591
83.09361001517553  84 3 2 47.09361001517553
89.12466001708987  4 7 5 48.124660017089866
91.47935001783728  34 9 5 48.47935001783728
96.81312001953029  15 6 6 51.81312001953029
99.81576002048337  79 8 2 53.81576002048337
103.1638800215461  80 6 6 55.163880021546106
105.14178002217392  81 7 7 57.14178002217392
106.8666200227214  30 7 7 57.866620022721406
107.38618002288632  8 7 4 57.38618002288632
