1.2251399999995587  64 8 3 0.2251399999995587
13.923279999642064  45 8 2 6.923279999642064
41.6069600020071  40 3 2 35.6069600020071
55.515390006421825  23 7 3 45.515390006421825
58.802650007465246  91 3 2 14.802650007465246
59.94366000782742  86 3 2 30.943660007827418
68.33381001049057  31 6 3 34.333810010490566
70.0171900110249  39 3 3 37.017190011024894
72.54817001182826  95 3 3 39.54817001182826
73.85538001224319  73 3 3 60.85538001224319
74.0674600123105  1 4 2 39.067460012310505
74.67042001250189  48 3 2 36.67042001250189
74.82981001255249  30 5 2 29.829810012552485
74.95980001259375  66 3 2 45.959800012593746
75.0948300126366  12 7 2 73.0948300126366
75.45122001274973  57 8 2 34.45122001274973
75.55214001278176  5 9 6 67.55214001278176
77.7295600134729  68 4 3 44.729560013472906
78.34864001366941  94 8 2 53.34864001366941
78.34938001366964  79 4 3 34.349380013669645
79.78223001412445  56 6 2 58.78223001412445
79.97878001418684  38 9 4 46.97878001418684
80.16027001424445  93 6 3 60.160270014244446
81.62979001471089  83 8 5 57.62979001471089
82.41317001495955  98 8 2 41.41317001495955
82.56752001500854  7 8 5 64.56752001500854
83.02907001515504  75 4 3 70.02907001515504
84.3165100155637  84 7 3 48.31651001556369
84.4620700156099  44 8 2 45.462070015609896
84.53413001563277  78 7 3 38.53413001563277
84.72405001569305  17 4 3 35.72405001569305
84.78102001571114  88 5 3 34.781020015711135
84.93942001576141  49 3 2 50.939420015761414
85.12983001582185  81 4 4 82.12983001582185
85.2364500158557  25 6 3 60.236450015855695
85.33368001588656  9 6 3 67.33368001588656
85.63805001598317  77 3 3 37.63805001598317
85.70818001600543  90 3 3 39.70818001600543
85.90257001606713  35 5 3 83.90257001606713
86.17886001615483  87 3 3 51.17886001615483
86.60481001629003  58 6 2 58.60481001629003
87.8567100166874  19 6 5 61.8567100166874
88.26953001681844  13 3 3 55.269530016818436
88.68227001694945  85 8 7 49.682270016949445
89.09356001708  18 5 4 54.093560017079994
91.09352001771481  11 5 4 59.09352001771481
91.4759400178362  52 4 3 65.4759400178362
91.85632001795693  54 7 3 56.85632001795693
92.23212001807622  0 3 3 60.232120018076216
92.60671001819512  62 7 7 90.60671001819512
92.98096001831391  22 9 2 72.98096001831391
93.72942001855148  71 5 4 66.72942001855148
95.21779001902391  63 8 8 87.21779001902391
95.26998001904047  37 9 7 70.26998001904047
95.42169001908863  80 4 3 76.42169001908863
95.47174001910452  97 6 3 67.47174001910452
95.57167001913623  41 4 2 59.571670019136235
95.61720001915069  21 7 6 76.61720001915069
95.6607100191645  2 8 4 55.6607100191645
95.69351001917491  60 6 4 80.69351001917491
95.72395001918457  72 9 7 78.72395001918457
95.75223001919355  20 4 4 53.75223001919355
95.82091001921535  59 3 3 79.82091001921535
95.83639001922026  65 9 4 69.83639001922026
95.85042001922471  26 3 3 79.85042001922471
95.8778000192334  55 8 5 74.8778000192334
96.05993001929122  36 5 5 95.05993001929122
96.21568001934065  29 7 3 96.21568001934065
96.36854001938917  96 5 3 63.36854001938917
96.45632001941703  6 5 5 79.45632001941703
96.50357001943203  33 6 3 93.50357001943203
96.55060001944696  42 9 7 62.55060001944696
96.59708001946171  28 5 4 86.59708001946171
96.62492001947055  50 8 6 69.62492001947055
96.65256001947932  47 8 6 46.652560019479324
96.66284001948259  14 5 4 92.66284001948259
96.67280001948575  34 9 9 47.67280001948575
96.68024001948811  43 8 6 50.68024001948811
96.68256001948885  76 8 8 93.68256001948885
96.72569001950254  74 8 6 48.72569001950254
96.7677800195159  10 7 7 88.7677800195159
96.80890001952895  16 8 5 76.80890001952895
96.84984001954194  61 7 7 59.84984001954194
96.88769001955396  99 9 7 92.88769001955396
96.92524001956588  92 9 6 88.92524001956588
96.96191001957752  27 8 2 67.96191001957752
96.99855001958915  70 6 6 88.99855001958915
97.03502001960072  4 9 7 57.03502001960072
97.0708600196121  82 9 4 53.0708600196121
97.10626001962333  69 9 5 79.10626001962333
97.14032001963415  53 6 6 91.14032001963415
97.17431001964493  8 8 5 87.17431001964493
97.20670001965522  24 8 4 58.206700019655216
97.23686001966479  67 4 2 66.23686001966479
97.26496001967371  15 3 3 57.26496001967371
97.29279001968254  32 6 6 93.29279001968254
97.3197600196911  46 6 5 52.3197600196911
97.33815001969694  51 4 2 58.33815001969694
97.35612001970264  3 9 7 77.35612001970264
97.36439001970527  89 9 7 48.36439001970527
