67.5724500102489  79 9 2 37.5724500102489
74.73228001252153  94 8 3 36.73228001252153
76.08367001295048  20 6 2 32.08367001295048
76.25989001300641  0 7 2 51.25989001300641
76.27236001301037  56 4 3 36.27236001301037
76.52690001309116  73 3 2 39.526900013091165
77.26916001332677  69 4 2 70.26916001332677
81.51251001467367  52 4 2 73.51251001467367
81.61939001470759  66 8 4 79.61939001470759
81.93786001480868  3 3 3 36.93786001480868
82.0434500148422  55 3 2 79.0434500148422
82.46363001497556  32 8 2 77.46363001497556
83.82837001540875  67 3 2 67.82837001540875
84.109540015498  11 3 2 53.109540015498
84.39063001558722  72 6 4 59.39063001558722
84.67172001567644  75 8 3 55.67172001567644
85.7134400160071  4 3 3 57.7134400160071
85.93449001607726  74 5 3 62.93449001607726
87.03527001642667  82 9 3 71.03527001642667
87.25479001649634  7 4 4 52.254790016496344
88.09528001676313  31 3 3 88.09528001676313
88.21190001680014  86 9 4 79.21190001680014
90.81235001762556  81 5 2 56.81235001762556
91.23572001775995  68 9 6 86.23572001775995
91.6590000178943  29 3 2 74.6590000178943
92.92861001829729  70 4 2 59.92861001829729
93.35130001843146  91 5 2 55.35130001843146
95.41144001908538  15 7 3 93.41144001908538
97.22043001965957  38 4 4 61.220430019659574
97.87406001986704  9 4 4 54.874060019867045
98.21757001997608  51 5 3 85.21757001997608
99.17525002028006  37 7 7 66.17525002028006
100.94769002084266  60 7 6 70.94769002084266
101.50627002101996  88 5 4 65.50627002101996
102.39363002130162  27 3 3 67.39363002130162
102.75742002141709  30 6 5 98.75742002141709
103.08495002152105  12 9 2 99.08495002152105
103.12682002153434  99 3 3 64.12682002153434
103.16686002154705  77 5 3 80.16686002154705
103.2019700215582  83 5 2 57.201970021558196
103.23589002156896  65 8 4 82.23589002156896
103.30178002158988  21 4 2 81.30178002158988
103.387230021617  44 5 4 61.387230021617
103.40626002162304  36 9 4 101.40626002162304
103.42500002162899  33 9 5 80.42500002162899
103.46700002164232  62 6 3 96.46700002164232
103.6732800217078  89 4 4 81.6732800217078
104.9753900221211  42 9 4 75.9753900221211
105.16542002218142  98 3 2 72.16542002218142
105.3326600222345  8 3 2 72.3326600222345
105.5361700222991  43 8 2 58.5361700222991
105.66641002234044  57 9 8 60.66641002234044
105.7828500223774  54 4 4 59.7828500223774
105.8978200224139  80 4 4 101.8978200224139
106.20324002251084  45 7 6 93.20324002251084
106.2869200225374  17 9 8 71.2869200225374
106.36988002256373  48 9 3 78.36988002256373
106.52215002261207  46 4 3 87.52215002261207
106.59532002263529  92 3 3 102.59532002263529
106.6678000226583  85 6 4 68.6678000226583
106.74016002268127  50 9 8 71.74016002268127
106.88301002272661  16 6 3 71.88301002272661
106.95347002274897  90 9 4 65.95347002274897
107.02069002277031  97 4 3 92.02069002277031
107.08780002279161  14 5 4 105.08780002279161
107.14743002281054  84 6 5 91.14743002281054
107.20583002282908  39 7 7 105.20583002282908
107.26184002284685  49 9 5 78.26184002284685
107.31360002286328  78 9 9 102.31360002286328
107.36509002287963  61 5 5 65.36509002287963
107.41525002289555  59 4 3 87.41525002289555
107.46536002291145  95 4 4 60.465360022911455
107.51510002292724  25 9 9 95.51510002292724
107.65497002297164  87 5 5 86.65497002297164
107.79481002301603  64 6 4 104.79481002301603
107.93354002306006  71 5 5 88.93354002306006
108.07223002310408  2 7 4 102.07223002310408
108.20878002314743  41 5 5 103.20878002314743
108.34486002319062  47 8 8 106.34486002319062
108.48049002323367  96 3 2 62.48049002323367
108.61498002327636  23 9 7 75.61498002327636
108.74402002331732  40 8 8 82.74402002331732
108.87276002335818  24 5 3 69.87276002335818
108.99926002339834  5 8 6 65.99926002339834
109.12575002343848  63 4 2 95.12575002343848
109.25141002347837  53 6 6 78.25141002347837
109.37703002351824  1 6 2 77.37703002351824
109.50210002355794  28 8 6 66.50210002355794
109.62712002359763  93 7 7 106.62712002359763
109.75204002363728  6 9 4 108.75204002363728
109.87677002367687  13 7 7 96.87677002367687
109.99903002371568  18 9 8 72.99903002371568
110.12082002375433  76 4 3 98.12082002375433
110.23992002379214  19 5 5 100.23992002379214
110.35712002382934  10 8 8 95.35712002382934
110.47332002386622  22 8 4 93.47332002386622
110.5885600239028  26 4 4 75.5885600239028
110.70372002393935  34 6 2 106.70372002393935
110.81653002397516  58 7 6 88.81653002397516
110.91382002400604  35 9 7 71.91382002400604
