0.8859599999986028  9 7 5 0.8859599999986028
21.240219999365063  61 7 2 10.240219999365063
55.42545000639328  99 7 2 50.42545000639328
67.64557001027211  80 3 2 57.64557001027211
70.64755001122498  70 7 2 46.64755001122498
71.6718300115501  32 7 4 50.6718300115501
71.94672001163735  74 3 3 49.94672001163735
72.95960001195886  97 8 4 54.959600011958855
73.17980001202875  55 3 3 39.17980001202875
75.74028001284148  49 3 3 55.74028001284148
76.10320001295668  82 4 4 28.103200012956677
76.1161800129608  18 4 2 68.1161800129608
76.14811001297093  23 4 2 39.14811001297093
76.5046300130841  64 5 5 75.5046300130841
76.64939001313004  53 5 3 68.64939001313004
76.79184001317526  27 3 3 68.79184001317526
77.52580001340823  98 3 2 75.52580001340823
77.638500013444  69 3 3 33.638500013444
77.97253001355003  25 4 2 46.97253001355003
78.19410001362036  16 5 3 56.19410001362036
78.69949001378077  31 6 2 61.699490013780775
78.92059001385095  71 7 4 77.92059001385095
79.0442500138902  6 7 2 55.044250013890206
79.16412001392825  94 5 4 66.16412001392825
79.75548001411596  95 3 3 62.75548001411596
80.33610001430026  15 6 2 65.33610001430026
80.44567001433504  90 4 2 68.44567001433504
80.54594001436686  43 9 2 74.54594001436686
80.64450001439815  66 6 2 71.64450001439815
80.90933001448221  19 3 3 62.90933001448221
81.03265001452135  47 8 7 53.03265001452135
81.06061001453023  0 3 3 67.06061001453023
81.10544001454446  36 3 3 81.10544001454446
81.14881001455822  4 3 3 57.14881001455822
81.36084001462552  37 3 3 45.36084001462552
81.39938001463776  56 5 2 44.39938001463776
81.64693001471633  2 6 4 78.64693001471633
81.93106001480652  59 6 3 33.93106001480652
82.02883001483755  22 7 3 35.02883001483755
82.12651001486856  73 3 2 49.12651001486856
82.31652001492887  85 4 4 41.31652001492887
82.40991001495851  84 3 2 43.40991001495851
82.50247001498789  20 5 4 33.50247001498789
82.59301001501663  75 3 3 45.59301001501663
82.7687100150724  10 6 6 38.7687100150724
83.19998001520929  33 3 3 75.19998001520929
83.21695001521468  35 8 7 80.21695001521468
83.46783001529431  5 7 4 46.46783001529431
84.14055001550784  58 7 5 45.14055001550784
84.24705001554165  81 5 3 53.247050015541646
84.35265001557516  78 9 4 44.352650015575165
84.45803001560861  12 6 2 61.458030015608614
84.563220015642  14 9 5 56.563220015642
84.66753001567511  89 3 2 66.66753001567511
84.77182001570822  39 6 5 63.771820015708215
84.87525001574105  79 7 6 55.875250015741045
84.97785001577361  3 6 4 44.97785001577361
85.08036001580615  24 3 3 39.08036001580615
85.42053001591412  87 7 6 44.420530015914125
85.76068001602209  38 4 3 51.76068001602209
86.09978001612973  29 9 8 71.09978001612973
86.43888001623736  41 9 8 48.43888001623736
87.07360001643883  13 4 4 80.07360001643883
87.36947001653274  7 8 4 56.369470016532745
87.95432001671838  46 7 5 39.954320016718384
88.2325700168067  48 9 3 64.2325700168067
88.74301001696873  45 4 3 60.743010016968725
88.98131001704436  67 7 4 75.98131001704436
89.21954001711998  44 4 4 66.21954001711998
89.45771001719558  57 5 5 55.45771001719558
89.69585001727117  40 9 3 77.69585001727117
89.93396001734675  72 9 9 81.93396001734675
90.17207001742233  86 8 3 79.17207001742233
90.64787001757335  65 8 4 51.647870017573354
90.88518001764868  92 7 2 51.88518001764868
91.5150400178486  52 4 3 80.5150400178486
91.9075600179732  17 8 4 87.9075600179732
92.29944001809758  50 6 5 59.299440018097584
92.51101001816474  21 9 6 76.51101001816474
92.72180001823165  1 6 4 42.72180001823165
92.93252001829853  68 4 4 62.93252001829853
93.14133001836481  42 7 5 88.14133001836481
93.34127001842828  28 8 8 70.34127001842828
93.53821001849079  96 4 2 73.53821001849079
93.73507001855327  63 8 6 85.73507001855327
93.9317500186157  26 7 2 51.9317500186157
94.12389001867669  54 9 2 81.12389001867669
94.30280001873348  51 4 4 63.30280001873348
94.47628001878854  30 4 2 73.47628001878854
94.64262001884134  34 9 6 75.64262001884134
94.79928001889107  60 8 5 78.79928001889107
94.95558001894068  93 8 6 47.95558001894068
95.11122001899008  88 8 4 91.11122001899008
95.26685001903948  11 7 6 50.26685001903948
95.42220001908879  76 3 2 50.42220001908879
95.57636001913772  8 6 5 69.57636001913772
95.73051001918665  83 9 6 74.73051001918665
95.88458001923556  62 8 4 91.88458001923556
96.03861001928445  77 8 5 63.03861001928445
96.19193001933311  91 6 4 70.19193001933311
