1.2860499999999577  60 9 8 1.2860499999999577
2.199340000005941  63 9 9 1.1993400000059409
4.916639999983035  5 3 3 0.916639999983035
5.47332999996196  48 9 5 5.47332999996196
8.38421999985176  96 3 3 8.38421999985176
9.024139999827534  3 6 2 4.0241399998275345
9.311229999816666  22 4 2 2.311229999816666
9.633809999804454  19 5 5 3.6338099998044537
12.130439999709937  49 9 9 6.130439999709937
12.752299999686395  20 5 5 0.7522999996863948
13.26012999966717  56 4 2 4.2601299996671695
15.387639999586627  24 9 3 0.38763999958662687
15.963719999564818  69 9 9 2.963719999564818
16.068239999560863  42 6 6 2.0682399995608627
17.544219999504985  58 8 8 8.544219999504985
18.098339999484008  14 5 3 2.0983399994840077
18.83759999945602  55 9 8 3.837599999456021
19.65625999942503  0 6 4 5.656259999425028
20.132369999407004  47 7 7 20.132369999407004
20.59100999938964  90 9 9 11.591009999389641
21.14048999936884  82 7 2 17.14048999936884
23.04760999929664  4 6 2 18.04760999929664
23.33369999928581  38 8 4 6.333699999285809
23.689399999272343  81 5 2 13.689399999272343
24.133599999255527  43 8 3 12.133599999255527
24.35487999924715  57 6 3 20.35487999924715
24.722169999233245  1 7 6 1.7221699992332447
25.69756999919632  44 3 2 8.697569999196318
26.077789999181924  50 7 3 2.077789999181924
26.24611999917555  25 8 7 7.246119999175551
27.147789999141416  68 8 4 4.147789999141416
28.045919999107415  51 5 4 2.045919999107415
28.943999999073416  83 9 6 15.943999999073416
30.219819999025116  12 4 2 18.219819999025116
31.04649999899382  53 9 5 17.04649999899382
31.16611999898929  18 7 2 7.166119998989291
31.777979998966128  31 8 5 3.777979998966128
32.126259998997796  21 6 2 28.126259998997796
33.18888999933509  95 7 5 17.18888999933509
33.88009999955449  39 3 3 2.8800999995544885
34.30774999969023  64 3 2 1.3077499996902304
34.679899999808356  71 7 2 3.679899999808356
35.083629999936505  87 5 5 29.083629999936505
35.189109999969986  28 4 3 0.18910999996998612
36.65548000043543  54 7 2 0.655480000435432
37.183700000603096  77 6 3 3.183700000603096
37.63764000074718  40 7 7 0.637640000747183
38.081580000888096  72 3 3 2.0815800008880956
38.354720000974794  73 4 2 7.354720000974794
39.311680001278546  75 5 4 25.311680001278546
40.01162000150072  35 7 3 4.011620001500717
40.59572000168612  32 5 2 5.595720001686118
41.07775000183912  93 4 4 3.077750001839121
41.19086000187502  45 5 5 26.190860001875023
42.20495000219691  6 3 2 4.2049500021969095
43.27700000253719  9 9 8 3.277000002537193
43.978360002759814  70 5 5 0.978360002759814
44.00802000276923  76 3 3 28.00802000276923
44.59404000295524  17 6 6 43.59404000295524
45.21877000315354  86 6 2 4.218770003153537
45.93781000338177  37 3 2 22.93781000338177
47.00037000371904  85 9 3 28.00037000371904
47.00818000372152  41 3 3 11.00818000372152
47.02453000372671  27 5 2 30.02453000372671
47.25769000380072  91 8 2 3.257690003800718
47.631770003919456  52 7 3 10.631770003919456
49.04842000436912  7 5 4 6.04842000436912
49.294110004447106  98 5 4 8.294110004447106
50.112190004706775  16 3 3 0.11219000470677543
50.833080004935596  34 6 6 26.833080004935596
56.27844000666403  2 6 5 51.27844000666403
57.836590007158605  84 6 2 7.836590007158605
67.34737001017746  79 4 2 33.34737001017746
69.53119001087063  99 4 3 29.53119001087063
71.19029001139725  33 6 6 34.19029001139725
73.35641001208481  8 3 2 29.356410012084808
73.44727001211365  88 3 3 60.44727001211365
73.64461001217629  62 3 3 26.644610012176287
73.71108001219739  80 7 2 40.711080012197385
73.72448001220164  59 3 3 42.72448001220164
74.20156001235307  61 4 4 54.20156001235307
74.46810001243767  65 9 3 64.46810001243767
74.62598001248779  11 6 6 59.62598001248779
74.62599001248779  67 6 5 58.62599001248779
74.76267001253117  92 7 4 55.762670012531174
75.17226001266118  29 4 4 31.172260012661184
75.2520100126865  10 7 3 67.2520100126865
76.00178001292448  78 8 3 39.001780012924485
76.03154001293393  66 7 6 26.03154001293393
76.75150001316246  74 7 5 71.75150001316246
77.20613001330676  13 5 5 61.20613001330676
79.31594001397644  23 4 3 42.315940013976444
80.35059001430486  26 4 4 43.350590014304856
84.31334001556269  46 6 6 57.31334001556269
84.31887001556444  30 8 8 49.31887001556444
84.48656001561767  94 4 4 35.48656001561767
84.72942001569476  89 9 6 60.72942001569476
85.4636300159278  97 7 5 42.463630015927805
86.25285001617831  15 3 2 54.252850016178314
87.99742001673206  36 7 5 49.997420016732065
