1.2251399999995587  64 8 3 0.2251399999995587
4.835009999986125  12 7 2 2.8350099999861254
6.002599999941923  29 7 3 6.002599999941923
6.201129999934407  36 5 5 5.201129999934407
7.48560999988578  45 8 2 0.4856099998857797
8.295569999855116  76 8 8 5.2955699998551164
9.173829999821868  70 6 6 1.1738299998218675
10.12365999978591  35 5 3 8.12365999978591
10.264629999780572  5 9 6 2.2646299997805723
10.574319999768848  23 7 3 0.5743199997688482
11.778199999723272  40 3 2 5.778199999723272
12.964899999678346  28 5 4 2.9648999996783463
13.677059999651386  92 9 6 5.6770599996513855
15.086769999598017  8 8 5 5.086769999598017
16.394889999548496  14 5 4 12.394889999548496
16.998569999525643  99 9 7 12.998569999525643
17.801739999495236  10 7 7 9.801739999495236
18.540579999467266  60 6 4 3.5405799994672655
19.00322999944975  6 5 5 2.0032299994497507
19.251099999440367  73 3 3 6.251099999440367
20.268129999401864  63 8 8 12.268129999401864
20.88473999937852  81 4 4 17.88473999937852
21.991469999336623  16 8 5 1.9914699993366227
23.714639999271387  75 4 3 10.714639999271387
24.268959999250402  7 8 5 6.268959999250402
25.00149999922267  80 4 3 6.00149999922267
26.58983999916254  22 9 2 6.589839999162539
27.042709999145394  26 3 3 11.042709999145394
27.11757999914256  50 8 6 0.1175799991425599
28.039389999107662  69 9 5 10.039389999107662
28.35456999909573  71 5 4 1.3545699990957303
29.876519999038113  19 6 5 3.8765199990381127
31.314209998983685  37 9 7 6.314209998983685
32.11054999899281  62 7 7 30.11054999899281
32.22994999903071  53 6 6 26.22994999903071
32.359489999071826  93 6 3 12.359489999071826
32.59175999914555  66 3 2 3.5917599991455518
33.040429999287966  95 3 3 0.04042999928796576
33.23974999935123  38 9 4 0.23974999935123265
33.590659999462616  11 5 4 1.5906599994626163
34.877429999871055  13 3 3 1.8774299998710546
35.66005000011947  97 6 3 7.660050000119469
36.03076000023714  65 9 4 10.030760000237137
36.26050000031006  39 3 3 3.26050000031006
36.63006000042736  54 7 3 1.6300600004273633
37.23501000061938  96 5 3 4.235010000619383
38.43962000100174  1 4 2 3.4396200010017424
38.93080000115765  33 6 3 35.93080000115765
39.42452000131436  58 6 2 11.424520001314363
40.00888000149985  25 6 3 15.008880001499847
40.193330001558394  59 3 3 24.193330001558394
40.39793000162334  48 3 2 2.3979300016233367
40.99688000181345  84 7 3 4.996880001813452
41.216950001883305  2 8 4 1.2169500018833048
41.59408000200301  61 7 7 4.594080002003011
42.39536000225735  51 4 2 3.3953600022573482
42.89734000241668  83 8 5 18.897340002416684
44.169000002820326  31 6 3 10.169000002820326
44.774390003012485  56 6 2 23.774390003012485
45.02695000309265  46 6 5 0.02695000309265083
45.05690000310216  15 3 3 5.056900003102157
45.33419000319017  20 4 4 3.334190003190173
46.39428000352666  68 4 3 13.39428000352666
47.13874000376296  94 8 2 22.138740003762962
48.183320004094526  85 8 7 9.183320004094526
48.67834000425165  0 3 3 16.678340004251652
49.00825000435637  89 9 7 0.0082500043563698
49.39865000448029  32 6 6 45.39865000448029
49.978960004664486  43 8 6 3.9789600046644864
50.25134000475094  17 4 3 1.2513400047509435
50.571120004852446  47 8 6 0.5711200048524461
50.896870004955844  87 3 3 15.896870004955844
51.80664000524462  30 5 2 6.806640005244617
54.75053000617905  77 3 3 6.750530006179048
57.18072000695042  24 8 4 18.180720006950423
59.85615000779964  88 5 3 9.856150007799641
65.2905500095246  27 8 2 36.290550009524594
65.96071000973731  91 3 2 21.960710009737312
66.38877000987318  9 6 3 48.388770009873184
66.96814001005708  86 3 2 37.968140010057084
67.12618001010725  82 9 4 23.126180010107248
67.7350100103005  55 8 5 46.7350100103005
68.15015001043227  98 8 2 27.15015001043227
68.3843100105066  52 4 3 42.384310010506596
70.20469001108441  21 7 6 51.20469001108441
70.99326001133471  18 5 4 35.99326001133471
72.06362001167446  67 4 2 41.06362001167446
72.19564001171636  57 8 2 31.195640011716364
72.44687001179611  42 9 7 38.44687001179611
73.11795001200912  78 7 3 27.117950012009118
73.54694001214528  41 4 2 37.546940012145285
74.72303001251859  44 8 2 35.72303001251859
74.80943001254602  74 8 6 26.809430012546017
75.47031001275579  34 9 9 26.47031001275579
76.85186001319431  79 4 3 32.85186001319431
76.8575000131961  90 3 3 30.857500013196102
77.64881001344727  49 3 2 43.648810013447275
79.07254001389919  72 9 7 62.072540013899186
80.3142000142933  3 9 7 60.314200014293306
81.43331001464853  4 9 7 41.43331001464853
