1.2104199999994623  76 4 2 1.2104199999994623
2.520660000008046  42 6 4 0.5206600000080459
3.8141100000165196  57 8 8 0.8141100000165196
4.3737000000035895  71 7 2 0.3737000000035895
5.747989999951562  36 3 2 5.747989999951562
7.194749999896791  2 9 9 0.19474999989679098
8.060799999864004  47 8 6 4.060799999864004
8.315859999854348  28 6 4 5.315859999854348
9.189019999821292  24 4 4 1.1890199998212925
11.123359999748063  5 7 6 11.123359999748063
11.619269999729289  98 8 4 9.619269999729289
12.044369999713195  51 4 3 11.044369999713195
12.339349999702028  46 7 2 10.339349999702028
13.028039999675956  8 9 3 2.028039999675956
13.4072599996616  26 3 3 2.4072599996615995
14.03566999963781  88 7 4 1.0356699996378094
16.5480399995427  87 9 2 5.5480399995426986
17.0339999995243  30 4 2 2.033999999524301
17.215099999517445  85 6 6 8.215099999517445
17.925409999490554  31 5 5 0.9254099994905545
19.346039999436773  32 6 2 7.346039999436773
20.347069999398876  10 6 5 8.347069999398876
20.90272999937784  79 5 3 8.90272999937784
21.887149999340572  48 3 3 14.887149999340572
22.13975999933101  84 5 5 3.139759999331009
22.59806999931366  9 3 3 2.5980699993136582
23.81411999926762  83 8 8 0.8141199992676214
24.104289999256636  74 3 2 4.104289999256636
24.978889999223526  40 9 9 4.978889999223526
25.05904999922049  60 5 3 1.0590499992204911
26.04540999918315  45 6 5 3.04540999918315
26.818889999153868  73 8 4 4.818889999153868
27.018579999146308  62 4 2 6.018579999146308
27.120109999142464  7 5 2 8.120109999142464
27.854209999114673  59 9 4 1.8542099991146728
28.7410199990811  75 7 5 17.7410199990811
29.114879999066947  34 4 4 7.114879999066947
29.243579999062074  6 7 7 3.2435799990620744
29.85119999903907  19 6 2 14.851199999039071
30.342169999020484  16 3 2 2.3421699990204843
31.14188999899021  61 7 3 3.1418899989902087
31.36453999898178  11 3 2 14.36453999898178
32.000049998957735  21 3 3 4.999895773494245E-5
32.33970999906555  14 8 4 7.339709999065548
33.24745999935368  90 4 3 6.24745999935368
33.74589999951189  56 9 4 1.7458999995118916
34.93893999989058  93 9 4 4.938939999890579
35.3662200000262  63 5 4 0.36622000002620325
36.02895000023656  96 3 3 13.028950000236563
36.14441000027321  82 7 3 13.144410000273211
36.45661000037231  68 8 4 25.456610000372308
37.48675000069929  97 6 4 1.4867500006992884
38.069200000884166  91 8 6 9.069200000884166
38.43310000099967  1 5 3 2.433100000999673
39.105350001213054  44 7 3 12.105350001213054
39.35234000129145  29 8 7 0.35234000129145215
39.618000001375776  78 3 2 1.6180000013757763
40.31291000159635  86 6 5 14.31291000159635
41.093580001844145  99 5 4 12.093580001844145
42.20117000219571  55 5 5 3.2011700021957097
43.63042000264937  38 6 5 18.630420002649373
44.32571000287007  4 4 2 9.325710002870068
44.686080002984454  58 4 3 5.686080002984454
45.61538000327943  20 9 2 12.615380003279427
47.031320003728865  89 7 6 20.031320003728865
47.20646000378446  35 8 3 2.206460003784457
47.900940004004894  27 7 6 24.900940004004894
49.19289000441498  65 5 3 4.192890004414977
49.550810004528586  72 6 5 2.5508100045285858
50.003970004672425  92 7 3 5.003970004672425
50.047130004686124  81 4 2 0.047130004686124494
51.093870005018374  67 7 7 49.093870005018374
52.79888000555957  80 6 5 12.798880005559568
54.65687000614932  33 5 4 26.65687000614932
56.976510006885604  17 5 5 9.976510006885604
65.30163000952811  50 8 6 16.30163000952811
65.5757000096151  12 8 2 19.575700009615105
68.88452001066537  15 6 5 37.88452001066537
69.21696001077089  69 8 3 40.21696001077089
69.31768001080286  53 3 2 33.31768001080286
69.83687001096766  66 3 3 35.83687001096766
70.1511000110674  37 5 2 38.1511000110674
70.27766001110757  18 6 2 24.27766001110757
70.3086300111174  70 5 3 48.3086300111174
70.60627001121188  25 7 5 39.606270011211876
71.0102300113401  22 6 6 22.0102300113401
71.057180011355  39 4 4 30.057180011355
72.23729001172958  94 3 3 38.237290011729584
72.43199001179138  95 9 7 42.431990011791385
72.60536001184641  41 8 2 40.605360011846415
72.99287001196942  23 8 8 23.992870011969416
73.18980001203192  54 7 5 27.189800012031924
73.60111001216248  13 8 5 53.60111001216248
73.60469001216362  0 5 3 23.604690012163616
74.26452001237305  3 9 7 33.264520012373055
74.47999001244145  64 4 2 30.479990012441448
75.278790012695  52 4 2 34.278790012695
75.32767001271051  43 8 3 25.327670012710513
75.71076001283211  49 9 6 43.71076001283211
76.88860001320597  77 5 5 35.88860001320597
