2.6636200000089825  36 7 4 1.6636200000089825
3.1139300000119325  30 3 2 1.1139300000119325
4.342390000004775  60 5 5 1.3423900000047748
5.242869999970685  95 9 9 5.242869999970685
6.4579499999246845  38 9 5 3.4579499999246845
8.263399999856334  73 8 4 3.2633999998563343
9.008849999828113  9 7 6 1.0088499998281133
9.121139999823862  48 4 2 9.121139999823862
9.479819999810283  72 3 2 6.4798199998102834
10.022889999789724  56 9 5 8.022889999789724
10.341589999777659  26 9 3 1.3415899997776588
11.050069999750837  96 6 3 5.050069999750837
11.59889999973006  78 7 6 2.59889999973006
12.43570999969838  83 4 3 3.43570999969838
13.116259999672616  20 7 4 1.1162599996726161
14.031859999637954  32 7 6 1.0318599996379536
14.179109999632379  22 6 4 3.179109999632379
14.36108999962549  21 3 2 6.36108999962549
14.633619999615172  53 3 3 14.633619999615172
15.882909999567877  2 6 2 9.882909999567877
16.030129999562305  10 6 3 6.030129999562305
16.662829999538353  6 5 2 0.6628299995383529
17.095689999521966  23 8 2 1.0956899995219658
17.455259999508353  17 8 3 3.4552599995083533
18.034159999486437  42 4 4 1.0341599994864374
18.10095999948391  40 3 2 4.1009599994839085
18.617249999464363  31 3 3 0.617249999464363
19.116379999445467  34 8 4 10.116379999445467
19.821379999418777  98 5 4 11.821379999418777
20.441649999395295  11 5 5 2.4416499993952954
22.137749999331085  7 7 4 4.137749999331085
22.310749999324536  13 5 3 3.3107499993245355
23.55399999927747  94 9 7 2.553999999277469
24.89103999922685  4 4 4 5.891039999226852
25.00994999922235  89 9 8 11.00994999922235
25.115469999218355  79 6 2 13.115469999218355
25.242459999213548  19 8 6 5.242459999213548
26.08001999918184  52 8 3 6.0800199991818396
26.462059999167376  62 7 6 1.4620599991673764
26.885759999151336  46 3 2 0.8857599991513361
27.182939999140086  88 7 6 1.1829399991400855
27.72747999911947  65 5 2 9.72747999911947
29.105429999067304  33 9 6 12.105429999067304
29.213679999063206  49 7 2 20.213679999063206
29.67846999904561  66 4 4 13.67846999904561
30.001139999033395  91 5 2 10.001139999033395
30.42733999901726  55 9 4 4.42733999901726
30.94053999899783  70 6 3 1.9405399989978314
31.127459998990755  43 6 4 5.127459998990755
31.656099998970742  41 9 8 1.656099998970742
32.31976999905922  61 8 4 1.3197699990592184
32.69502999917833  15 9 3 7.695029999178331
33.09740999930605  51 4 2 19.097409999306052
33.75999999951637  75 6 5 4.759999999516367
34.000439999592686  54 3 2 7.000439999592686
34.427199999728145  5 3 2 2.4271999997281455
34.80466999984796  76 4 3 3.8046699998479596
35.32151000001201  90 7 6 5.321510000012012
36.3901200003512  77 7 2 18.390120000351203
37.49986000070345  74 5 3 6.49986000070345
38.07627000088641  64 3 3 23.07627000088641
38.82728000112479  85 7 3 2.827280001124791
39.291640001272185  59 8 7 13.291640001272185
40.00451000149846  97 3 3 3.00451000149846
40.36983000161442  24 8 2 15.369830001614417
40.76998000174143  12 3 3 1.7699800017414304
41.17150000186888  67 3 3 1.1715000018688784
41.34774000192482  63 9 8 19.34774000192482
41.63827000201704  84 8 2 12.638270002017038
42.79309000238359  57 7 7 15.793090002383593
43.69014000266833  68 3 3 0.6901400026683291
44.01274000277073  69 4 2 2.0127400027707267
44.361180002881326  80 9 5 0.36118000288132635
45.169460003137885  37 7 5 29.169460003137885
45.39197000320851  86 8 2 27.391970003208513
45.791010003335174  47 9 3 11.791010003335174
46.191630003462336  87 5 5 5.191630003462336
46.932460003697486  8 6 5 1.9324600036974857
47.02528000372695  29 4 3 5.025280003726948
47.67416000393291  0 8 2 28.67416000393291
48.193080004097624  44 8 4 36.193080004097624
49.09054000438249  3 9 2 6.09054000438249
49.851550004624045  71 9 2 14.851550004624045
50.595690004860245  27 9 3 14.595690004860245
51.52349000515474  99 6 3 1.5234900051547413
54.73667000617465  82 5 5 8.736670006174649
56.425940006710846  50 3 3 26.425940006710846
61.80383000841786  45 8 5 20.80383000841786
61.86963000843875  93 8 8 32.86963000843875
62.610930008674046  18 6 3 28.610930008674046
63.08172000882348  92 9 6 14.081720008823481
64.26598000919938  16 4 2 29.26598000919938
64.33833000922235  1 4 4 30.338330009222346
64.42088000924855  81 5 2 17.42088000924855
64.683790009332  58 4 2 24.683790009332
65.55905000960982  25 8 4 34.55905000960982
65.9868100097456  28 8 4 19.986810009745597
66.91123001003902  14 6 6 19.91123001003902
67.95133001036916  39 4 4 30.951330010369162
68.91853001067616  35 8 6 25.918530010676164
