1.0965999999987166  94 5 3 0.0965999999987166
2.0069500000046805  93 4 3 2.0069500000046805
3.1432300000121245  76 6 4 2.1432300000121245
4.397560000002686  33 6 2 4.397560000002686
4.620769999994236  99 4 3 4.620769999994236
5.0565199999777395  20 3 2 3.0565199999777395
5.340629999966984  38 9 2 1.3406299999669837
7.094379999900591  49 5 3 6.094379999900591
7.8658799998713835  31 8 3 5.8658799998713835
8.025349999865346  92 7 4 1.0253499998653464
8.744589999838118  32 6 2 3.7445899998381176
10.022869999789725  70 8 3 4.022869999789725
10.37908999977624  35 6 5 0.37908999977623914
10.775709999761224  62 3 3 1.775709999761224
11.141789999747365  96 4 4 1.141789999747365
12.251809999705342  91 9 5 0.25180999970534224
13.011649999676576  58 3 2 2.0116499996765764
13.084319999673825  88 7 7 8.084319999673825
14.132139999634157  51 7 6 4.132139999634157
14.855069999606789  26 8 6 1.8550699996067888
16.18794999955633  28 7 3 8.18794999955633
16.81579999953256  21 7 4 8.815799999532562
17.23661999951663  56 6 3 11.23661999951663
18.015799999487133  43 3 2 4.0157999994871325
18.29823999947644  50 8 3 4.29823999947644
19.29859999943857  48 3 3 8.298599999438569
20.109679999407863  55 7 3 10.109679999407863
20.55724999939092  89 3 2 7.557249999390919
21.27699999936367  95 3 3 5.276999999363671
22.316569999324315  87 5 3 6.316569999324315
24.035939999259224  19 5 3 3.0359399992592238
24.12026999925603  72 4 4 5.120269999256031
24.339149999247745  0 4 2 8.339149999247745
25.42496999920664  47 9 7 2.4249699992066382
26.054769999182795  24 3 3 4.0547699991827955
26.31380999917299  85 8 3 3.313809999172989
26.718549999157666  1 8 5 3.7185499991576663
27.015429999146427  27 4 4 2.015429999146427
27.941819999111356  36 3 2 2.941819999111356
28.923659999074186  16 4 2 19.923659999074186
29.23811999906228  18 4 4 16.23811999906228
30.0961399990298  11 4 3 1.0961399990297984
30.26992999902322  5 5 5 5.269929999023219
31.705119998968886  74 8 6 13.705119998968886
32.90141999924384  3 4 2 2.901419999243842
33.02781999928396  22 9 9 2.027819999283963
33.60222999946629  23 3 2 8.602229999466289
34.01756999959812  71 9 2 5.017569999598123
36.00069000022759  13 8 6 3.0006900002275927
36.038500000239594  75 8 3 5.038500000239594
36.19622000028966  41 6 3 0.19622000028965658
36.499790000386014  42 7 7 2.499790000386014
36.98070000053866  63 4 4 20.98070000053866
37.129160000585784  98 3 2 5.1291600005857845
37.46858000069352  53 4 4 13.468580000693521
38.00528000086388  7 9 2 2.005280000863877
38.42001000099552  86 7 2 7.420010000995518
39.22873000125222  77 5 4 0.22873000125221665
39.886700001461065  54 7 5 22.886700001461065
40.018610001502935  40 4 2 8.018610001502935
40.38291000161857  97 6 2 22.38291000161857
40.78530000174629  65 8 6 14.785300001746293
41.73008000204618  29 8 7 2.7300800020461793
42.474360002282424  44 5 3 4.474360002282424
43.01135000245287  59 4 3 7.011350002452872
43.02356000245675  39 5 2 0.023560002456747497
43.213590002517066  84 3 2 7.213590002517066
43.543000002621625  6 5 4 24.543000002621625
44.43910000290606  25 6 6 2.439100002906059
45.53210000325299  82 6 4 0.5321000032529923
46.897740003686465  34 9 5 3.897740003686465
47.00147000371939  52 3 3 4.00147000371939
48.109470004071085  83 5 2 9.109470004071085
48.758120004276975  45 4 2 6.758120004276975
49.15821000440397  57 3 2 2.158210004403969
49.64717000455917  68 9 6 15.647170004559172
50.01434000467572  79 8 2 4.0143400046757165
50.53390000484063  8 7 4 0.5339000048406319
62.675640008694586  2 5 3 22.675640008694586
62.89377000876382  78 3 2 14.893770008763823
63.34343000890655  9 5 3 30.34343000890655
64.91421000940514  90 4 3 38.91421000940514
66.07494000977357  73 7 5 45.07494000977357
66.72759000998073  30 7 7 17.72759000998073
66.7341300099828  81 7 7 18.734130009982806
66.90243001003623  4 7 5 25.902430010036227
66.90254001003626  12 7 6 18.90254001003626
66.94408001004945  37 4 4 29.944080010049447
67.44727001020917  69 4 3 49.44727001020917
67.76520001031008  80 6 6 19.765200010310082
68.08037001041012  64 9 5 23.08037001041012
68.91334001067452  61 9 5 23.913340010674517
68.99693001070105  60 9 8 46.99693001070105
69.92422001099538  10 8 2 32.924220010995384
70.04445001103355  66 9 5 20.044450011033547
70.08040001104496  15 6 6 25.080400011044958
70.20705001108516  46 9 3 28.20705001108516
71.54791001151077  17 7 5 58.547910011510766
71.65807001154573  67 6 5 39.65807001154573
72.94018001195269  14 4 3 45.94018001195269
