3.0023300000112014  98 3 3 2.0023300000112014
3.5439300000147496  34 5 3 0.5439300000147496
4.047300000015946  92 3 2 0.04730000001594625
5.593589999957407  56 3 3 2.5935899999574072
6.263619999932041  50 7 7 3.2636199999320414
7.767229999875118  67 7 6 5.767229999875118
8.777379999836876  31 6 6 2.7773799998368762
11.026829999751717  59 9 4 2.026829999751717
11.250029999743267  13 5 3 0.25002999974326734
11.678869999727032  93 8 4 10.678869999727032
12.292599999703798  15 6 5 0.292599999703798
13.000649999676993  41 5 4 9.000649999676993
13.454829999659799  45 7 6 12.454829999659799
14.875459999606017  25 8 3 5.875459999606017
15.330999999588771  6 7 7 1.3309999995887711
17.08317999952244  74 7 5 2.0831799995224394
17.591779999503185  63 7 6 7.591779999503185
18.765089999458766  78 4 3 6.765089999458766
19.96398999941338  72 9 2 4.9639899994133785
21.734409999346354  24 5 4 9.734409999346354
22.231049999327553  38 7 7 10.231049999327553
22.84125999930445  10 6 6 19.84125999930445
23.195969999291023  4 5 4 20.195969999291023
25.424279999206664  76 5 4 8.424279999206664
25.944639999186965  18 4 2 15.944639999186965
26.56422999916351  64 5 3 1.5642299991635085
27.05287999914501  57 4 2 16.05287999914501
27.210109999139057  26 4 3 3.210109999139057
28.020239999108387  60 3 2 1.0202399991083873
28.681769999083343  95 7 4 0.6817699990833432
29.16396999906509  97 4 2 15.163969999065088
29.60797999904828  70 5 2 7.607979999048279
30.020979999032644  32 7 6 2.020979999032644
30.538759999013042  35 8 8 9.538759999013042
31.076249998992694  87 3 3 1.0762499989926937
31.702299998968993  42 7 5 7.702299998968993
32.087629998985534  84 6 4 0.08762999898553403
32.82308999921898  94 8 8 1.823089999218979
34.25254999967271  54 7 4 17.25254999967271
35.355640000022845  3 4 4 1.355640000022845
36.094680000257426  28 8 4 28.094680000257426
36.56818000040772  81 3 3 13.568180000407722
37.15857000059512  77 4 3 7.15857000059512
38.00368000086337  11 4 3 3.003680000863369
38.48923000101749  90 7 2 2.4892300010174893
39.037110001191394  5 6 6 11.037110001191394
39.50885000134113  91 6 6 0.5088500013411306
40.12785000153761  68 7 7 27.12785000153761
40.70653000172129  21 8 8 0.7065300017212905
41.050290001830405  69 6 5 34.050290001830405
42.409750002261916  33 3 3 28.409750002261916
43.07782000247397  46 7 3 3.0778200024739704
43.205490002514495  39 3 2 1.2054900025144946
43.4304500025859  62 6 6 4.4304500025859
44.710880002992326  53 6 2 2.710880002992326
45.29259000317697  43 6 5 0.2925900031769686
45.74411000332029  22 3 2 6.744110003320287
46.35462000351407  27 6 4 3.3546200035140714
47.04374000373281  96 5 2 5.0437400037328075
47.402100003846556  2 6 4 39.402100003846556
47.99066000403337  14 7 2 23.990660004033373
48.994060004351866  48 8 6 42.994060004351866
49.150130004401404  52 3 3 0.15013000440140445
50.32402000477401  80 6 3 1.3240200047740132
50.751920004909834  12 7 7 3.7519200049098345
51.431000005125384  65 4 3 2.4310000051253837
52.84898000557547  19 5 3 2.84898000557547
54.751500006179356  17 6 6 15.751500006179356
56.658760006784746  36 3 3 8.658760006784746
58.779840007458006  40 7 7 11.779840007458006
60.943130008144664  7 3 2 21.943130008144664
69.0960200107325  20 6 3 24.096020010732502
69.83976001096858  0 7 2 29.839760010968575
78.39755001368493  37 4 4 28.397550013684935
80.64920001439964  9 9 7 72.64920001439964
80.97128001450187  99 5 5 40.97128001450187
81.19531001457298  61 4 3 51.19531001457298
82.9120700151179  83 9 4 40.912070015117905
82.91701001511947  1 3 3 37.91701001511947
83.08273001517207  73 9 4 81.08273001517207
83.10263001517839  85 8 7 51.10263001517839
83.93919001544393  89 8 7 69.93919001544393
84.18385001552159  44 3 3 35.183850015521585
84.32476001556631  47 4 2 43.32476001556631
84.3820600155845  82 4 3 47.3820600155845
84.72139001569221  8 7 4 50.72139001569221
85.53723001595117  58 9 6 78.53723001595117
85.73195001601297  86 3 2 56.73195001601297
85.73447001601377  75 6 6 35.73447001601377
86.1869800161574  49 7 6 46.186980016157406
86.82375001635953  71 6 3 48.823750016359526
87.07738001644003  66 9 4 73.07738001644003
87.16294001646719  23 7 7 57.16294001646719
88.0148500167376  51 8 8 65.0148500167376
88.10647001676668  79 5 2 70.10647001676668
88.42543001686792  30 9 9 87.42543001686792
89.00615001705225  55 5 2 62.00615001705225
89.73979001728512  16 8 7 55.73979001728512
90.19565001742981  88 3 3 83.19565001742981
91.34734001779537  29 8 5 49.347340017795375
