20 20 1000 100
1073741824 1073741824
1073741824 1073741824
1073741824 1073741824
1073741824 1073741824
1073741824 1073741824
1073741824 1073741824
1073741824 1073741824
1073741824 1073741824
1073741824 1073741824
1073741824 1073741824
1073741824 1073741824
1073741824 1073741824
1073741824 1073741824
1073741824 1073741824
1073741824 1073741824
1073741824 1073741824
1073741824 1073741824
1073741824 1073741824
1073741824 1073741824
1073741824 1073741824
1073741824
1073741824
1073741824
1073741824
1073741824
1073741824
1073741824
1073741824
1073741824
1073741824
1073741824
1073741824
1073741824
1073741824
1073741824
1073741824
1073741824
1073741824
1073741824
1073741824
6438728434 1.5 8 4 7 3 5 12 17 8 6 15 
5653376423 1.5 6 2 2 1 0 18 4 14 
1189511677 1.5 5 4 19 12 1 5 14 
3046926238 1.5 5 5 1 5 19 16 0 
4116935088 1.5 5 2 0 13 4 5 12 
2067985630 1.5 6 5 11 19 18 3 12 2 
2865943097 1.5 8 8 8 11 0 15 19 2 4 18 
7906065478 1.5 4 3 6 15 10 19 
6880779601 1.5 9 5 10 3 7 11 1 0 6 4 14 
8732798666 1.5 9 2 13 2 9 19 6 0 12 3 15 
7791352862 1.5 6 5 5 4 15 2 6 16 
2038573368 1.5 4 4 3 4 19 6 
3096822446 1.5 5 2 8 2 5 11 9 
2108815120 1.5 7 7 10 8 11 2 16 15 14 
9255333739 1.5 9 8 15 7 10 5 9 17 16 19 2 
9914885910 1.5 5 2 7 0 8 4 5 
1826464404 1.5 9 9 3 18 19 9 7 11 8 4 16 
7052194639 1.5 5 3 10 6 1 18 17 
313681125 1.5 9 9 0 18 16 13 3 1 17 9 15 
2428916113 1.5 7 5 4 5 18 7 19 1 14 
1341081501 1.5 8 2 2 15 5 11 7 18 19 1 
8789161114 1.5 3 2 14 5 15 
4909440657 1.5 3 2 19 14 5 
10454095239 1.5 5 5 17 19 14 8 12 
6967547423 1.5 5 5 0 16 17 1 15 
9991593398 1.5 7 3 9 10 15 1 11 5 19 
4624317921 1.5 7 6 1 15 18 16 17 5 0 
6337189604 1.5 6 5 1 16 0 4 3 17 
4812090089 1.5 4 3 4 11 18 2 
8911356605 1.5 3 2 11 18 2 
9345134587 1.5 6 2 4 7 12 13 18 5 
1419787933 1.5 6 3 7 13 4 3 1 17 
1056923599 1.5 4 4 14 9 10 5 
10637196866 1.5 5 3 18 9 8 13 2 
8351032367 1.5 8 8 10 16 8 15 13 18 7 17 
8750436516 1.5 4 4 11 18 12 4 
2737075686 1.5 9 4 7 0 8 12 11 10 18 2 3 
2512662681 1.5 9 4 9 10 4 11 12 13 19 17 0 
3850932989 1.5 7 3 17 14 12 11 7 5 9 
3006502344 1.5 3 2 19 18 15 
2809527588 1.5 8 3 19 3 4 11 17 8 0 18 
8063479146 1.5 5 3 14 18 10 19 6 
5061565493 1.5 9 6 15 7 12 4 0 6 1 17 3 
10459446147 1.5 7 3 12 13 7 10 18 8 5 
6967684021 1.5 6 3 18 19 8 7 3 6 
5849369841 1.5 7 6 8 12 5 2 16 14 11 
5534768893 1.5 4 2 18 9 13 16 
4911092971 1.5 3 3 4 15 14 
1583040471 1.5 5 2 15 16 0 7 8 
5094264899 1.5 4 4 15 12 2 13 
2373148555 1.5 7 5 1 3 17 13 10 8 6 
10102932796 1.5 9 6 7 12 13 0 4 11 6 17 8 
9104328433 1.5 3 3 19 14 10 
10665325515 1.5 6 4 14 11 8 4 1 19 
7514007497 1.5 7 2 0 16 6 3 7 13 17 
6699257716 1.5 6 6 19 7 3 10 4 11 
1663469392 1.5 9 9 5 12 4 13 15 19 8 18 7 
8732471921 1.5 4 3 18 5 17 11 
9508203034 1.5 8 8 16 19 7 5 1 12 8 4 
3350202642 1.5 9 4 6 8 4 11 3 2 9 7 5 
8946569508 1.5 5 2 15 4 6 10 19 
7536287753 1.5 3 3 3 18 8 
6562967717 1.5 5 2 5 6 11 8 14 
272775524 1.5 6 4 11 17 2 5 3 6 
10415899309 1.5 7 2 17 2 7 8 9 18 10 
9964750251 1.5 4 3 16 19 1 2 
7117682703 1.5 6 5 10 14 3 12 16 6 
10128449705 1.5 7 7 6 10 5 0 16 13 17 
2827155217 1.5 5 3 11 10 15 5 9 
4035025189 1.5 4 3 1 2 8 18 
2169417449 1.5 4 2 4 13 10 17 
7765595425 1.5 6 3 15 3 18 13 19 10 
2727276298 1.5 4 3 15 18 4 8 
4537267065 1.5 5 4 12 10 17 3 0 
1026702774 1.5 3 2 8 0 1 
6744839995 1.5 8 8 0 2 3 14 5 15 10 1 
7408647035 1.5 7 4 7 17 6 12 19 13 14 
420410654 1.5 5 4 6 13 2 11 12 
9307466478 1.5 3 2 7 18 1 
616941780 1.5 9 7 12 6 9 4 5 2 16 0 17 
5456597782 1.5 7 6 3 0 9 18 15 17 4 
2591654459 1.5 5 2 13 19 16 0 15 
10598964359 1.5 6 4 9 3 6 19 2 0 
10238719685 1.5 7 6 16 7 14 2 19 18 13 
1949529535 1.5 4 2 19 18 14 16 
5193036082 1.5 4 2 3 16 12 2 
10037374601 1.5 8 5 4 0 10 16 19 1 2 15 
6890277128 1.5 6 2 18 1 9 0 2 12 
5338133279 1.5 5 4 10 5 8 4 19 
10260419016 1.5 3 2 16 12 19 
1524604746 1.5 9 5 10 9 15 7 3 19 17 13 0 
4663430564 1.5 8 7 0 2 15 12 16 1 17 13 
10208636485 1.5 8 3 18 4 5 9 10 12 15 1 
10486002188 1.5 7 2 14 17 15 6 5 19 0 
2596533379 1.5 6 3 4 12 1 10 13 15 
4597794033 1.5 4 3 19 14 0 6 
3092296936 1.5 6 6 16 6 17 10 3 8 
2459859519 1.5 9 3 11 3 16 12 18 0 13 17 15 
8494720488 1.5 4 4 0 17 5 8 
3848264312 1.5 5 5 19 4 14 10 18 
5245772200 1.5 7 6 12 1 3 18 13 8 10 
4500954485 1.5 7 2 2 0 4 18 15 10 5 
4199574707 1.5 7 3 9 17 7 12 14 15 10 
10289275153 1.5 8 2 2 9 1 7 8 4 3 12 
1021135215 1.5 7 3 19 1 14 8 4 2 10 
8933246774 1.5 3 3 19 18 2 
202073594 1.5 7 4 2 17 0 7 3 13 16 
8961491327 1.5 4 4 3 17 14 5 
9526549146 1.5 6 2 10 1 2 18 13 0 
7706885586 1.5 3 2 14 3 17 
7209602474 1.5 3 3 11 0 10 
7040807121 1.5 8 7 18 12 9 1 11 8 2 4 
979564632 1.5 4 2 4 1 8 2 
229096057 1.5 8 2 10 19 14 16 5 6 13 7 
6027330249 1.5 7 4 17 3 1 11 13 18 16 
2269837705 1.5 5 5 3 17 7 0 9 
3755682127 1.5 5 3 3 13 2 17 8 
4081262648 1.5 6 3 8 2 13 18 10 19 
9772130628 1.5 6 2 13 16 4 6 0 18 
6272875610 1.5 4 2 5 12 0 17 
1859918011 1.5 9 7 11 8 13 4 14 19 6 12 5 
4723441491 1.5 9 6 14 9 11 15 6 8 5 4 7 
9049092289 1.5 6 6 17 4 8 3 15 5 
1518033169 1.5 5 3 1 0 4 11 5 
5961940113 1.5 8 8 4 15 7 0 17 13 11 19 
5143938969 1.5 7 6 14 11 1 2 9 16 18 
5889303038 1.5 6 6 9 8 12 7 18 16 
8595820998 1.5 7 5 9 15 14 3 18 17 0 
2546078321 1.5 8 5 5 17 19 16 15 1 9 12 
9916724579 1.5 9 4 2 0 15 5 7 4 3 14 19 
1446102003 1.5 8 3 5 7 11 13 9 19 0 3 
1601965706 1.5 7 3 14 12 1 3 4 13 9 
4711091249 1.5 8 4 19 9 13 18 11 5 8 2 
34148035 1.5 7 6 10 17 2 12 14 8 9 
5892811142 1.5 8 7 7 4 12 2 15 5 16 18 
4184961204 1.5 4 4 17 0 15 16 
5645580766 1.5 5 4 18 7 11 8 14 
7166358281 1.5 4 2 6 12 2 0 
5600753810 1.5 4 2 4 8 15 18 
9127502315 1.5 9 6 13 7 2 0 6 16 9 18 10 
10682289989 1.5 7 2 13 8 12 11 16 4 6 
617653917 1.5 8 3 2 6 0 7 16 11 18 10 
563833674 1.5 5 5 16 7 5 11 17 
3639911075 1.5 5 5 9 2 17 19 5 
2010097663 1.5 3 3 11 15 6 
9151737272 1.5 3 2 5 11 3 
1883470564 1.5 4 3 3 18 19 12 
9334919241 1.5 3 3 8 2 11 
7626376019 1.5 4 4 1 0 10 2 
1790137981 1.5 8 6 18 14 0 1 2 11 6 3 
7264001024 1.5 7 6 19 10 3 17 12 8 13 
10156215012 1.5 4 3 16 5 15 2 
7796930420 1.5 3 2 1 0 10 
4821674111 1.5 9 5 11 7 15 13 8 2 6 17 0 
8497357802 1.5 8 5 5 0 12 1 14 6 10 18 
2598464813 1.5 3 2 19 13 6 
8306093337 1.5 6 2 15 11 1 17 14 8 
3418266361 1.5 6 3 11 9 1 13 3 5 
10334392077 1.5 7 2 11 18 0 4 2 13 17 
1084878838 1.5 9 2 15 2 10 1 12 16 0 6 19 
4007630747 1.5 3 3 10 16 0 
9377477822 1.5 3 2 1 12 3 
2584097202 1.5 6 5 19 17 5 13 10 18 
3142047294 1.5 7 3 4 11 0 9 5 2 14 
7918771886 1.5 6 4 11 3 1 10 17 14 
1672146965 1.5 6 4 5 0 6 16 4 14 
4830320653 1.5 9 5 15 0 7 16 13 9 14 3 12 
5540150561 1.5 8 4 18 2 19 0 5 17 9 10 
498099625 1.5 5 5 4 12 9 18 7 
9513819479 1.5 4 2 10 15 8 19 
8869568286 1.5 5 4 4 9 3 6 13 
4668379506 1.5 9 7 17 0 1 14 10 2 7 4 13 
9270615532 1.5 7 6 1 5 17 13 16 19 3 
1171924966 1.5 8 3 7 3 1 9 5 0 14 17 
8003763789 1.5 6 5 5 7 9 6 19 16 
3029660966 1.5 8 4 6 12 1 9 3 13 0 15 
3779259950 1.5 8 4 12 16 9 4 1 17 7 19 
9854306537 1.5 5 4 3 6 18 17 14 
4395850586 1.5 8 3 18 9 4 7 15 17 14 2 
1324246750 1.5 3 3 19 3 10 
6381240707 1.5 4 4 0 12 14 10 
8933393839 1.5 9 8 13 16 18 9 1 10 3 4 11 
7280213873 1.5 8 7 3 4 10 12 13 5 15 16 
7180557772 1.5 4 4 8 7 11 0 
8897122673 1.5 9 8 3 12 7 13 19 18 8 9 14 
6827931806 1.5 6 2 10 16 12 18 11 7 
2794965063 1.5 6 2 6 13 11 15 5 19 
7070297848 1.5 7 4 17 19 10 1 13 5 12 
4131513590 1.5 4 2 6 0 1 13 
5554311407 1.5 4 3 18 7 2 14 
1579650606 1.5 6 4 3 10 18 8 16 5 
9360674387 1.5 3 2 16 7 9 
9509440457 1.5 5 5 19 4 7 6 8 
1544437165 1.5 3 3 1 14 6 
6440160408 1.5 6 5 17 10 19 0 7 18 
8319810364 1.5 3 3 11 15 7 
2401038015 1.5 6 6 5 7 8 2 0 6 
2515375589 1.5 6 6 6 7 2 14 0 5 
172046906 1.5 5 4 10 18 14 8 2 
601905122 1.5 7 2 16 10 11 13 4 1 3 
4508687693 1.5 9 7 13 17 11 4 7 10 1 3 19 
6306045098 1.5 5 5 5 18 9 11 6 
2333958068 1.5 9 2 15 8 4 13 11 19 3 2 16 
1166005737 1.5 5 5 19 5 10 18 11 
5785835696 1.5 7 5 5 7 9 1 12 15 11 
8463229250 1.5 6 2 2 8 6 18 1 9 
6343379279 1.5 9 8 0 13 8 1 11 12 16 5 9 
8770149142 1.5 7 4 9 19 0 5 13 2 12 
4062294616 1.5 8 5 17 3 11 8 13 15 19 4 
6428187515 1.5 5 3 5 17 11 18 6 
3202096321 1.5 3 3 17 2 10 
8993935612 1.5 9 3 5 9 12 15 3 4 6 19 17 
7768134218 1.5 9 3 4 18 6 16 5 11 2 15 7 
3186046041 1.5 4 2 12 4 11 3 
7927340698 1.5 6 3 14 8 13 7 0 11 
5229505670 1.5 6 6 14 0 6 11 15 4 
1012114034 1.5 7 4 12 14 16 10 8 15 17 
8271413884 1.5 8 6 4 0 18 14 9 7 1 13 
10313260342 1.5 6 2 13 14 18 12 5 4 
1294060065 1.5 5 2 15 19 5 12 2 
1970318634 1.5 5 4 3 1 6 16 10 
1201632847 1.5 8 2 3 2 7 19 13 1 8 5 
4109176054 1.5 5 4 7 4 13 16 2 
6794414851 1.5 5 2 12 13 5 17 15 
9847438673 1.5 4 2 3 10 19 7 
7609821199 1.5 8 6 5 10 19 15 16 17 12 18 
8975537528 1.5 5 3 7 6 12 14 4 
3773032934 1.5 3 2 0 9 11 
5356504847 1.5 3 2 0 2 14 
5466514114 1.5 3 2 5 19 16 
5215728057 1.5 5 4 11 15 0 12 18 
3182203457 1.5 7 5 11 3 0 10 4 19 16 
2618225675 1.5 5 5 14 10 1 16 9 
10302504216 1.5 3 2 11 13 1 
2343948191 1.5 6 4 9 2 3 15 14 1 
1310401846 1.5 3 2 1 8 5 
10462668930 1.5 6 5 4 5 0 18 9 17 
9914670299 1.5 7 7 15 17 2 19 14 7 6 
7264575222 1.5 3 2 18 0 3 
10348504196 1.5 3 2 2 7 10 
5150358315 1.5 8 4 4 9 12 17 16 8 15 3 
8092709775 1.5 7 2 3 7 6 0 10 19 1 
229498053 1.5 8 8 11 9 14 10 13 5 19 4 
1588238533 1.5 9 4 13 8 2 18 17 4 0 12 6 
7170678072 1.5 4 2 2 6 19 11 
4483354640 1.5 9 2 15 0 5 2 8 9 11 6 10 
5347826220 1.5 6 4 9 19 10 13 1 6 
17187170 1.5 3 2 14 5 13 
5847542178 1.5 3 3 17 2 1 
7399134809 1.5 3 3 15 18 14 
6922040727 1.5 9 2 12 3 5 16 6 13 9 1 0 
7960551163 1.5 7 4 14 7 5 16 4 0 10 
8272258427 1.5 4 2 6 17 14 7 
2153102292 1.5 6 3 3 10 1 14 9 15 
8987662704 1.5 8 6 9 3 14 15 19 7 10 18 
2248658835 1.5 9 2 1 8 3 11 12 18 10 19 17 
2307482853 1.5 6 5 17 9 18 12 5 10 
5810704368 1.5 4 4 4 19 7 15 
8753461688 1.5 9 2 17 15 12 7 18 14 4 13 19 
4321572165 1.5 3 3 8 12 2 
4992998649 1.5 7 7 18 15 14 8 12 13 0 
5351193759 1.5 3 2 11 12 14 
4549420155 1.5 8 6 19 8 18 6 16 2 17 13 
7577126605 1.5 7 5 13 15 2 0 1 3 7 
6473628414 1.5 4 3 14 17 2 6 
974892269 1.5 4 2 13 0 1 5 
1334966361 1.5 7 7 18 16 19 9 13 4 12 
7344311049 1.5 4 3 5 15 8 13 
1869772100 1.5 8 4 13 7 16 5 1 15 4 18 
6557286813 1.5 9 4 3 11 2 17 10 0 18 12 4 
8584505411 1.5 7 3 15 12 18 0 17 13 14 
4894858761 1.5 7 5 6 14 8 2 1 0 3 
3435367170 1.5 4 2 2 13 7 16 
1900092878 1.5 5 5 14 13 16 15 18 
1095172330 1.5 5 2 1 12 17 4 0 
4548878651 1.5 5 3 7 12 10 4 13 
5324474218 1.5 3 3 5 3 16 
3527551270 1.5 8 8 11 7 14 0 13 4 10 2 
911921810 1.5 7 7 2 12 5 1 13 18 15 
4815473557 1.5 8 2 12 15 16 18 0 14 5 11 
5234301589 1.5 7 7 8 13 4 10 7 17 16 
8026803616 1.5 7 5 13 11 18 3 1 9 12 
44449272 1.5 3 3 3 13 10 
2617821800 1.5 8 5 6 1 11 7 12 16 18 5 
6378448292 1.5 6 3 11 12 7 5 0 4 
3304879099 1.5 6 3 17 18 10 4 7 15 
6321016301 1.5 8 5 15 12 7 13 10 3 4 18 
4500352366 1.5 3 3 1 16 15 
1596289413 1.5 6 5 1 15 19 18 14 0 
9056639319 1.5 3 3 7 15 18 
10657604987 1.5 6 5 18 6 2 7 13 16 
9050708534 1.5 4 4 3 15 9 2 
2366008150 1.5 4 3 17 4 5 7 
10514024620 1.5 7 7 14 17 8 12 5 9 1 
6248417551 1.5 9 4 16 3 10 11 14 1 15 5 8 
5966859041 1.5 4 3 3 7 17 4 
6532807480 1.5 9 7 10 4 18 14 0 3 5 6 11 
182152992 1.5 9 8 5 4 14 15 2 17 7 11 1 
3352113579 1.5 9 4 17 9 18 11 15 6 0 16 10 
6690755965 1.5 3 2 17 15 3 
3347249781 1.5 7 3 16 3 0 11 10 18 9 
5740011179 1.5 8 7 13 19 2 9 6 17 18 0 
1474882965 1.5 3 3 12 0 1 
7005725280 1.5 4 4 7 10 12 17 
10251227180 1.5 3 2 15 1 18 
5236938884 1.5 4 2 15 0 19 2 
3081797394 1.5 9 2 0 16 7 11 15 1 14 5 9 
686210866 1.5 8 8 18 10 4 5 7 19 6 2 
3999926102 1.5 4 3 19 1 18 3 
9262518513 1.5 7 3 3 13 9 17 7 6 0 
2078527144 1.5 4 3 6 4 0 9 
6294026542 1.5 7 4 3 16 8 11 13 7 19 
2509351599 1.5 8 3 4 10 3 6 7 0 8 2 
474106585 1.5 4 2 10 7 15 5 
9114375157 1.5 6 3 6 12 11 18 16 1 
9487622174 1.5 3 3 16 19 7 
1534106872 1.5 5 4 0 8 13 16 5 
7844944628 1.5 8 4 17 8 2 16 5 6 9 4 
6707209516 1.5 5 2 11 14 13 5 1 
8189664124 1.5 8 4 1 19 12 18 17 5 14 8 
3641900978 1.5 8 5 2 16 15 12 0 13 4 9 
4429847610 1.5 5 4 17 7 9 5 14 
6295492704 1.5 6 4 19 10 14 0 18 5 
10559327275 1.5 3 3 11 12 13 
2000410924 1.5 9 6 7 12 3 2 19 15 14 13 1 
4892829691 1.5 4 2 9 12 19 5 
5053597629 1.5 3 2 2 12 8 
4611653331 1.5 7 2 9 17 6 13 11 8 4 
2968404699 1.5 9 5 4 14 9 18 5 17 19 6 8 
9839135503 1.5 4 3 15 16 7 0 
5249303006 1.5 9 5 10 1 12 6 14 9 3 16 18 
9014848612 1.5 5 4 13 1 5 16 12 
6361398597 1.5 9 2 13 6 0 8 17 14 2 15 11 
6272574439 1.5 6 4 7 19 11 5 1 9 
5668648647 1.5 6 6 10 16 12 1 14 7 
4610451613 1.5 7 2 13 6 12 15 8 18 3 
9473093239 1.5 4 2 15 17 3 0 
6790630205 1.5 9 2 15 2 11 3 4 9 17 1 8 
1036244943 1.5 3 3 11 12 18 
7292562799 1.5 7 4 4 2 6 5 11 8 14 
939976651 1.5 5 3 2 3 1 13 17 
3161641448 1.5 9 6 0 4 9 6 7 1 14 19 13 
8370865130 1.5 7 4 19 13 0 8 7 18 12 
2551047220 1.5 7 5 18 1 9 0 17 19 5 
4762164041 1.5 4 4 4 6 19 11 
8943481238 1.5 6 3 0 14 17 19 2 10 
2008340533 1.5 3 2 3 9 18 
3643647667 1.5 7 7 11 17 10 9 12 16 4 
4878009995 1.5 6 6 1 14 18 19 4 8 
9043730230 1.5 8 7 9 7 14 5 0 11 15 3 
929850472 1.5 9 8 2 0 18 12 10 13 5 11 14 
9157325486 1.5 7 3 14 19 6 7 17 1 8 
2049712978 1.5 4 4 15 11 5 10 
910772703 1.5 8 4 12 13 19 0 4 15 7 8 
5809926368 1.5 9 5 17 15 4 16 19 1 12 8 0 
8890232659 1.5 8 2 1 3 14 0 12 5 19 8 
1897922865 1.5 6 2 16 13 11 19 4 3 
930490656 1.5 7 6 0 19 10 11 4 13 2 
4108285201 1.5 9 2 4 15 7 3 11 18 0 14 5 
10607376640 1.5 7 4 7 19 3 14 6 4 11 
6663054257 1.5 3 3 7 13 16 
805850065 1.5 5 3 6 14 0 18 7 
8776774802 1.5 3 2 2 5 19 
8333789307 1.5 3 2 12 10 19 
3332389106 1.5 3 3 10 8 7 
4240074316 1.5 9 6 15 18 4 1 14 7 3 12 2 
2696841077 1.5 8 8 5 0 8 14 2 9 6 4 
2642690149 1.5 8 7 4 17 3 1 8 10 11 14 
2318743932 1.5 7 2 12 5 11 8 14 18 13 
10185146395 1.5 7 2 14 10 12 7 19 9 0 
478899778 1.5 5 3 1 18 13 17 2 
6295021509 1.5 4 2 12 6 9 1 
2131973411 1.5 9 3 9 17 0 2 13 8 19 14 4 
8676941859 1.5 6 3 16 9 13 1 0 6 
4828019412 1.5 6 4 17 9 11 6 14 18 
6570233994 1.5 3 3 14 3 9 
946372793 1.5 7 7 2 11 1 17 16 9 12 
4205574498 1.5 6 4 8 19 3 10 14 9 
5428198696 1.5 8 4 5 14 7 13 11 1 4 16 
3584105993 1.5 6 4 4 13 17 10 12 0 
661015822 1.5 7 4 17 10 4 2 15 9 1 
1599270220 1.5 9 3 17 16 7 6 3 5 18 2 15 
8432674237 1.5 4 2 18 12 1 10 
8998578713 1.5 8 7 8 11 13 9 18 10 14 6 
18255443 1.5 8 3 8 9 16 18 12 13 0 3 
3700279993 1.5 5 3 10 2 5 6 16 
9124890008 1.5 4 3 0 15 16 6 
8192333383 1.5 8 3 9 13 17 10 15 8 7 0 
7778489161 1.5 5 3 5 15 19 16 6 
6848444386 1.5 3 3 11 5 1 
9778012241 1.5 9 7 2 4 15 7 12 17 5 18 1 
1909970235 1.5 4 3 9 17 18 10 
1850387112 1.5 6 5 4 12 1 6 19 11 
10076200035 1.5 9 2 2 8 6 17 18 7 9 14 11 
1704252260 1.5 7 2 0 3 2 14 1 11 18 
5558995530 1.5 6 5 5 1 7 11 12 6 
9258365802 1.5 8 7 13 10 19 6 11 0 5 18 
9178316520 1.5 7 6 17 11 3 19 15 16 18 
838598028 1.5 6 4 4 8 14 9 0 5 
6650758628 1.5 8 3 3 8 14 7 10 9 16 19 
8571541669 1.5 5 5 12 9 8 18 1 
4060696544 1.5 6 3 5 7 18 15 8 19 
781487209 1.5 9 2 8 17 15 6 0 16 3 14 19 
8228594195 1.5 5 2 13 18 15 12 10 
5127781283 1.5 6 3 9 1 17 4 13 5 
2836232586 1.5 6 4 7 10 16 0 3 8 
1069742155 1.5 9 6 11 15 12 6 18 4 14 2 5 
6673121181 1.5 9 5 17 13 0 15 5 18 2 6 3 
4239604208 1.5 8 4 15 2 1 6 7 4 19 12 
990115854 1.5 7 2 14 3 0 1 19 8 2 
4614599108 1.5 7 5 13 0 18 14 6 1 8 
3466520316 1.5 3 3 9 1 7 
2128035329 1.5 4 2 9 2 5 18 
6130111090 1.5 6 3 17 0 7 19 3 4 
7622959132 1.5 3 3 10 17 6 
8327090186 1.5 6 3 1 12 13 10 6 5 
3819888949 1.5 5 5 11 14 2 6 12 
2849651563 1.5 7 4 12 13 18 15 5 8 17 
728645944 1.5 7 7 15 3 1 18 12 0 7 
2750645622 1.5 6 2 1 17 16 19 14 12 
6968378543 1.5 7 6 18 1 6 17 7 12 5 
8612701670 1.5 8 4 14 13 17 9 11 15 7 16 
653540239 1.5 9 9 15 7 12 8 17 5 16 10 19 
6202472064 1.5 9 8 3 10 1 17 7 8 11 13 14 
10118728669 1.5 3 2 4 15 17 
976845486 1.5 5 4 19 4 1 0 3 
905666403 1.5 5 5 14 7 8 4 17 
3757776155 1.5 6 3 18 10 19 6 15 2 
10363241395 1.5 3 2 15 8 16 
8838083022 1.5 7 2 11 9 17 15 7 13 0 
7903988895 1.5 6 6 10 17 12 0 13 1 
15003005 1.5 9 8 10 19 13 7 16 0 17 11 4 
4292186764 1.5 8 3 10 11 15 4 18 5 0 19 
3403116281 1.5 7 6 4 3 5 6 10 8 18 
3639064984 1.5 9 5 5 1 10 14 13 8 16 17 15 
8375556068 1.5 8 3 17 2 18 4 12 5 8 10 
9927011186 1.5 5 2 5 16 7 9 11 
9818408016 1.5 9 7 12 0 16 5 8 15 13 11 6 
1495614011 1.5 9 4 13 19 17 4 5 18 15 2 8 
3505554920 1.5 5 4 5 6 13 0 7 
3963706411 1.5 3 2 1 4 11 
1440578517 1.5 6 2 14 10 19 11 16 17 
8079415351 1.5 9 4 11 7 6 0 12 13 16 4 9 
9301540418 1.5 6 2 15 16 0 11 14 8 
2009337940 1.5 5 3 7 2 11 3 4 
9695437741 1.5 3 2 15 1 3 
9846004784 1.5 9 7 19 4 5 18 1 14 15 17 2 
8239735069 1.5 7 2 18 11 8 1 9 0 15 
8130061001 1.5 5 3 7 4 5 3 11 
5277720313 1.5 9 2 4 2 18 1 5 16 19 8 17 
4819518103 1.5 5 5 13 2 6 14 11 
2726220050 1.5 5 3 10 2 3 17 8 
1176601021 1.5 9 7 0 15 8 18 13 10 9 16 12 
1742676184 1.5 7 7 0 4 8 17 6 14 1 
7833835035 1.5 7 7 8 3 18 2 6 16 15 
10167724573 1.5 3 3 0 8 9 
2044774200 1.5 9 4 7 5 11 13 3 2 16 9 12 
6059968796 1.5 3 2 8 4 5 
8801594491 1.5 4 4 8 0 4 14 
3886689931 1.5 6 6 13 12 15 6 3 7 
8315301322 1.5 7 4 17 12 13 10 1 8 2 
9366094280 1.5 9 3 13 7 6 5 15 17 16 1 8 
4042952759 1.5 9 7 6 17 1 8 10 12 0 15 16 
3966518364 1.5 6 6 12 15 11 16 6 17 
4445762739 1.5 3 2 16 15 13 
266616152 1.5 7 4 5 14 2 15 0 9 6 
731465566 1.5 7 3 10 7 11 17 15 6 18 
2095092231 1.5 7 4 9 16 10 2 18 0 15 
7052627889 1.5 8 7 1 19 15 8 7 4 17 12 
551060581 1.5 8 2 1 0 2 18 12 15 17 8 
6142141926 1.5 4 2 6 3 9 19 
10252079821 1.5 9 6 2 0 9 16 8 1 17 6 14 
9611415436 1.5 9 2 11 13 6 10 3 8 18 15 12 
2589156658 1.5 9 4 1 2 7 3 4 17 10 12 0 
1147373424 1.5 8 2 3 0 12 13 6 2 17 7 
4112020806 1.5 7 3 14 17 0 19 12 1 9 
2282202527 1.5 6 5 8 11 9 1 12 18 
9429852366 1.5 3 3 18 13 4 
4858224652 1.5 6 5 17 18 11 1 13 4 
9850358753 1.5 6 6 14 4 1 17 7 18 
3752950492 1.5 3 3 0 11 7 
3469468157 1.5 5 5 18 15 3 17 8 
4148329037 1.5 7 4 12 10 16 0 7 3 5 
7739092613 1.5 8 8 15 17 18 5 14 13 16 3 
8530482734 1.5 6 6 13 10 19 3 11 8 
10408527744 1.5 7 2 10 1 18 19 5 9 4 
2380336103 1.5 5 4 3 10 0 12 18 
8618460571 1.5 7 4 0 3 6 18 2 17 1 
3059761309 1.5 5 3 16 5 7 10 18 
3283871625 1.5 6 3 6 5 3 16 12 17 
9665708061 1.5 9 6 18 3 1 15 10 16 14 4 5 
10736528855 1.5 7 3 11 1 18 2 5 3 10 
6957408819 1.5 4 2 2 6 14 11 
9747997619 1.5 8 2 4 2 11 9 13 17 14 18 
3294599946 1.5 3 3 5 7 0 
3263632970 1.5 3 3 8 7 15 
3400681455 1.5 6 5 15 12 0 1 2 5 
7906251132 1.5 7 2 8 15 19 9 7 5 0 
9792163956 1.5 7 4 10 8 0 2 11 12 1 
6508147884 1.5 7 5 13 12 11 7 17 0 16 
2829725466 1.5 9 7 7 16 8 2 11 12 17 15 0 
3319081222 1.5 7 4 0 10 15 2 19 3 8 
9862683616 1.5 3 3 6 9 15 
8124533331 1.5 3 3 12 0 9 
3732105886 1.5 4 3 11 17 12 1 
1030098664 1.5 4 4 4 12 3 18 
8155970571 1.5 7 2 6 7 17 4 10 13 15 
4327070857 1.5 8 2 0 7 15 1 5 14 11 19 
3438696269 1.5 8 5 1 3 4 17 8 0 5 18 
4733949524 1.5 8 4 12 11 3 4 19 10 15 1 
6469908578 1.5 8 2 16 19 5 9 18 2 6 11 
8828204110 1.5 5 2 0 8 7 6 4 
2424566260 1.5 4 2 4 2 0 10 
2592208600 1.5 5 3 15 8 11 4 17 
2562115178 1.5 6 5 14 13 15 4 9 1 
637115387 1.5 8 2 3 19 11 7 4 9 18 10 
2402476291 1.5 5 3 0 7 15 16 14 
7311910740 1.5 5 5 16 2 14 17 9 
3968151249 1.5 5 5 3 14 11 13 12 
10096213916 1.5 4 2 6 7 18 12 
2815270790 1.5 5 5 15 1 19 0 18 
3787147140 1.5 4 3 5 14 15 17 
509750987 1.5 3 2 10 3 13 
1623743892 1.5 4 2 11 1 6 14 
10372494336 1.5 9 6 8 13 16 15 5 2 12 10 1 
8140722889 1.5 4 4 2 0 16 8 
357574225 1.5 4 2 16 19 13 14 
911754159 1.5 9 6 15 5 7 12 11 3 0 1 8 
1262391959 1.5 3 2 5 16 14 
603364716 1.5 8 2 13 14 16 8 9 5 15 4 
4267764134 1.5 5 4 7 5 14 10 17 
6113800058 1.5 5 4 19 3 16 9 1 
1170361074 1.5 8 7 14 18 7 4 16 0 6 15 
8406775831 1.5 5 4 9 0 4 12 13 
10534882156 1.5 8 8 14 17 2 8 15 3 1 7 
7887372793 1.5 8 5 10 11 3 19 18 15 8 7 
2899968513 1.5 5 4 17 9 14 10 1 
2433735744 1.5 3 2 12 17 0 
6468759862 1.5 9 3 18 2 3 4 11 13 6 16 1 
6377397428 1.5 9 2 19 0 18 14 8 10 15 1 5 
7461873010 1.5 6 5 18 10 6 3 15 1 
8992481659 1.5 4 3 11 15 14 9 
5993959714 1.5 8 3 17 12 2 15 14 0 11 1 
7336710230 1.5 7 4 1 10 19 18 0 2 14 
5305201748 1.5 4 3 14 6 13 12 
3938453180 1.5 4 3 6 18 0 4 
6823073692 1.5 5 4 4 5 11 12 10 
4882353762 1.5 8 5 11 7 5 15 2 1 4 0 
2444190601 1.5 8 6 1 18 4 15 6 17 3 5 
3043089489 1.5 3 2 7 11 14 
10730910539 1.5 7 7 17 11 0 9 5 1 18 
1808663007 1.5 3 3 11 17 19 
1215565789 1.5 9 9 7 11 14 3 17 8 16 12 6 
699848555 1.5 3 3 16 13 9 
5319968254 1.5 3 3 9 4 19 
8574703559 1.5 7 7 11 10 13 15 8 1 5 
7726785012 1.5 3 3 10 19 17 
10734046988 1.5 8 2 13 4 7 3 11 18 16 1 
5117589184 1.5 9 5 17 6 2 11 14 19 8 4 12 
10187850486 1.5 4 3 15 7 8 11 
574634585 1.5 9 5 18 14 9 0 3 8 6 19 15 
69509119 1.5 4 2 6 9 10 5 
3589002752 1.5 8 3 7 5 14 10 12 9 15 3 
2106095374 1.5 9 7 10 5 4 6 15 7 9 0 17 
5765662673 1.5 4 4 0 17 10 16 
2389878389 1.5 5 4 18 12 16 14 10 
6590058558 1.5 9 2 2 1 0 18 16 10 3 14 8 
9320991225 1.5 3 2 6 7 12 
1910719051 1.5 8 3 19 0 5 6 16 7 13 15 
6426250296 1.5 5 3 0 18 14 9 16 
9511237020 1.5 6 5 11 0 15 8 12 3 
848602764 1.5 8 3 10 6 14 0 18 13 1 11 
9608871958 1.5 4 3 16 5 4 8 
726576264 1.5 8 5 5 12 14 19 3 18 11 8 
8448443517 1.5 4 4 10 9 12 16 
10357455082 1.5 5 4 9 2 14 0 11 
6577732175 1.5 6 4 5 1 11 18 13 2 
1018554193 1.5 3 3 8 2 11 
3252944414 1.5 6 5 11 9 13 3 15 18 
5580777895 1.5 9 3 12 0 6 5 8 15 10 17 4 
1227200617 1.5 5 5 3 15 17 8 13 
5432907165 1.5 5 2 6 1 5 17 3 
1120161605 1.5 8 8 5 17 12 11 16 1 19 4 
8446498636 1.5 6 6 3 9 16 4 19 13 
2987237779 1.5 6 2 18 5 15 0 7 16 
7609650076 1.5 4 2 4 0 14 19 
4446626180 1.5 6 4 7 14 0 13 4 12 
8985503618 1.5 3 3 5 15 8 
6417482180 1.5 7 3 9 4 1 13 17 3 18 
4338451285 1.5 4 3 6 11 10 14 
7819338412 1.5 7 5 5 3 2 17 11 18 14 
2282149209 1.5 9 7 1 13 5 9 6 18 0 12 8 
8712805251 1.5 8 4 2 15 1 4 0 8 11 16 
6980702600 1.5 7 5 18 16 2 14 0 10 5 
6251736644 1.5 4 4 12 19 13 17 
2262773180 1.5 7 3 0 7 3 16 19 2 9 
10367863020 1.5 3 3 14 5 11 
5089357667 1.5 8 3 12 15 19 0 2 6 5 13 
3854440316 1.5 7 7 14 6 1 5 3 7 16 
10539702675 1.5 7 5 2 10 12 17 15 9 3 
4295224042 1.5 6 5 3 10 0 6 8 16 
9480361820 1.5 3 2 18 1 15 
9293540946 1.5 8 3 14 16 10 13 18 2 17 19 
9122959160 1.5 3 2 18 0 17 
5204575966 1.5 9 4 16 15 1 8 9 18 17 11 0 
9725001957 1.5 9 2 16 0 3 10 7 2 4 11 14 
3074979562 1.5 7 7 2 5 0 4 11 7 19 
4653235905 1.5 6 2 12 4 6 15 14 16 
1602399426 1.5 3 2 2 15 14 
5310725865 1.5 3 3 6 7 15 
7797459175 1.5 6 3 7 12 9 4 1 19 
7484365518 1.5 4 4 1 11 10 6 
6711974635 1.5 8 5 5 16 3 15 8 7 13 18 
10538714262 1.5 9 9 17 8 12 11 15 6 7 13 14 
1239945828 1.5 4 4 3 1 4 6 
2308106630 1.5 9 5 11 0 15 6 18 12 14 17 5 
9119498100 1.5 4 2 18 1 9 12 
2887382677 1.5 9 8 19 16 10 6 7 12 17 1 9 
9644641202 1.5 3 2 19 2 16 
844490929 1.5 4 4 0 18 5 19 
5812086258 1.5 8 8 12 10 18 14 5 4 6 16 
3040332111 1.5 4 3 4 14 2 10 
3402355263 1.5 9 2 9 16 15 8 7 0 12 18 14 
1754127133 1.5 7 2 0 19 14 15 12 4 18 
9482494603 1.5 5 2 4 16 8 17 6 
9344150095 1.5 3 3 14 11 13 
1838330897 1.5 3 2 2 17 10 
5365483319 1.5 7 3 11 12 5 19 15 14 13 
6791683026 1.5 7 2 19 4 0 8 6 11 17 
6803764462 1.5 9 6 0 7 6 10 1 12 4 18 5 
5669965596 1.5 9 7 12 18 1 7 6 0 16 5 14 
2550343218 1.5 6 6 18 13 4 15 14 8 
1376258485 1.5 4 4 6 8 0 3 
7945675993 1.5 5 2 8 10 5 1 7 
5609936509 1.5 8 8 19 11 7 10 17 15 9 12 
6356597391 1.5 9 4 3 10 14 18 4 5 17 11 2 
6846942763 1.5 9 2 3 17 15 12 8 0 6 13 1 
6498471902 1.5 6 6 6 15 14 11 18 9 
5817400230 1.5 8 6 7 12 1 17 10 14 9 11 
10218415974 1.5 8 3 13 19 10 7 2 17 11 3 
3469730036 1.5 5 5 16 6 11 14 1 
10629403289 1.5 6 6 13 14 2 8 19 7 
10638820596 1.5 7 7 9 2 16 0 4 1 18 
7672574427 1.5 9 2 5 1 8 3 11 16 13 0 17 
2103370891 1.5 8 3 3 12 9 15 16 8 13 4 
10379658903 1.5 5 5 11 6 14 10 18 
8254047117 1.5 8 3 7 3 8 19 11 10 15 1 
255869183 1.5 3 2 5 2 3 
7152877458 1.5 9 8 14 15 4 1 9 2 7 13 0 
882841984 1.5 8 6 17 3 2 15 14 13 5 1 
7589500711 1.5 6 5 12 13 11 7 15 1 
3057914003 1.5 5 2 1 9 2 13 14 
3768946401 1.5 9 2 6 8 13 1 14 2 0 7 17 
8570057240 1.5 6 2 6 19 12 15 10 8 
6564031531 1.5 3 3 15 17 11 
2009435528 1.5 9 4 13 11 19 12 16 2 3 0 17 
6626513778 1.5 6 3 6 8 4 19 14 16 
1056443434 1.5 3 3 3 8 17 
8496870347 1.5 8 8 0 16 8 11 18 9 5 14 
6577681322 1.5 6 6 7 18 5 15 8 12 
10189844002 1.5 5 2 11 19 3 12 0 
5604423708 1.5 3 3 16 7 18 
2083002311 1.5 8 5 3 1 17 11 16 7 14 6 
10560210285 1.5 5 2 12 2 7 0 17 
7650405268 1.5 7 5 2 3 6 10 13 9 12 
9962405517 1.5 6 4 17 16 19 15 9 6 
3578636094 1.5 8 3 5 10 9 8 18 2 14 13 
2551268241 1.5 6 6 14 16 5 10 2 9 
5432919417 1.5 3 2 10 0 11 
4527129081 1.5 7 5 7 14 11 1 3 17 12 
699091515 1.5 8 8 18 14 10 19 13 1 3 16 
5308122551 1.5 5 4 15 7 19 2 16 
444598815 1.5 7 7 0 5 6 4 2 15 16 
8444244142 1.5 6 2 4 14 3 7 9 8 
5196952584 1.5 5 4 17 9 0 4 15 
5592595925 1.5 6 3 16 13 8 0 17 19 
6935197067 1.5 3 3 18 16 12 
10575032834 1.5 9 7 13 8 1 5 16 17 6 12 14 
1208476858 1.5 7 7 4 19 13 2 14 5 6 
1448073792 1.5 8 7 13 15 2 6 19 3 8 11 
3351394667 1.5 3 2 8 7 13 
8650832785 1.5 9 8 10 0 19 16 18 17 3 7 13 
8086114747 1.5 4 3 14 7 19 8 
2854844356 1.5 3 2 16 2 5 
6841306290 1.5 3 3 16 18 7 
5045851594 1.5 5 3 3 6 0 7 13 
6547008254 1.5 9 2 11 17 15 6 12 14 19 3 0 
1927127380 1.5 8 7 19 14 17 16 9 18 6 13 
5377185737 1.5 4 2 16 1 8 19 
4043483807 1.5 3 3 1 17 16 
1415300284 1.5 7 7 4 8 3 15 10 16 11 
3112382535 1.5 5 4 10 18 12 3 14 
2268817125 1.5 9 9 8 5 12 2 9 7 0 11 1 
2590694832 1.5 7 4 13 18 10 19 0 14 16 
1378815748 1.5 9 8 5 10 16 17 19 7 14 3 2 
8751835275 1.5 7 4 11 16 7 3 13 18 4 
2582426503 1.5 6 3 18 15 13 5 16 7 
6909836696 1.5 7 7 6 10 11 18 12 8 16 
5588064003 1.5 7 7 17 2 11 18 15 9 19 
1901168445 1.5 6 5 3 18 8 17 5 12 
9160651011 1.5 7 4 10 15 14 11 6 7 8 
7616080106 1.5 8 2 19 1 13 8 5 7 17 18 
5536848738 1.5 7 3 19 12 9 4 0 16 1 
9591527167 1.5 4 2 17 6 14 12 
3130169099 1.5 5 2 1 4 14 15 0 
3513655037 1.5 7 2 10 11 19 3 13 17 0 
9132450072 1.5 8 6 10 16 4 13 3 14 1 0 
7492986268 1.5 9 5 19 3 7 15 9 1 12 0 11 
5832833128 1.5 4 4 17 4 0 7 
5646879511 1.5 7 6 10 4 9 7 16 6 3 
5629303442 1.5 4 4 1 9 0 16 
8551673787 1.5 4 2 5 18 8 6 
3631984291 1.5 4 3 2 14 0 16 
8617111704 1.5 4 4 17 4 14 5 
3962617611 1.5 9 6 18 19 15 9 10 5 17 6 16 
8428112662 1.5 7 6 9 3 6 2 12 13 17 
8421698600 1.5 4 4 16 18 9 14 
1020219989 1.5 7 2 12 13 15 14 4 16 10 
667261811 1.5 3 3 13 5 3 
10594776205 1.5 7 6 0 5 16 17 4 15 10 
6250519290 1.5 5 3 15 7 5 19 3 
8046937238 1.5 5 2 2 19 11 5 16 
1966332841 1.5 3 3 1 5 15 
4196323901 1.5 5 3 11 16 14 18 17 
8564550341 1.5 5 5 3 12 1 18 13 
9845135664 1.5 7 5 17 14 19 0 7 10 15 
8527021269 1.5 7 3 10 11 3 0 4 6 5 
5777614704 1.5 6 5 3 8 4 5 6 17 
1639518272 1.5 3 2 13 0 4 
6078811324 1.5 6 2 0 3 1 4 16 12 
1712431005 1.5 7 4 3 14 18 10 7 8 15 
5786096827 1.5 6 4 11 19 10 0 16 9 
478060905 1.5 7 5 8 14 13 5 18 17 16 
4605295084 1.5 3 3 19 4 17 
531895033 1.5 5 4 1 19 18 2 5 
8174671647 1.5 5 2 19 8 13 0 1 
3276567388 1.5 6 3 4 19 2 15 8 1 
6574890893 1.5 3 2 6 18 3 
9309405919 1.5 7 2 19 1 15 0 3 11 17 
4804045093 1.5 3 2 18 14 15 
2609285072 1.5 9 7 2 19 7 1 14 8 17 4 12 
10302887403 1.5 5 2 18 9 1 11 10 
1630135326 1.5 3 2 13 7 0 
469658285 1.5 7 3 19 5 14 7 17 16 1 
1635348039 1.5 3 3 3 1 2 
6474230564 1.5 8 2 8 6 9 11 12 14 18 0 
4593423090 1.5 8 6 9 17 0 4 19 2 3 1 
8531725534 1.5 8 3 9 8 4 3 16 6 7 18 
7537803190 1.5 5 2 16 1 14 18 15 
6362590836 1.5 7 3 2 19 14 9 6 3 17 
1397539620 1.5 4 3 14 5 13 2 
3488511213 1.5 9 2 19 4 11 1 9 6 5 0 14 
3007432625 1.5 3 3 14 11 6 
9500367582 1.5 9 5 6 3 8 13 4 0 7 9 18 
866728207 1.5 9 8 3 10 5 17 4 1 6 14 18 
3298181404 1.5 5 3 15 7 16 9 4 
7298981167 1.5 9 4 15 19 10 7 4 1 8 6 17 
9966638261 1.5 5 4 18 14 8 4 19 
6953019542 1.5 9 9 8 19 0 18 10 11 15 16 14 
6198501850 1.5 6 3 4 6 0 15 2 9 
2872716023 1.5 7 2 17 5 10 16 14 13 12 
2141496902 1.5 6 3 8 6 15 9 0 17 
5599027458 1.5 7 5 15 0 19 16 9 17 2 
9067883830 1.5 5 5 2 3 11 1 15 
2285931857 1.5 6 6 7 1 17 8 18 11 
9216830159 1.5 6 4 13 16 10 8 2 4 
4434515000 1.5 8 8 1 15 17 13 14 9 16 0 
9730965770 1.5 7 6 2 9 16 0 8 3 13 
1217048299 1.5 4 2 9 17 2 18 
10294639481 1.5 9 9 3 0 6 1 11 10 14 18 9 
9066976773 1.5 8 4 6 10 19 3 18 13 2 8 
1925985021 1.5 4 4 8 3 2 18 
9339240915 1.5 7 7 9 6 18 10 8 4 17 
4502591855 1.5 5 2 2 15 17 10 4 
8884090761 1.5 3 3 17 4 11 
4668702102 1.5 4 2 13 19 16 10 
6060410664 1.5 7 4 19 8 11 17 18 7 5 
1602009401 1.5 9 7 3 17 6 19 12 16 1 15 14 
9803145951 1.5 5 4 17 11 9 18 1 
1286693962 1.5 6 5 17 9 4 16 14 15 
6723328974 1.5 6 2 3 10 11 15 6 17 
4827347777 1.5 8 7 19 2 16 5 14 0 13 9 
10546446064 1.5 4 2 11 18 5 0 
588546670 1.5 8 5 19 3 12 5 0 17 15 18 
9620042603 1.5 8 6 3 10 2 5 12 13 9 18 
6054021175 1.5 4 4 3 12 10 18 
2519327877 1.5 9 5 17 19 10 11 0 16 2 12 6 
6073843118 1.5 5 3 6 12 7 17 8 
5485659743 1.5 3 3 15 18 4 
516515039 1.5 6 6 15 1 14 0 16 19 
1020486043 1.5 7 3 2 10 0 5 4 11 7 
2156980812 1.5 8 3 2 11 18 9 8 10 7 12 
7829525586 1.5 7 6 3 13 4 7 6 17 2 
7643511659 1.5 7 3 16 15 19 7 6 9 12 
7104623857 1.5 6 4 10 17 2 9 16 6 
8930949983 1.5 6 4 12 3 10 11 6 0 
1918385846 1.5 7 3 1 6 14 3 8 19 5 
9482944970 1.5 5 3 19 11 7 13 2 
316302003 1.5 9 7 7 15 19 13 1 17 4 0 12 
3876646935 1.5 9 7 2 5 17 6 12 16 19 14 8 
9497702915 1.5 9 4 1 6 9 11 4 15 8 18 3 
2045085894 1.5 8 5 5 15 19 3 10 0 2 6 
7647642397 1.5 7 4 11 17 9 4 6 19 3 
143974135 1.5 8 4 9 13 14 5 11 16 8 3 
1854599888 1.5 8 8 9 5 12 15 19 8 2 4 
4306106367 1.5 6 4 13 11 10 15 6 7 
10005150828 1.5 4 2 14 6 8 1 
6162277729 1.5 6 4 4 3 9 14 19 1 
9312084612 1.5 4 4 15 10 11 6 
6289890968 1.5 6 3 14 8 13 4 2 18 
8210746322 1.5 7 3 7 3 8 10 17 5 2 
3469456010 1.5 7 4 8 19 13 15 14 6 2 
1311238532 1.5 8 8 17 1 16 14 0 10 9 19 
6605550557 1.5 3 3 13 1 18 
8148268574 1.5 7 5 12 5 14 13 3 0 2 
2086977664 1.5 7 7 10 16 3 15 12 1 4 
1790257216 1.5 5 5 1 12 16 3 2 
3867304002 1.5 6 6 12 5 14 17 15 3 
8192835998 1.5 6 3 13 9 2 8 17 11 
6102269237 1.5 7 2 13 0 10 6 15 19 11 
8373503623 1.5 7 5 7 14 0 8 15 16 2 
8552684028 1.5 6 3 8 5 19 17 14 9 
514536745 1.5 6 6 6 13 9 0 3 10 
5762571726 1.5 5 4 13 12 10 5 0 
4966869962 1.5 5 4 12 16 6 13 1 
1969126202 1.5 6 3 3 18 7 19 0 4 
5856345664 1.5 3 3 8 6 17 
4356646189 1.5 7 4 13 4 15 1 6 10 12 
10513255048 1.5 8 7 17 12 4 11 18 8 15 5 
1005014216 1.5 3 3 8 5 11 
1333787463 1.5 4 2 0 12 7 18 
4552886792 1.5 9 9 17 4 6 1 0 9 14 5 19 
3776281211 1.5 4 4 1 11 7 0 
5895381121 1.5 4 4 12 0 5 18 
3311279076 1.5 8 8 9 0 2 3 5 1 4 14 
828104742 1.5 7 2 1 14 6 12 9 15 5 
771313920 1.5 8 7 13 10 19 4 7 5 11 9 
3568630143 1.5 9 2 9 1 10 8 14 11 2 5 13 
8243070651 1.5 9 2 13 11 6 12 0 18 16 19 1 
998461662 1.5 7 4 9 6 1 0 15 3 14 
1003437496 1.5 6 5 4 11 16 17 6 12 
1492129862 1.5 9 6 1 12 4 7 0 15 2 18 8 
2557089194 1.5 3 2 9 12 13 
9834368282 1.5 9 4 6 11 16 2 10 9 13 18 4 
6097492156 1.5 9 5 4 3 18 17 7 10 16 11 12 
1918668513 1.5 7 5 2 16 11 18 7 12 3 
8309648762 1.5 5 2 16 19 3 17 0 
9619779245 1.5 3 2 9 10 8 
407347553 1.5 9 5 14 1 17 18 16 0 4 9 12 
5728062457 1.5 4 2 8 16 5 14 
8287508360 1.5 4 3 19 10 2 9 
6508830755 1.5 4 3 8 6 15 3 
10496462094 1.5 9 4 1 6 17 16 15 18 5 12 19 
8593186822 1.5 8 2 2 6 8 18 17 12 14 4 
1582455825 1.5 6 6 11 5 1 8 9 19 
8072223626 1.5 9 3 7 17 3 13 5 10 4 1 0 
6201829082 1.5 9 5 18 14 4 13 8 2 19 17 11 
10642225148 1.5 6 3 11 1 8 7 4 13 
1562051915 1.5 7 6 4 18 13 11 6 9 8 
89345 1.5 3 3 9 13 0 
4378765336 1.5 3 3 12 15 2 
7827708916 1.5 6 4 17 18 13 15 4 8 
10229416645 1.5 3 2 6 0 5 
3946272293 1.5 7 3 18 7 19 14 2 9 1 
3226226687 1.5 3 3 19 16 5 
5429563371 1.5 5 2 13 7 18 19 8 
6010576976 1.5 5 4 4 11 14 0 8 
5850530473 1.5 6 3 10 0 15 19 8 7 
3655721216 1.5 3 3 3 5 11 
4184705659 1.5 6 2 11 19 17 18 8 3 
956051155 1.5 8 4 11 16 5 7 0 13 12 2 
9412194530 1.5 4 4 6 11 16 19 
10697984401 1.5 9 9 16 3 19 12 9 0 10 18 1 
6541113425 1.5 7 6 2 7 1 13 4 18 3 
7817160476 1.5 4 4 0 13 9 1 
8089507089 1.5 9 5 2 7 8 13 6 4 14 18 16 
10657331775 1.5 4 3 18 5 0 1 
2910740742 1.5 4 2 2 13 6 0 
1659155589 1.5 6 4 8 19 7 2 18 13 
3620061488 1.5 8 6 5 18 10 11 2 0 17 3 
5990447474 1.5 7 5 16 15 6 12 18 14 1 
2357177265 1.5 8 2 17 18 4 7 5 6 19 11 
5058365807 1.5 3 2 18 10 17 
6546787041 1.5 5 2 19 1 9 18 16 
9161222666 1.5 8 8 17 4 10 9 8 5 2 0 
6099780353 1.5 5 4 14 10 12 19 8 
6133774471 1.5 4 4 15 7 6 13 
2561472863 1.5 5 5 11 3 15 1 2 
3908627743 1.5 4 4 4 11 7 13 
3454984554 1.5 4 4 9 19 12 15 
2332132769 1.5 7 5 3 10 9 5 8 7 6 
6331452022 1.5 5 2 7 0 17 14 2 
1755669413 1.5 5 3 18 7 11 15 9 
5395238451 1.5 9 3 14 3 18 7 5 8 11 9 17 
3678065206 1.5 6 5 0 11 13 16 6 12 
8760712570 1.5 9 2 4 14 3 8 9 0 18 13 1 
7714282059 1.5 9 7 10 2 5 1 19 4 16 17 13 
3410531115 1.5 9 9 13 4 16 19 0 17 3 14 6 
5035401703 1.5 6 5 1 4 11 16 10 3 
6647276272 1.5 7 2 13 16 19 15 11 9 5 
1665064840 1.5 8 3 11 9 17 19 13 6 7 3 
10184359200 1.5 3 3 18 12 1 
5986592563 1.5 3 2 5 6 17 
556438254 1.5 8 4 8 9 16 7 0 15 13 5 
3254332528 1.5 4 4 4 9 15 16 
5353427668 1.5 9 8 4 12 2 0 8 7 3 16 10 
3407292515 1.5 8 2 19 2 4 3 11 8 13 12 
8255470921 1.5 4 4 13 18 9 7 
5843909186 1.5 8 6 8 2 7 1 3 14 19 10 
705662551 1.5 5 5 0 7 11 5 8 
6762396272 1.5 3 2 17 19 13 
9941245814 1.5 9 5 7 1 17 16 4 11 15 12 0 
8864908636 1.5 7 3 4 19 9 11 15 2 8 
4682998260 1.5 7 6 13 9 8 12 10 1 3 
1024343989 1.5 4 4 19 10 11 4 
2313697621 1.5 5 2 2 18 6 0 16 
8064717154 1.5 7 3 16 5 14 3 4 13 10 
7337760490 1.5 3 2 2 3 17 
4165075330 1.5 8 2 4 9 3 17 18 10 19 2 
8304395195 1.5 4 4 6 14 5 2 
8078521794 1.5 4 3 1 18 12 16 
2784658346 1.5 9 2 7 8 19 1 3 18 17 15 4 
9538911614 1.5 5 4 11 19 5 6 9 
5814984062 1.5 6 2 15 18 13 7 0 10 
1002132257 1.5 7 3 8 19 6 0 15 4 11 
3381327620 1.5 8 7 17 5 6 4 11 18 9 19 
6205120090 1.5 8 8 15 0 14 1 3 13 7 8 
8630013967 1.5 7 7 12 5 17 1 3 11 4 
1830037224 1.5 8 5 13 16 2 1 3 15 0 4 
1568155451 1.5 8 4 12 7 13 18 5 14 1 15 
2754047050 1.5 3 2 12 18 4 
1831557798 1.5 9 3 3 6 7 9 17 14 16 15 13 
7093743642 1.5 3 3 13 5 4 
5880598310 1.5 9 3 6 0 1 12 13 9 18 2 19 
4184111831 1.5 8 6 10 18 19 9 6 14 1 11 
5439153542 1.5 3 3 0 5 9 
7120045503 1.5 6 2 17 1 11 4 10 7 
8506625539 1.5 7 4 3 11 2 18 17 9 5 
397789897 1.5 8 7 5 0 8 2 10 4 18 7 
2436139180 1.5 6 5 1 4 13 19 3 8 
6613587130 1.5 3 2 0 5 2 
5826008867 1.5 6 5 18 7 3 8 4 17 
5568714827 1.5 9 2 15 9 10 0 6 2 16 18 1 
7560475388 1.5 5 4 3 9 18 1 8 
9929759036 1.5 8 5 13 14 4 7 16 2 9 15 
6613559028 1.5 5 2 15 5 9 8 3 
6185126925 1.5 9 5 11 6 12 2 7 14 18 15 8 
5789860351 1.5 7 4 12 6 15 3 17 16 1 
8518167086 1.5 3 3 16 1 4 
8804017109 1.5 7 7 10 2 7 3 1 9 13 
9691836155 1.5 9 2 0 17 15 8 19 5 10 12 14 
8464728805 1.5 7 2 4 3 18 11 2 1 12 
485909837 1.5 7 2 9 15 6 18 10 0 1 
9820846222 1.5 4 2 3 2 8 11 
4525340104 1.5 3 3 10 19 0 
1022585178 1.5 7 5 15 7 9 14 18 3 1 
6376250629 1.5 5 5 15 6 16 4 0 
5103052067 1.5 8 5 15 1 8 16 3 0 11 6 
1336256276 1.5 5 2 14 1 5 18 19 
6263202842 1.5 4 4 0 4 7 13 
34310393 1.5 8 7 1 7 5 2 10 0 15 13 
1216658219 1.5 4 3 13 5 19 12 
2735525906 1.5 8 4 4 18 15 1 16 7 11 2 
294466364 1.5 3 3 19 3 7 
7382343353 1.5 3 2 4 8 13 
7102718327 1.5 5 4 2 0 12 6 14 
5789569658 1.5 7 7 19 4 7 3 17 0 5 
10508441753 1.5 5 5 14 6 12 9 17 
6948388964 1.5 4 2 12 18 9 6 
9367323577 1.5 3 2 7 3 12 
4753281712 1.5 9 4 6 0 17 19 18 3 7 2 16 
3972969395 1.5 9 8 16 12 19 3 17 15 9 5 7 
10642366033 1.5 4 3 4 17 6 12 
4016573130 1.5 7 2 10 0 14 15 13 9 6 
1585921827 1.5 9 5 7 17 0 5 13 2 16 4 9 
8887827734 1.5 7 2 1 3 16 8 18 17 4 
2979770496 1.5 4 4 14 10 6 18 
9522543626 1.5 7 5 12 6 0 11 7 19 18 
9629535726 1.5 9 7 12 10 17 6 3 0 9 4 11 
9984072215 1.5 6 6 18 8 3 0 6 13 
5467432741 1.5 8 5 5 4 3 12 19 15 13 10 
8073105919 1.5 7 4 4 0 16 3 5 1 10 
4111807906 1.5 4 2 8 5 18 6 
7481868929 1.5 9 6 1 15 9 5 2 16 12 11 13 
7944781802 1.5 3 2 0 7 5 
4150009583 1.5 4 4 10 2 4 17 
10063575417 1.5 3 3 1 9 16 
10679912538 1.5 6 5 11 14 13 1 16 19 
2449212115 1.5 5 5 1 13 7 9 15 
7296042860 1.5 8 5 2 4 17 15 13 1 10 14 
1598655080 1.5 8 3 7 19 12 3 8 14 4 17 
7958360462 1.5 9 2 15 13 17 1 9 18 16 11 10 
6262938903 1.5 3 2 17 12 14 
3738761319 1.5 7 3 8 6 13 1 11 12 17 
7770250227 1.5 5 2 15 6 3 1 8 
4691810553 1.5 8 4 1 3 4 14 16 13 8 17 
1618876686 1.5 7 4 8 13 5 4 0 14 7 
770982048 1.5 3 2 15 6 4 
4412660016 1.5 9 8 14 11 15 10 12 2 8 0 13 
7346848150 1.5 7 3 5 1 2 19 15 3 12 
14 226 50
8 451 36
10 18 7
5 446 41
7 305 35
12 150 0
17 453 26
7 62 19
12 97 11
5 364 20
7 66 12
16 29 17
18 510 46
18 535 20
16 509 25
17 174 31
0 39 28
11 518 47
18 87 46
6 30 15
7 942 33
5 859 32
17 334 49
15 658 49
7 614 8
9 593 31
19 494 11
9 715 23
17 374 3
15 938 39
12 830 15
15 168 17
13 108 12
8 885 28
4 564 22
17 791 45
10 910 0
17 403 32
15 540 25
17 180 41
11 897 20
15 557 32
3 398 2
14 639 50
12 702 27
3 578 23
0 158 2
3 879 4
0 477 7
3 471 32
3 262 49
7 972 1
18 519 41
2 362 36
13 127 46
2 232 39
15 456 32
11 812 3
1 295 39
13 438 26
8 123 24
17 163 28
14 305 21
6 734 35
13 519 44
19 451 45
5 502 34
10 550 2
12 0 11
0 646 29
13 797 22
17 199 4
15 939 47
9 509 22
15 326 20
12 725 11
3 84 0
11 23 41
5 742 38
0 787 12
7 941 40
11 561 50
19 999 23
7 812 23
10 640 19
6 659 9
18 600 26
8 622 11
9 216 13
16 792 27
17 712 27
8 879 29
17 163 45
11 298 30
5 147 34
7 896 30
4 932 23
11 878 36
16 319 2
8 943 29
