20 20 1000 100
1073741824 1073741824
1073741824 1073741824
1073741824 1073741824
1073741824 1073741824
1073741824 1073741824
1073741824 1073741824
1073741824 1073741824
1073741824 1073741824
1073741824 1073741824
1073741824 1073741824
1073741824 1073741824
1073741824 1073741824
1073741824 1073741824
1073741824 1073741824
1073741824 1073741824
1073741824 1073741824
1073741824 1073741824
1073741824 1073741824
1073741824 1073741824
1073741824 1073741824
1073741824
1073741824
1073741824
1073741824
1073741824
1073741824
1073741824
1073741824
1073741824
1073741824
1073741824
1073741824
1073741824
1073741824
1073741824
1073741824
1073741824
1073741824
1073741824
1073741824
6581063920 1.5 3 2 5 0 13 
1065462740 1.5 7 4 10 0 12 11 8 1 4 
8809411855 1.5 9 4 10 18 5 3 12 13 1 6 11 
8043601365 1.5 3 3 9 11 3 
6819597487 1.5 9 9 10 15 4 13 1 3 18 9 7 
6401538242 1.5 4 2 9 8 19 4 
7765791913 1.5 8 4 1 12 9 8 10 0 7 5 
9459427540 1.5 6 4 18 1 11 12 19 16 
5894825087 1.5 6 2 2 14 8 3 13 12 
124015269 1.5 5 5 0 7 18 3 6 
73967166 1.5 4 4 6 4 17 9 
2319285394 1.5 3 3 12 13 16 
1330171385 1.5 5 2 11 5 9 6 18 
492822218 1.5 8 5 16 13 10 12 4 5 14 9 
1982712820 1.5 3 2 5 9 13 
640822158 1.5 7 4 4 0 14 9 3 6 10 
8883087503 1.5 9 7 14 18 5 10 13 3 4 17 1 
6022851649 1.5 7 2 3 16 10 14 5 2 7 
6099245963 1.5 5 5 19 8 7 9 4 
2236874682 1.5 6 2 14 12 18 1 3 7 
6877183648 1.5 6 6 11 10 9 12 7 1 
9296736193 1.5 9 7 16 5 2 10 1 3 9 19 17 
4037548922 1.5 7 3 11 10 14 15 6 13 2 
8557638872 1.5 9 4 18 7 13 14 0 16 9 10 2 
3224978924 1.5 3 3 10 6 11 
7541137659 1.5 8 6 12 6 4 2 17 8 11 9 
4761868059 1.5 8 6 19 16 14 0 4 15 18 12 
7274021698 1.5 9 7 10 1 12 11 13 19 0 17 16 
9725076142 1.5 7 5 11 9 18 8 5 4 2 
8921780619 1.5 9 9 5 14 4 3 17 15 8 2 10 
3086793155 1.5 4 2 2 4 13 14 
7113186811 1.5 7 5 12 4 16 19 13 10 8 
10190815998 1.5 9 5 11 0 4 16 1 9 18 14 15 
3520989535 1.5 8 2 4 11 13 12 1 18 9 8 
8717991546 1.5 3 3 8 14 4 
8731276605 1.5 9 8 18 19 5 6 3 9 7 10 17 
4590947835 1.5 3 3 19 6 5 
3791257440 1.5 8 6 1 12 17 0 19 4 14 7 
6974814431 1.5 8 6 17 10 11 12 14 1 8 6 
9165682890 1.5 3 3 10 0 18 
3102347105 1.5 7 7 19 15 4 11 1 18 16 
6460922710 1.5 8 2 3 17 19 8 18 4 15 9 
9805390471 1.5 7 7 4 11 1 6 10 5 7 
1315360602 1.5 3 2 3 18 8 
1502538911 1.5 5 3 12 6 19 1 5 
2068163508 1.5 8 8 16 13 5 11 4 1 10 15 
4527098703 1.5 9 6 1 19 15 14 9 13 10 3 5 
2083982659 1.5 5 2 1 5 6 16 7 
2604892262 1.5 6 2 18 7 16 17 10 4 
1890678304 1.5 6 3 15 5 13 14 11 10 
1999866565 1.5 8 8 14 3 17 1 8 12 2 11 
2825612084 1.5 6 4 19 15 9 10 14 3 
10501454486 1.5 9 9 2 8 3 19 1 0 10 4 6 
8910089101 1.5 9 3 4 11 5 2 15 18 10 14 9 
371454327 1.5 7 7 7 11 0 4 2 6 14 
3089547884 1.5 4 3 9 18 12 19 
5772125697 1.5 8 7 7 13 5 0 9 16 2 10 
2054338582 1.5 6 2 7 11 6 18 3 1 
1699574291 1.5 5 5 6 3 15 18 13 
6960192678 1.5 9 4 13 9 12 18 0 1 11 7 6 
2053026621 1.5 6 4 0 3 1 19 10 17 
2553163378 1.5 7 2 3 13 11 1 10 7 2 
3584455348 1.5 5 2 4 19 13 11 10 
6920410553 1.5 6 3 10 14 7 8 9 2 
3801731765 1.5 3 3 17 5 6 
10309139012 1.5 6 5 14 9 1 19 13 17 
10124273006 1.5 9 4 3 15 4 17 2 16 8 14 12 
2732990734 1.5 9 6 19 9 12 6 14 8 2 3 1 
5352193582 1.5 9 9 4 5 9 7 1 13 18 11 16 
6170161871 1.5 6 4 11 1 7 13 5 15 
4101617916 1.5 3 3 16 8 5 
950963898 1.5 9 3 6 8 4 9 18 5 12 16 14 
4593465807 1.5 5 4 4 13 8 11 9 
6115694323 1.5 7 3 10 9 17 2 15 5 14 
1730146320 1.5 6 2 12 16 10 1 15 17 
19727560 1.5 6 4 10 15 6 14 4 18 
9194329239 1.5 6 2 15 6 9 19 14 5 
1405626272 1.5 7 6 4 1 0 14 11 19 15 
10638781445 1.5 9 5 5 19 7 4 10 12 0 18 9 
4179218427 1.5 3 2 3 12 8 
6097521462 1.5 8 3 16 6 14 4 10 8 3 9 
5151889763 1.5 6 3 6 1 12 7 13 16 
38036622 1.5 8 4 13 4 2 6 14 18 10 7 
1752653692 1.5 4 3 15 1 12 5 
8851614421 1.5 9 9 3 5 15 0 10 19 4 2 14 
10070609293 1.5 3 2 14 17 5 
290970723 1.5 9 4 19 17 0 5 14 12 9 15 10 
2482220155 1.5 3 2 10 9 8 
4344873086 1.5 7 4 16 11 3 18 4 2 19 
9621458838 1.5 9 3 14 5 15 16 10 0 1 18 2 
971874892 1.5 8 3 12 18 3 7 0 11 8 10 
2223719640 1.5 4 2 19 7 11 13 
4300958598 1.5 4 2 10 12 0 13 
4737154843 1.5 5 4 1 15 8 13 2 
7685946751 1.5 5 3 6 18 3 15 9 
1572424820 1.5 5 4 12 9 15 13 4 
5745641066 1.5 5 4 18 17 2 12 7 
3276243697 1.5 4 3 8 10 16 17 
3521177287 1.5 3 3 2 10 9 
1093990068 1.5 3 3 10 16 13 
2835252113 1.5 8 3 19 5 10 11 7 15 6 17 
198561387 1.5 6 6 14 7 16 5 1 13 
5298160071 1.5 3 3 11 9 0 
3463979864 1.5 6 4 7 14 2 16 3 9 
6125932682 1.5 8 8 19 6 5 16 18 3 14 17 
5780588464 1.5 5 4 5 4 6 14 10 
6475527186 1.5 8 7 15 0 18 4 2 9 16 11 
5479428101 1.5 8 8 17 5 16 8 1 6 4 18 
430094150 1.5 4 2 6 8 7 2 
2065375104 1.5 4 3 18 13 0 15 
74750853 1.5 7 4 16 4 11 12 13 8 0 
10094003592 1.5 6 6 1 13 2 14 6 19 
3828721 1.5 4 3 8 14 2 12 
1969619780 1.5 5 5 4 3 14 16 11 
667361363 1.5 4 2 19 13 15 16 
10660059144 1.5 9 6 0 4 11 16 8 7 13 9 10 
8492745561 1.5 5 3 4 3 17 7 15 
10413048125 1.5 7 5 0 12 8 6 17 18 3 
6096972295 1.5 9 4 19 3 1 10 8 6 9 11 4 
6603072869 1.5 4 2 7 14 0 13 
5142343282 1.5 3 3 10 9 12 
3555273232 1.5 8 4 6 14 10 8 2 5 12 11 
5875129348 1.5 4 2 15 1 13 6 
3319593099 1.5 6 4 15 13 5 11 1 19 
4053545102 1.5 4 3 19 7 15 10 
9911246957 1.5 8 2 5 4 2 18 3 6 7 9 
8971146647 1.5 4 2 4 16 5 2 
3765178369 1.5 9 2 16 15 14 12 4 19 8 0 5 
3366232189 1.5 3 3 9 8 18 
10246633321 1.5 5 5 19 13 0 8 1 
5830873506 1.5 3 3 9 8 12 
5786417245 1.5 7 3 3 11 16 10 1 18 2 
10357350185 1.5 4 4 3 7 9 14 
2711144186 1.5 9 2 2 18 11 7 6 15 3 0 14 
4013851382 1.5 4 4 2 3 10 12 
7178764782 1.5 5 2 13 6 0 16 18 
8625431554 1.5 9 6 15 5 6 0 19 17 7 4 12 
7407105748 1.5 8 6 9 14 10 0 7 15 5 1 
7801279357 1.5 4 3 2 11 1 13 
2305119623 1.5 4 3 4 9 11 6 
3188680621 1.5 7 2 10 8 1 6 13 17 11 
441587738 1.5 6 5 7 17 15 13 19 6 
8760832935 1.5 5 4 19 16 13 5 18 
2390155068 1.5 9 3 1 3 13 2 5 8 9 16 0 
3518747920 1.5 6 3 14 2 7 15 6 1 
9439323282 1.5 4 4 11 12 4 18 
7933035074 1.5 4 4 16 13 8 3 
5084973319 1.5 7 7 15 1 10 5 13 3 2 
4288088141 1.5 5 4 18 15 5 6 16 
8302543135 1.5 4 4 13 4 2 19 
1565411698 1.5 5 2 10 3 8 6 1 
1991258296 1.5 8 2 18 13 11 8 3 15 6 0 
2236057874 1.5 4 4 1 9 2 17 
1012169955 1.5 3 3 10 5 19 
7819063658 1.5 7 7 6 9 15 3 18 7 16 
3974672253 1.5 8 6 15 8 0 3 6 13 14 17 
5209929314 1.5 7 5 19 18 2 10 12 4 3 
6384283976 1.5 6 4 16 11 5 19 4 10 
2616950718 1.5 9 7 13 19 17 3 2 1 0 5 9 
5011624606 1.5 5 3 3 18 1 13 9 
9145269163 1.5 6 5 10 14 16 12 9 6 
4317308525 1.5 5 4 15 10 17 4 14 
3893595422 1.5 6 6 9 7 17 1 0 15 
9607501966 1.5 4 2 13 8 19 12 
7669554638 1.5 4 4 11 14 10 0 
9367598111 1.5 8 7 18 10 11 17 15 5 8 2 
645850152 1.5 7 3 16 2 8 14 17 13 9 
9567985545 1.5 8 8 15 2 16 13 3 1 0 18 
1791356075 1.5 5 2 5 6 14 11 18 
7086186 1.5 6 4 3 0 10 14 17 1 
7655715967 1.5 6 3 7 15 11 13 5 2 
3615404999 1.5 7 7 4 11 6 13 19 10 0 
10707199845 1.5 8 7 16 7 13 6 14 19 0 5 
7218881740 1.5 4 3 2 10 3 7 
3940605275 1.5 9 9 10 8 19 11 3 4 18 12 0 
8985321617 1.5 6 6 18 8 7 6 17 16 
3755479381 1.5 6 6 16 5 10 8 6 15 
9622935596 1.5 6 2 3 13 19 6 0 2 
3274904591 1.5 9 9 10 6 7 19 14 11 3 17 15 
8534002412 1.5 8 4 1 10 13 14 4 12 17 5 
2532189554 1.5 8 4 6 12 10 0 18 1 7 4 
8478911502 1.5 8 2 13 7 4 19 1 16 11 18 
9564847458 1.5 6 6 18 5 10 8 4 7 
7510025615 1.5 4 2 13 9 0 4 
8366194151 1.5 8 8 2 5 9 18 17 1 19 12 
7624913309 1.5 7 2 11 16 1 3 0 10 5 
5889457122 1.5 3 2 0 3 18 
4668256555 1.5 4 3 5 14 11 8 
2049487296 1.5 9 2 11 15 7 14 0 1 12 16 18 
3588212950 1.5 5 4 10 9 11 4 5 
450537312 1.5 3 3 10 9 6 
9904841291 1.5 4 4 13 0 10 5 
4538703414 1.5 3 3 10 14 19 
10643737261 1.5 8 6 15 12 14 19 2 17 13 8 
9002571806 1.5 5 2 8 15 14 5 19 
10095097188 1.5 9 2 0 8 16 12 15 18 6 17 2 
141148934 1.5 6 4 1 2 3 19 14 16 
6060664781 1.5 4 3 2 5 4 10 
5155915448 1.5 3 2 6 12 14 
4401530618 1.5 3 2 6 18 17 
7788147393 1.5 5 5 5 8 1 2 14 
262090523 1.5 8 4 12 6 5 10 2 17 4 8 
9067234876 1.5 9 3 0 19 4 6 16 15 3 2 9 
10445892010 1.5 9 4 13 7 12 15 14 19 10 1 11 
7872850622 1.5 8 5 4 11 12 7 5 2 3 8 
4138925581 1.5 6 4 11 9 13 16 8 17 
8844832020 1.5 7 6 18 15 11 12 1 2 3 
3700550985 1.5 6 4 12 9 13 4 6 17 
10224711781 1.5 3 3 16 2 12 
1921254834 1.5 8 7 7 14 9 13 2 19 3 0 
2590109017 1.5 5 2 14 10 12 3 11 
4162598136 1.5 7 2 13 11 8 14 16 17 19 
5724417759 1.5 7 6 2 7 15 19 11 4 5 
1422004681 1.5 5 5 8 10 1 16 3 
2710385891 1.5 6 3 3 0 12 4 9 2 
3627818210 1.5 8 8 3 11 12 4 8 14 16 2 
5429646771 1.5 9 4 13 3 11 18 0 15 10 12 16 
2531593150 1.5 5 3 11 4 17 13 1 
7128986107 1.5 4 3 6 14 12 11 
6594065675 1.5 7 2 11 17 4 2 18 14 19 
5533443321 1.5 5 4 14 11 1 18 3 
8816434107 1.5 5 4 4 6 15 8 11 
5312698244 1.5 8 4 10 19 15 0 1 13 14 7 
6618731701 1.5 9 6 13 7 2 12 17 18 5 0 16 
2563403530 1.5 8 4 2 1 0 10 4 9 8 12 
2002506782 1.5 7 7 5 19 13 8 9 7 2 
5318534775 1.5 3 2 17 1 14 
9451364342 1.5 6 4 1 3 8 2 10 7 
10133698109 1.5 7 7 6 2 14 9 4 18 19 
10244750850 1.5 9 4 4 5 13 12 10 14 0 16 2 
3964909952 1.5 8 7 18 12 15 1 6 7 4 19 
746836381 1.5 6 6 7 19 9 8 16 11 
6927340500 1.5 6 5 11 4 2 12 1 15 
4619047936 1.5 7 3 7 0 11 18 13 2 17 
874528769 1.5 3 3 17 11 0 
2860458058 1.5 4 4 13 15 10 17 
6154043255 1.5 9 2 13 11 2 0 5 7 10 19 6 
4614474577 1.5 7 5 5 9 4 18 3 7 8 
426252349 1.5 7 7 12 1 11 8 17 16 0 
10286470988 1.5 8 3 10 14 19 12 17 7 2 5 
7148117579 1.5 3 2 9 18 3 
6648043397 1.5 4 4 13 12 7 0 
4515831905 1.5 4 2 11 14 13 10 
720038733 1.5 3 3 19 3 2 
7688963370 1.5 7 6 17 15 8 12 9 3 18 
5981588498 1.5 8 6 1 3 5 8 13 9 12 19 
1990853608 1.5 6 2 1 2 16 13 6 12 
2396848502 1.5 6 3 19 0 10 16 4 17 
1521335336 1.5 6 5 13 5 11 3 10 15 
4157721637 1.5 8 5 17 11 4 13 1 2 19 15 
8628344813 1.5 4 4 1 16 10 13 
2380598427 1.5 5 2 18 10 1 19 17 
7328014006 1.5 7 5 1 18 6 15 7 3 12 
4568885164 1.5 5 2 2 4 18 9 6 
8965349645 1.5 3 2 9 11 16 
4417955479 1.5 9 7 14 18 19 10 0 5 13 1 17 
875783998 1.5 7 4 19 14 12 7 17 13 5 
6022332393 1.5 6 6 16 18 15 17 2 3 
9419977152 1.5 7 7 0 7 14 2 17 11 6 
319882065 1.5 7 6 12 13 5 9 0 17 18 
6567353426 1.5 8 8 13 7 9 5 2 18 14 8 
2398118138 1.5 9 4 13 10 3 6 16 11 15 12 7 
7008758734 1.5 4 4 5 17 18 1 
3532076778 1.5 7 3 18 0 7 17 13 1 9 
1573424135 1.5 9 3 6 13 11 14 4 8 0 15 9 
101750980 1.5 7 4 1 8 11 17 15 14 6 
9187374261 1.5 5 4 12 17 16 5 15 
5250413877 1.5 4 4 13 1 2 11 
9110867605 1.5 8 4 8 6 5 9 1 3 13 7 
3273499325 1.5 9 4 16 6 3 11 0 12 5 8 17 
2449098772 1.5 8 3 0 8 11 6 17 7 19 5 
7370870337 1.5 4 4 10 12 4 8 
8137635100 1.5 3 3 9 4 19 
2853691841 1.5 9 5 8 0 5 16 14 10 7 19 17 
9014204198 1.5 4 4 7 3 12 17 
9105069440 1.5 8 5 5 0 17 2 19 9 12 6 
727594642 1.5 3 3 6 15 12 
10616588465 1.5 4 4 3 17 15 0 
6329220772 1.5 4 3 6 9 19 0 
9314151451 1.5 6 2 14 0 7 17 6 11 
5954998985 1.5 9 4 7 10 1 15 19 17 8 16 2 
1537566208 1.5 8 2 14 1 18 7 9 5 17 13 
3011218664 1.5 6 2 8 15 7 0 18 1 
7249747626 1.5 9 2 2 17 1 16 8 7 14 3 5 
4184446909 1.5 6 6 9 18 5 11 6 2 
6782623830 1.5 5 5 17 6 12 11 4 
9481498386 1.5 5 4 0 2 8 12 19 
9047387852 1.5 9 9 7 19 18 17 13 8 9 16 4 
86991434 1.5 4 3 8 5 3 9 
1421221946 1.5 6 3 17 1 5 0 3 9 
8020969043 1.5 6 6 9 7 10 12 2 8 
10146511092 1.5 7 2 14 12 11 13 1 7 19 
1881939419 1.5 5 3 7 9 5 19 17 
1762614079 1.5 7 3 11 12 4 14 1 19 5 
5828941241 1.5 3 3 5 16 9 
1071409126 1.5 9 7 4 18 15 8 0 12 9 1 5 
8297557872 1.5 4 3 12 18 5 3 
8720138262 1.5 6 2 8 2 18 19 12 7 
2283810619 1.5 5 3 6 16 14 8 17 
932018085 1.5 8 8 3 5 12 19 17 14 15 13 
5917956744 1.5 7 4 15 6 10 17 12 4 13 
1589305804 1.5 8 8 8 2 0 15 9 13 19 7 
9259576378 1.5 5 2 14 16 13 7 17 
3620713949 1.5 6 2 19 4 9 7 1 6 
8192497434 1.5 4 2 2 11 12 13 
8125054901 1.5 8 7 1 11 17 4 0 14 9 7 
3765075689 1.5 6 3 4 0 5 9 16 17 
8520656243 1.5 5 2 1 17 7 19 10 
9898239891 1.5 3 2 19 2 5 
4330086982 1.5 4 3 4 5 10 12 
2574347211 1.5 9 2 10 16 15 6 3 2 13 18 14 
8988313587 1.5 8 2 17 12 14 6 8 15 7 4 
5089000428 1.5 6 2 6 0 7 12 10 4 
4153693825 1.5 7 7 0 11 14 5 17 2 3 
2056618228 1.5 3 2 11 2 7 
5549420733 1.5 3 3 12 4 15 
6556290365 1.5 5 3 12 3 0 6 17 
10001970288 1.5 9 4 12 0 6 7 18 13 17 4 15 
360921587 1.5 3 2 16 4 12 
6577576782 1.5 7 7 8 17 14 4 9 12 1 
5021282679 1.5 7 7 12 16 14 5 17 4 3 
2754795344 1.5 9 4 0 15 8 9 16 19 13 2 4 
10385496305 1.5 9 8 8 19 12 16 10 18 13 9 0 
7618167329 1.5 5 3 14 11 18 19 10 
7264558036 1.5 5 3 15 16 17 19 8 
1625854757 1.5 7 6 17 19 11 1 4 15 13 
4832482197 1.5 6 6 4 10 11 3 16 8 
5154838482 1.5 9 3 8 12 7 5 3 6 10 9 11 
317509029 1.5 9 4 10 13 19 17 8 9 14 5 1 
4599047322 1.5 4 4 10 2 11 6 
1951490428 1.5 3 2 14 17 8 
1353675428 1.5 9 6 7 8 5 18 15 17 19 3 6 
10596066698 1.5 9 3 19 5 4 13 11 7 0 3 8 
7992318943 1.5 5 5 16 19 14 6 7 
10170731998 1.5 5 4 16 10 0 5 12 
5494011089 1.5 8 6 5 14 19 18 16 12 9 3 
4941082684 1.5 8 7 11 6 4 2 0 7 17 18 
7690805765 1.5 7 6 11 9 17 0 2 14 18 
1540327533 1.5 4 4 0 17 6 13 
1783198439 1.5 7 3 3 16 14 19 12 15 8 
3857114780 1.5 9 6 19 1 13 4 18 16 9 10 6 
9754040029 1.5 9 4 5 17 13 9 14 18 7 16 6 
10583473388 1.5 3 3 11 19 8 
2016343664 1.5 3 2 13 5 4 
8852819127 1.5 3 3 8 11 3 
7287910569 1.5 5 5 17 10 14 6 8 
5328372540 1.5 7 6 0 10 8 14 2 16 17 
3196157814 1.5 7 7 11 13 6 1 12 5 9 
4585967318 1.5 3 3 5 7 11 
14742001 1.5 5 4 2 16 13 6 9 
4964564958 1.5 4 3 19 5 14 9 
4675983751 1.5 9 8 15 4 0 18 17 10 14 16 6 
5853755115 1.5 9 4 2 7 19 3 17 12 18 9 10 
9885392822 1.5 3 3 2 15 0 
2822076025 1.5 7 5 12 10 8 15 7 14 16 
9478458045 1.5 8 8 11 15 1 19 9 13 8 14 
6064179089 1.5 7 5 18 2 5 1 10 15 6 
4267801923 1.5 7 2 8 18 1 9 16 15 13 
471633852 1.5 8 7 14 9 3 6 0 13 17 10 
8035680549 1.5 6 4 6 11 10 1 0 8 
9931354019 1.5 6 3 5 15 14 6 0 13 
7623023682 1.5 7 4 0 14 8 17 12 5 11 
5373337718 1.5 6 3 8 6 11 5 14 4 
9614859149 1.5 4 3 15 10 16 12 
3371094895 1.5 8 2 17 18 3 5 9 4 7 11 
6482201077 1.5 8 6 4 16 2 12 19 13 0 11 
2200665108 1.5 6 4 17 4 5 10 9 13 
10582346076 1.5 9 9 4 2 6 19 0 10 15 7 5 
9734019278 1.5 8 7 14 0 18 17 15 1 4 5 
9374093440 1.5 4 4 2 6 9 18 
3039938224 1.5 6 3 0 1 5 11 13 15 
1356134522 1.5 8 7 19 5 17 16 8 4 13 2 
5792565680 1.5 9 5 1 13 3 7 11 8 14 5 12 
1912186833 1.5 6 4 7 4 17 9 14 15 
9048076550 1.5 8 6 17 2 13 10 9 6 5 0 
6614992157 1.5 5 5 12 13 7 17 0 
9554764973 1.5 9 5 12 15 19 0 13 18 8 17 11 
4844847450 1.5 4 3 9 8 5 13 
1245602978 1.5 6 3 1 7 0 6 16 18 
2008531056 1.5 8 7 11 10 14 13 16 3 9 7 
7910601206 1.5 6 3 6 19 3 4 10 17 
3264446094 1.5 9 4 10 1 14 6 4 3 13 19 8 
9752933393 1.5 7 2 3 9 1 15 4 17 2 
2474965441 1.5 7 5 1 18 7 6 12 13 11 
7882208467 1.5 4 4 4 17 13 11 
3978398751 1.5 9 2 15 14 7 12 10 19 11 0 3 
6845926402 1.5 5 4 8 14 4 19 1 
4006149019 1.5 3 3 3 8 1 
4532631573 1.5 6 3 13 7 4 1 3 0 
6444280764 1.5 4 2 4 6 19 18 
5404153654 1.5 8 5 2 8 17 12 13 3 5 11 
960406769 1.5 8 6 16 1 8 11 0 9 4 5 
5134946462 1.5 7 3 6 16 5 1 13 9 15 
1129659683 1.5 6 2 17 0 13 7 8 12 
4944990349 1.5 5 2 16 17 0 13 3 
510296928 1.5 5 2 5 0 14 11 17 
8851293803 1.5 4 3 15 16 19 12 
1631490473 1.5 9 4 7 0 12 16 14 18 13 19 17 
6605804334 1.5 3 3 1 10 16 
1489166668 1.5 4 4 0 6 4 15 
7174458873 1.5 8 7 7 12 16 19 4 14 1 8 
9964213859 1.5 7 2 4 0 11 18 14 13 1 
10078018140 1.5 6 4 3 19 6 0 9 18 
10184534242 1.5 6 3 13 11 6 9 7 19 
3694995131 1.5 5 2 12 4 2 8 15 
9785182383 1.5 4 3 14 2 5 6 
2795216646 1.5 5 4 3 17 18 4 2 
5160353662 1.5 8 5 15 17 12 10 19 3 6 14 
10072866332 1.5 8 4 16 15 4 10 8 1 3 12 
4038598333 1.5 5 3 15 17 2 19 1 
8264133530 1.5 6 4 7 11 3 12 5 8 
6425277437 1.5 5 4 5 3 12 17 13 
9913562022 1.5 3 2 9 12 3 
1767203688 1.5 7 4 3 11 12 1 16 19 4 
10708273982 1.5 5 2 7 6 0 4 18 
8048120967 1.5 8 5 17 19 3 18 13 4 15 12 
6651370463 1.5 8 6 14 11 10 9 17 4 3 7 
1334305073 1.5 8 7 1 9 2 14 8 3 19 4 
766575740 1.5 4 3 10 2 18 9 
280877821 1.5 6 6 12 5 0 8 16 15 
9088963936 1.5 3 3 4 14 9 
4215014771 1.5 3 2 19 14 8 
8559755431 1.5 4 2 11 5 18 4 
3918722379 1.5 3 3 8 9 4 
7241220745 1.5 8 3 19 8 2 15 0 14 11 3 
8923495061 1.5 5 5 19 12 18 7 2 
6681247098 1.5 6 6 19 6 16 5 12 8 
784224714 1.5 8 3 9 8 4 2 0 6 13 1 
3962197121 1.5 3 3 11 6 14 
6094811233 1.5 8 4 13 14 7 2 12 16 5 9 
9653659904 1.5 5 5 13 19 8 11 2 
9937851933 1.5 7 4 4 17 0 13 19 1 12 
3275484434 1.5 3 2 7 5 11 
8060228577 1.5 6 6 14 1 0 5 12 10 
1813290057 1.5 8 3 5 8 7 15 12 1 18 2 
10678451422 1.5 4 2 12 13 19 17 
1369824715 1.5 9 9 8 2 14 16 4 19 0 18 9 
4160935854 1.5 5 4 9 17 15 8 11 
7331529679 1.5 3 2 11 0 10 
10496904573 1.5 6 4 19 12 13 4 16 14 
9482319017 1.5 3 2 11 4 1 
849756328 1.5 3 2 8 0 11 
8753582768 1.5 9 9 8 2 6 13 14 3 12 18 11 
2792417955 1.5 9 2 14 4 6 12 17 7 13 16 2 
4863684594 1.5 9 7 11 16 8 3 5 14 7 13 15 
9655159877 1.5 5 2 9 16 17 14 5 
2932036545 1.5 9 6 10 14 13 19 5 8 6 11 15 
2898632519 1.5 7 7 11 14 18 12 15 3 6 
1256199088 1.5 6 5 2 13 17 15 4 0 
10690280591 1.5 8 8 12 9 3 16 15 4 19 17 
6083965951 1.5 4 4 8 19 9 16 
7830106140 1.5 3 2 12 4 13 
4224646574 1.5 6 2 8 0 10 3 13 16 
9089840643 1.5 3 3 16 15 12 
8294136551 1.5 5 4 16 10 8 3 15 
3796356051 1.5 8 8 2 14 15 8 18 5 10 7 
2161734260 1.5 6 6 14 5 12 19 2 15 
979700569 1.5 3 2 18 13 10 
179371890 1.5 5 2 17 10 2 14 1 
8201222639 1.5 8 3 16 14 7 0 17 18 5 3 
3354564429 1.5 3 3 8 11 13 
8020870898 1.5 4 2 17 7 11 18 
5078272408 1.5 6 2 13 3 8 18 2 11 
3283720478 1.5 5 4 3 18 10 14 13 
5077036410 1.5 4 2 4 2 18 3 
5369695074 1.5 4 4 5 10 7 14 
3513400165 1.5 4 2 14 12 9 10 
8976083135 1.5 8 6 17 6 4 9 18 3 2 19 
3412858082 1.5 8 6 12 3 4 18 14 0 15 1 
402547775 1.5 9 5 16 3 8 14 19 6 2 4 17 
3093527535 1.5 7 3 7 13 19 15 11 6 14 
8771950334 1.5 3 2 18 17 10 
6940367841 1.5 5 3 14 13 18 7 3 
8520227337 1.5 6 4 17 6 5 15 14 2 
5233529919 1.5 9 9 1 14 18 13 2 4 16 5 17 
588505933 1.5 4 2 6 2 7 18 
3253222473 1.5 4 4 7 14 11 0 
10441053929 1.5 6 2 19 15 4 13 8 14 
1194461730 1.5 9 5 0 4 17 15 14 19 13 1 9 
10398627209 1.5 5 5 6 15 13 18 2 
60227160 1.5 8 5 0 3 7 16 12 5 17 6 
3847023359 1.5 7 3 16 8 13 2 15 18 19 
9096428403 1.5 7 5 9 5 6 18 1 3 16 
1058970175 1.5 4 3 17 19 13 1 
5033679328 1.5 8 8 1 0 15 11 4 17 14 6 
107966053 1.5 8 6 1 10 13 6 8 11 12 7 
579250683 1.5 5 2 19 11 3 13 1 
222711565 1.5 4 3 5 15 14 10 
1033487893 1.5 8 8 0 6 19 16 4 14 2 3 
2810617755 1.5 9 3 1 3 17 13 19 15 14 7 10 
4120005407 1.5 7 6 0 12 18 15 1 10 19 
1644082302 1.5 8 7 18 16 14 13 3 19 11 5 
5417557623 1.5 7 2 12 5 11 18 19 9 16 
1389495453 1.5 7 4 12 1 4 5 9 0 2 
10268713259 1.5 3 3 3 2 8 
4342680266 1.5 5 2 16 6 15 18 1 
340496171 1.5 6 6 10 8 13 2 7 11 
5458557179 1.5 6 4 6 8 3 5 4 17 
7623925428 1.5 4 3 7 17 8 5 
2979862200 1.5 9 5 7 15 5 1 17 3 11 19 10 
149339207 1.5 4 4 6 13 15 18 
6662187596 1.5 7 6 10 12 1 6 11 2 5 
338862413 1.5 5 3 9 17 0 6 5 
1671654978 1.5 3 2 13 4 6 
886946652 1.5 6 5 0 15 7 8 3 10 
189852170 1.5 8 8 4 8 19 3 2 7 13 1 
6835511566 1.5 3 3 18 6 7 
82332501 1.5 5 3 17 3 12 14 0 
8724518282 1.5 3 2 4 16 14 
10535152120 1.5 5 3 16 8 3 19 10 
7364780028 1.5 4 3 11 16 4 1 
2148329675 1.5 7 5 13 1 11 15 3 5 8 
9131143973 1.5 7 6 18 0 4 11 3 5 2 
8918021052 1.5 7 7 2 14 0 11 4 3 9 
10203073838 1.5 8 2 12 3 17 15 10 6 4 9 
5280377297 1.5 7 4 0 4 11 2 14 13 3 
1355703883 1.5 6 6 1 14 16 11 17 18 
284525986 1.5 5 4 5 9 2 18 4 
2829679794 1.5 5 4 2 10 11 18 8 
1113837872 1.5 4 2 19 14 13 10 
7717124094 1.5 4 2 8 17 16 9 
1285324980 1.5 3 3 11 10 0 
4500287964 1.5 7 5 14 13 10 2 3 15 6 
6396280720 1.5 5 2 18 11 0 17 19 
10156451142 1.5 5 2 9 4 19 6 15 
9174199713 1.5 8 5 16 9 17 2 5 12 1 10 
559370899 1.5 9 6 13 11 7 16 5 6 8 17 18 
6864786258 1.5 5 5 5 7 16 6 3 
2133753716 1.5 8 5 18 14 16 7 3 15 10 8 
1182219038 1.5 5 4 5 4 17 14 2 
10332482155 1.5 9 4 10 19 11 7 6 4 18 0 13 
4509358458 1.5 5 5 1 2 0 14 10 
3507992788 1.5 7 5 16 4 3 2 15 12 18 
4396626405 1.5 8 2 14 0 17 5 8 13 12 9 
1430328884 1.5 5 5 12 16 5 18 6 
3550551195 1.5 3 3 9 0 13 
9731328148 1.5 7 2 19 11 5 2 1 7 3 
8052552411 1.5 8 3 15 8 12 3 1 4 10 14 
1300150596 1.5 3 2 0 2 7 
1252315904 1.5 7 3 17 19 1 4 8 9 6 
4391948027 1.5 4 2 18 15 4 5 
3027398394 1.5 9 2 8 1 18 13 6 12 3 14 9 
10682638081 1.5 8 5 0 19 16 15 11 3 1 17 
9452570896 1.5 5 3 1 12 6 19 5 
2625668566 1.5 7 7 10 1 4 3 5 0 8 
4936178545 1.5 5 5 18 16 10 0 12 
1960243427 1.5 9 4 8 1 19 18 11 0 12 3 16 
2433549906 1.5 8 3 0 5 4 14 18 17 7 6 
4297446821 1.5 6 4 4 8 19 11 1 2 
3111208397 1.5 9 7 7 4 1 3 18 15 11 9 14 
4328216263 1.5 5 2 3 12 19 7 10 
2322893207 1.5 4 2 18 1 16 15 
1447545316 1.5 4 2 5 9 0 6 
997905099 1.5 5 3 15 16 12 2 6 
4122451879 1.5 4 3 5 1 17 15 
7915112549 1.5 7 6 3 1 16 11 8 15 17 
8003240210 1.5 8 7 11 10 13 7 12 1 16 19 
4051897777 1.5 4 2 12 5 14 9 
2191783134 1.5 3 3 3 10 15 
2893051565 1.5 8 3 0 12 17 8 3 19 2 13 
7922913343 1.5 8 8 14 12 10 17 0 16 13 3 
6898703890 1.5 5 2 1 8 17 7 6 
5765927445 1.5 6 4 4 6 11 3 7 15 
6395245662 1.5 6 4 3 15 5 12 7 9 
359478885 1.5 5 3 17 5 2 12 18 
5905161014 1.5 7 3 17 7 11 1 9 14 4 
6623368067 1.5 3 2 8 17 3 
10493139805 1.5 9 6 13 14 6 10 9 1 17 2 15 
17070531 1.5 8 5 14 3 6 0 8 17 2 12 
6307319232 1.5 5 5 8 13 16 11 5 
1398253257 1.5 6 6 8 11 18 3 6 19 
284667739 1.5 4 2 0 3 6 16 
1511235634 1.5 8 3 14 2 16 9 13 0 10 3 
1736036428 1.5 9 2 10 9 5 19 18 11 0 12 4 
10364167270 1.5 8 3 18 11 16 14 12 1 0 6 
497350785 1.5 7 5 13 4 0 11 7 8 18 
886648653 1.5 9 7 2 16 0 1 11 18 13 9 10 
4611751158 1.5 9 2 15 9 4 19 2 10 16 3 17 
9809866323 1.5 3 3 9 14 2 
10326348444 1.5 9 2 7 12 9 14 2 3 4 19 1 
2257746291 1.5 7 5 1 8 14 16 18 2 10 
8468595424 1.5 5 2 15 1 12 13 0 
858437409 1.5 3 3 14 19 9 
8550352735 1.5 7 4 9 6 0 2 18 16 1 
6777194668 1.5 6 4 10 4 18 1 8 16 
9956989341 1.5 7 4 10 7 9 17 11 16 15 
5844175468 1.5 8 4 15 10 1 8 4 11 9 5 
4116630529 1.5 8 6 10 4 6 3 14 12 2 17 
8506201432 1.5 9 7 1 6 8 14 5 17 11 16 2 
3305637413 1.5 6 5 8 9 13 10 19 18 
1135715092 1.5 7 2 12 13 1 11 16 3 7 
4524924054 1.5 8 3 17 3 15 4 11 13 7 0 
9717516713 1.5 7 3 12 18 16 14 10 7 2 
7617602009 1.5 5 5 2 1 18 16 14 
4232597622 1.5 9 2 5 17 7 19 0 12 15 1 3 
2377844623 1.5 3 2 9 10 15 
1156247538 1.5 3 2 9 10 4 
10327420794 1.5 9 3 13 3 12 14 4 16 8 19 2 
8513748584 1.5 6 6 4 8 3 11 13 2 
2209915096 1.5 9 7 8 19 11 17 5 14 16 7 4 
7010294048 1.5 9 8 12 4 1 16 8 11 15 10 6 
2422544055 1.5 4 3 16 18 7 1 
9505918247 1.5 5 2 17 14 0 11 13 
1903377529 1.5 5 3 2 14 0 12 6 
8029177048 1.5 8 7 19 5 13 16 7 12 11 18 
5563830346 1.5 7 3 11 5 15 13 7 14 8 
561994055 1.5 4 2 2 7 1 6 
7367865568 1.5 4 4 0 3 12 2 
4939577323 1.5 6 4 8 11 12 14 6 15 
6779924423 1.5 8 7 17 19 18 15 1 6 14 2 
8123404049 1.5 8 3 11 18 19 7 17 4 8 14 
8760110049 1.5 6 3 17 3 11 10 2 13 
9318515872 1.5 9 9 15 19 18 4 1 16 13 11 17 
4683182414 1.5 4 3 9 2 1 18 
2409298559 1.5 5 2 6 7 8 4 5 
2491538589 1.5 3 2 16 1 5 
6329441084 1.5 6 3 16 13 12 5 1 9 
872301751 1.5 5 3 2 8 12 10 11 
7554586170 1.5 8 7 0 12 13 5 1 6 18 14 
1922474141 1.5 5 3 10 13 3 4 8 
1078527144 1.5 6 5 8 3 13 10 18 15 
2800023840 1.5 7 2 18 1 13 6 16 0 10 
5370219491 1.5 8 3 18 2 0 16 12 1 4 14 
6648083997 1.5 3 3 8 18 10 
4041510412 1.5 9 8 9 3 4 18 5 8 15 10 19 
4304696454 1.5 7 3 6 12 8 1 9 7 16 
10700211599 1.5 5 2 2 10 17 15 5 
8419548469 1.5 3 3 4 8 15 
9804069034 1.5 7 3 9 19 0 12 17 16 5 
246527453 1.5 7 4 9 3 7 8 4 0 13 
9801749182 1.5 3 3 14 6 10 
2584505389 1.5 6 5 0 5 14 2 6 11 
2105733549 1.5 4 3 3 7 17 13 
7001710695 1.5 4 3 14 19 18 3 
6405193856 1.5 3 3 19 3 13 
7608829036 1.5 7 6 13 18 15 7 10 17 11 
8903366045 1.5 8 5 5 0 6 18 17 19 12 4 
7545050578 1.5 7 3 12 2 14 10 18 19 1 
4448551755 1.5 6 2 14 12 13 9 7 18 
6582626875 1.5 4 2 5 15 6 17 
4568098818 1.5 9 3 4 9 2 16 15 5 18 19 10 
10325539983 1.5 7 3 6 8 0 1 5 16 3 
5309410211 1.5 4 4 14 16 4 1 
5926483110 1.5 4 2 8 15 5 19 
3777666080 1.5 7 7 12 1 5 17 8 9 18 
1874186860 1.5 3 2 15 10 3 
4026242635 1.5 5 5 11 19 15 12 1 
9124948474 1.5 4 3 8 6 9 14 
5072823765 1.5 7 7 12 1 17 18 6 5 9 
5726423872 1.5 7 7 15 19 7 18 6 3 1 
2099618852 1.5 5 3 17 14 13 1 2 
3347011393 1.5 5 5 9 16 5 18 13 
5245494773 1.5 3 2 1 16 17 
3514538684 1.5 8 6 17 1 5 11 3 2 4 16 
7033686846 1.5 9 3 2 12 11 6 9 16 13 18 15 
2179338298 1.5 9 4 8 10 1 0 15 19 4 18 17 
9584741683 1.5 8 2 16 14 13 0 18 10 11 7 
7080067189 1.5 4 2 7 19 12 9 
1941311421 1.5 6 5 1 19 5 14 17 2 
10392727215 1.5 4 3 5 1 4 10 
7773136091 1.5 6 6 19 16 15 5 13 8 
5430073157 1.5 5 3 12 18 9 10 8 
7278122383 1.5 4 2 4 14 5 2 
10147081714 1.5 7 4 1 16 19 14 3 10 8 
1383617557 1.5 8 8 1 9 13 6 19 4 5 16 
8560112779 1.5 7 3 14 7 13 1 5 4 9 
4285535055 1.5 5 2 16 5 6 10 2 
7122013348 1.5 5 5 18 15 2 17 0 
4746098275 1.5 5 5 7 19 10 1 12 
9032760398 1.5 6 3 14 13 3 15 7 4 
3887817745 1.5 5 3 14 6 8 9 0 
5795578946 1.5 4 4 13 9 2 7 
6082924839 1.5 5 5 5 3 15 13 10 
10400174802 1.5 9 4 14 12 4 18 16 0 8 5 3 
9474092872 1.5 8 6 16 13 3 19 1 14 6 8 
3222918969 1.5 8 7 8 0 5 6 18 19 4 15 
3779871304 1.5 4 2 12 16 14 6 
8430626351 1.5 3 3 19 0 17 
7244836314 1.5 3 2 1 8 15 
5466701326 1.5 4 4 0 18 19 4 
8480614532 1.5 4 2 9 2 15 13 
7095910681 1.5 8 5 6 8 0 14 7 10 4 3 
759780959 1.5 6 6 8 1 9 14 17 12 
1137252609 1.5 6 2 11 9 1 15 19 18 
10060949618 1.5 4 2 7 16 18 8 
8220513169 1.5 4 4 3 16 6 0 
4727684451 1.5 5 2 19 13 15 10 4 
2869523413 1.5 3 2 9 6 8 
4020012037 1.5 9 8 5 4 7 1 10 15 18 14 16 
9512882514 1.5 9 5 13 10 8 9 7 3 11 1 18 
1939199170 1.5 6 6 6 3 14 13 15 7 
593805776 1.5 3 2 6 7 14 
10700478278 1.5 6 2 10 16 0 9 8 11 
1919177066 1.5 5 4 17 16 7 6 0 
668483703 1.5 6 2 14 16 1 3 15 13 
10384076245 1.5 9 7 10 19 13 8 3 1 4 15 5 
9580984599 1.5 3 3 5 4 11 
6052670710 1.5 5 2 11 6 10 17 19 
6605657696 1.5 6 5 8 11 1 2 17 16 
6087543604 1.5 8 7 18 5 10 11 16 1 3 17 
2252255939 1.5 5 3 9 2 7 8 18 
6341519812 1.5 6 4 13 6 4 9 2 1 
8593686567 1.5 6 5 16 1 14 3 18 19 
7613315700 1.5 6 4 11 9 10 2 4 8 
3613236502 1.5 8 3 16 15 7 12 1 5 8 17 
3331433183 1.5 6 4 13 8 9 6 2 17 
5706056119 1.5 6 4 3 19 1 18 12 5 
9806037046 1.5 8 5 16 2 6 17 5 15 11 0 
5254085148 1.5 8 4 8 15 12 18 9 17 13 2 
1833572734 1.5 5 2 6 4 16 2 3 
10458426607 1.5 4 3 3 12 16 19 
1261700965 1.5 6 4 1 15 8 0 5 13 
5363561784 1.5 8 8 10 19 14 2 1 17 18 7 
10080691206 1.5 4 4 17 6 8 15 
5427828791 1.5 7 3 9 3 4 0 8 19 14 
5807735973 1.5 9 4 1 16 13 15 18 14 12 6 3 
8110344124 1.5 3 2 8 3 6 
4237162774 1.5 4 4 15 7 5 2 
5547493456 1.5 3 2 1 10 3 
3354627113 1.5 4 3 8 1 5 13 
9193413094 1.5 8 2 18 1 6 5 11 2 16 0 
471273250 1.5 6 5 18 10 4 2 17 16 
2792286196 1.5 5 5 18 0 10 17 3 
8682323942 1.5 4 2 11 16 6 7 
4100877365 1.5 4 3 17 5 13 1 
10337714038 1.5 3 3 1 12 13 
7301991266 1.5 9 8 9 8 12 0 5 19 18 10 2 
9738095672 1.5 4 2 3 15 0 6 
5786360195 1.5 4 4 17 9 19 3 
4444431645 1.5 3 3 12 15 19 
9341492213 1.5 9 2 5 15 2 8 1 7 10 3 9 
3017555822 1.5 6 5 19 13 5 14 2 7 
3011012690 1.5 7 7 4 14 10 9 11 18 2 
8477318355 1.5 3 3 19 7 9 
7524067761 1.5 4 4 6 3 13 11 
6768921262 1.5 6 3 9 0 13 10 2 1 
1607354868 1.5 9 6 0 2 5 6 16 7 15 12 17 
1063089925 1.5 3 2 9 16 7 
1297893440 1.5 4 3 15 9 7 13 
10598749360 1.5 8 8 0 2 14 7 11 3 18 8 
4879201723 1.5 5 2 11 9 4 1 10 
217380310 1.5 5 2 12 18 15 14 13 
1139499100 1.5 3 3 13 8 17 
9768886593 1.5 7 3 2 18 6 8 0 17 13 
3004077109 1.5 3 3 6 2 8 
1158078736 1.5 8 6 11 5 14 17 7 13 3 9 
9371117296 1.5 6 4 3 16 4 19 2 13 
152656844 1.5 5 4 17 14 6 10 7 
1757522645 1.5 5 2 7 8 19 10 12 
7439892675 1.5 7 7 15 6 8 16 9 7 1 
5822532012 1.5 7 4 13 19 8 18 5 17 0 
7066763529 1.5 7 2 17 3 1 7 11 19 13 
2298505047 1.5 9 8 14 9 3 2 5 18 16 7 12 
4880722543 1.5 3 3 10 1 4 
1751796312 1.5 9 6 19 2 7 13 17 10 15 14 12 
9776072668 1.5 5 3 2 7 14 18 16 
241830922 1.5 3 3 11 1 14 
461050922 1.5 7 7 1 13 2 7 4 15 16 
6725376173 1.5 5 5 13 16 1 4 9 
7734212789 1.5 9 6 18 8 4 9 5 11 10 7 6 
7334852219 1.5 3 3 16 7 14 
5383135974 1.5 4 3 12 8 3 19 
10058880555 1.5 8 5 2 3 13 6 9 18 16 15 
464550556 1.5 8 6 14 11 1 3 13 19 6 17 
5034935825 1.5 6 4 19 6 16 8 14 12 
7836005782 1.5 3 3 19 7 4 
9535010784 1.5 9 3 4 9 8 11 2 10 3 18 6 
5850089889 1.5 4 3 19 16 3 4 
4026111067 1.5 6 4 18 17 9 7 2 12 
971533658 1.5 9 9 16 11 5 13 6 7 14 15 10 
6608765562 1.5 6 6 3 11 19 9 12 14 
5897531156 1.5 7 7 0 6 16 3 17 4 5 
2693009973 1.5 7 6 13 8 0 5 2 16 1 
11357055 1.5 5 4 8 5 6 9 7 
2605155671 1.5 6 5 5 4 19 14 3 6 
1140454229 1.5 6 3 11 0 3 13 18 6 
3392795654 1.5 9 8 16 10 19 4 9 17 12 11 5 
2496237754 1.5 3 2 7 19 10 
1812929026 1.5 9 3 11 2 7 12 5 0 3 18 16 
9653432450 1.5 3 2 6 16 15 
3063833548 1.5 7 6 14 0 11 3 5 1 6 
3881319385 1.5 9 9 14 8 18 15 1 9 16 13 5 
2333124685 1.5 9 6 12 15 16 11 6 4 18 8 1 
1740810473 1.5 3 2 8 13 14 
4932152588 1.5 3 2 8 7 14 
6833778298 1.5 5 4 11 19 13 15 9 
393623350 1.5 6 5 10 8 11 6 17 14 
3658482979 1.5 8 7 17 4 14 8 18 3 5 15 
265437967 1.5 3 3 17 8 1 
6434687213 1.5 6 5 17 6 16 15 1 8 
4907096932 1.5 3 2 1 16 11 
6432176118 1.5 8 3 13 11 18 0 3 2 16 8 
9877269051 1.5 7 4 5 9 8 10 3 18 6 
44977485 1.5 4 4 11 9 10 3 
5134194786 1.5 8 3 12 7 10 18 16 1 17 6 
5050258905 1.5 8 4 9 8 12 17 6 3 1 4 
3504533337 1.5 4 2 15 3 6 17 
7890379658 1.5 8 5 0 6 15 18 10 3 9 1 
3597563068 1.5 4 3 17 13 5 15 
3902084665 1.5 6 2 4 14 9 12 18 8 
9099471006 1.5 7 4 14 4 11 3 15 9 6 
196800062 1.5 7 4 0 15 14 13 10 2 12 
9943263690 1.5 6 2 16 17 7 12 14 9 
8633223833 1.5 7 2 10 4 9 11 6 13 18 
8647130863 1.5 5 3 16 6 18 19 5 
5926494049 1.5 5 4 19 5 9 1 10 
5025497320 1.5 5 4 1 3 12 17 14 
7471525241 1.5 3 2 2 12 3 
4629003088 1.5 5 2 2 9 11 18 5 
1436654378 1.5 4 3 14 8 17 10 
5323899723 1.5 4 3 17 9 16 2 
4370257689 1.5 3 2 2 0 17 
4702572088 1.5 7 5 15 18 8 0 3 9 1 
2480930104 1.5 6 3 1 12 11 3 15 5 
757367005 1.5 8 7 0 8 18 1 15 11 7 10 
6254314341 1.5 8 3 17 14 7 5 15 4 0 11 
2148854835 1.5 3 2 5 14 16 
2828098432 1.5 4 3 0 13 7 17 
4407131794 1.5 4 3 14 11 19 8 
4731721105 1.5 7 7 16 13 3 5 12 7 4 
3043060796 1.5 7 7 14 10 2 1 0 3 18 
7919946015 1.5 4 3 2 12 3 9 
4721111610 1.5 8 2 15 0 18 4 17 6 14 11 
4373409597 1.5 6 4 10 6 17 0 9 18 
1293181135 1.5 4 4 19 14 1 0 
3832480227 1.5 3 3 9 1 17 
367534219 1.5 6 3 14 12 8 2 17 11 
9486353892 1.5 7 5 9 12 6 19 10 16 18 
554925227 1.5 9 7 16 1 18 0 10 13 9 8 3 
3547523253 1.5 4 3 7 9 16 10 
3593870454 1.5 6 3 0 6 16 12 4 9 
6014148471 1.5 8 8 19 11 6 12 7 3 13 1 
336823598 1.5 8 6 6 9 16 2 13 10 3 5 
2831516700 1.5 5 4 3 6 15 2 18 
5420930354 1.5 5 3 8 10 14 4 19 
1228663383 1.5 5 3 16 12 14 19 6 
9787037919 1.5 6 6 5 16 14 3 8 19 
7957704 1.5 3 2 1 10 13 
6456688116 1.5 6 2 6 5 19 14 8 4 
3782373788 1.5 9 4 18 16 12 15 9 13 4 17 1 
926402619 1.5 7 5 1 15 14 6 0 10 11 
7727628997 1.5 5 2 1 18 5 15 4 
10424761678 1.5 6 5 13 14 0 12 9 10 
10734402809 1.5 9 3 11 1 7 4 6 18 8 16 9 
9112287800 1.5 8 4 15 6 8 10 7 17 3 12 
3432365590 1.5 5 5 19 2 16 12 0 
5232276595 1.5 5 2 6 17 10 15 7 
1013415480 1.5 9 9 12 7 5 1 18 14 11 4 17 
3487463019 1.5 4 2 17 9 10 2 
7074275729 1.5 3 2 16 17 2 
4026483960 1.5 9 4 18 5 4 2 3 19 14 11 0 
9241769787 1.5 7 7 18 13 0 6 9 1 2 
4260017384 1.5 7 2 1 3 16 2 12 15 0 
2936883900 1.5 6 3 2 19 15 10 13 9 
4488839381 1.5 6 4 5 10 15 17 12 1 
4541738413 1.5 6 6 13 12 16 0 17 9 
6349776929 1.5 6 6 16 2 9 5 10 11 
10111792043 1.5 6 6 8 3 12 13 17 19 
2187991404 1.5 6 4 18 13 7 10 0 17 
2566549961 1.5 6 5 2 10 9 16 12 15 
5203123066 1.5 6 6 4 8 18 15 16 13 
5477555080 1.5 3 2 11 19 14 
7206611824 1.5 4 2 16 14 3 0 
8844794559 1.5 7 5 17 1 5 10 4 19 2 
7734633217 1.5 4 4 9 14 5 17 
7698638335 1.5 7 4 17 5 0 8 4 14 16 
2249924171 1.5 7 5 18 11 1 2 15 3 9 
5112473508 1.5 5 2 1 18 6 12 5 
6264932620 1.5 6 5 11 19 12 5 6 4 
8101873756 1.5 4 4 9 5 8 15 
2563274576 1.5 3 2 4 10 19 
1086678096 1.5 8 7 12 8 6 2 13 16 11 15 
9992286924 1.5 7 5 18 5 8 4 19 14 11 
8026542804 1.5 9 2 5 0 15 8 9 3 11 18 1 
3937864563 1.5 7 5 4 17 2 9 6 12 15 
3439419349 1.5 7 3 17 7 9 18 2 8 0 
4585784966 1.5 6 2 4 2 17 11 7 1 
2225665320 1.5 8 4 4 10 5 18 13 7 2 15 
5065147728 1.5 9 6 3 13 11 5 14 19 16 7 0 
10322860905 1.5 9 5 7 12 14 8 9 6 0 18 11 
3257642664 1.5 6 2 14 3 16 12 9 6 
2772994726 1.5 5 2 11 6 2 17 1 
8945681791 1.5 5 5 11 2 1 3 17 
3404542496 1.5 7 7 16 8 1 7 4 13 9 
4448738190 1.5 9 3 8 19 0 16 13 15 2 7 11 
1305792197 1.5 9 7 15 0 1 3 10 8 9 13 6 
1478014037 1.5 3 2 19 0 15 
4115845842 1.5 6 2 6 7 15 19 2 16 
10417116114 1.5 9 6 15 14 0 7 5 1 17 13 4 
3854739481 1.5 8 4 13 19 12 14 0 5 18 6 
9370871484 1.5 4 4 18 13 10 6 
3795874121 1.5 6 4 12 16 11 7 15 17 
3648319744 1.5 7 2 19 6 1 16 7 3 13 
10210953679 1.5 8 7 0 1 5 3 8 6 10 12 
1932355906 1.5 9 8 10 6 18 16 19 9 11 13 15 
321148 1.5 6 3 18 14 1 19 4 6 
3978357646 1.5 6 3 2 12 17 13 3 14 
8991693057 1.5 7 4 11 1 5 18 13 9 0 
3344328244 1.5 9 6 16 19 15 6 0 8 17 2 1 
949839419 1.5 5 2 9 11 14 16 7 
7801632293 1.5 4 3 0 5 18 6 
9290355707 1.5 7 3 12 8 6 10 16 13 1 
2426976025 1.5 4 2 15 5 18 10 
4553820486 1.5 7 7 3 9 10 19 0 4 13 
3387050198 1.5 4 2 3 6 18 2 
4876784592 1.5 8 7 12 13 16 8 11 19 2 0 
4965613924 1.5 5 4 10 5 19 18 3 
2661420442 1.5 6 5 17 19 1 7 8 2 
4245069494 1.5 7 5 2 11 17 13 1 0 6 
3217526313 1.5 5 4 10 8 2 5 19 
3300211408 1.5 8 4 5 18 6 14 3 11 2 0 
6303459910 1.5 4 4 11 10 12 17 
10592511391 1.5 9 7 16 13 9 2 10 18 12 0 8 
9730144694 1.5 5 4 8 13 14 12 6 
6585997344 1.5 8 5 5 4 12 14 11 6 8 9 
5617467723 1.5 7 6 10 6 12 17 13 7 5 
7006214196 1.5 7 2 1 16 14 15 2 4 11 
1925519077 1.5 4 4 19 6 10 17 
8680681177 1.5 5 4 1 0 2 12 14 
7771985662 1.5 9 6 17 2 13 6 12 10 16 8 18 
9529140642 1.5 7 6 3 11 7 8 19 5 4 
5813439986 1.5 6 2 3 9 4 8 17 14 
55024684 1.5 5 3 6 4 3 16 2 
9881605320 1.5 6 2 9 11 13 7 2 10 
10242779863 1.5 5 5 10 16 8 18 14 
9312144111 1.5 8 2 17 14 8 5 10 3 11 1 
4257787986 1.5 8 3 6 8 12 14 11 18 19 0 
6533727880 1.5 3 3 0 2 7 
2769958347 1.5 7 6 5 1 14 10 15 4 7 
3189379519 1.5 3 2 2 5 10 
6654034790 1.5 9 6 8 14 6 3 2 4 16 13 9 
3232168782 1.5 6 6 14 1 11 13 16 12 
9065930310 1.5 8 3 11 6 1 5 7 17 18 2 
556086747 1.5 6 3 8 12 18 14 13 2 
5750356283 1.5 9 7 6 14 17 0 4 16 2 9 11 
445474989 1.5 8 7 17 9 8 6 10 1 4 12 
1393675013 1.5 3 3 14 11 4 
5159422864 1.5 6 6 16 7 4 9 19 0 
6070176151 1.5 8 3 2 8 12 7 9 11 14 18 
8691522684 1.5 5 5 0 14 13 3 11 
7933186867 1.5 5 4 9 15 19 3 10 
958129733 1.5 7 7 14 13 3 15 19 12 2 
6766464391 1.5 9 8 2 12 13 7 4 14 18 0 16 
9308653305 1.5 9 9 8 11 10 7 19 3 18 14 12 
5378976827 1.5 9 2 4 0 12 9 7 15 14 2 8 
1033573597 1.5 6 4 17 19 2 4 18 11 
880225683 1.5 3 3 10 7 18 
7029262357 1.5 9 4 6 12 7 8 17 4 13 11 18 
2062149286 1.5 6 6 8 18 13 0 5 2 
6299712823 1.5 9 3 1 13 2 15 17 14 7 12 19 
2901989502 1.5 8 5 5 1 19 17 3 11 14 0 
5478773632 1.5 8 7 14 8 11 15 1 5 12 7 
10046924124 1.5 3 2 5 4 6 
9875189170 1.5 8 2 7 16 19 2 13 8 11 17 
9571861662 1.5 6 6 2 6 4 7 5 9 
49098623 1.5 5 5 9 14 8 11 5 
6678042136 1.5 3 2 5 8 18 
9946772683 1.5 3 3 19 8 14 
9254008857 1.5 5 2 18 6 19 3 17 
1823744663 1.5 9 4 2 10 17 4 16 19 1 13 8 
7104816235 1.5 5 4 13 5 11 1 2 
8729387615 1.5 9 3 9 15 19 17 7 11 10 0 1 
5399736329 1.5 7 6 13 19 5 3 8 0 6 
6291356023 1.5 7 7 11 1 13 18 15 7 5 
8503852110 1.5 4 4 8 14 4 10 
3127114817 1.5 5 3 12 4 3 18 16 
9478871392 1.5 5 5 15 13 19 11 5 
7872854009 1.5 3 2 5 17 2 
7030210090 1.5 5 4 18 3 13 14 1 
2041792507 1.5 4 3 4 0 12 7 
842435979 1.5 7 4 15 6 14 17 10 11 4 
923302266 1.5 8 4 10 18 5 17 7 9 16 6 
5948130005 1.5 5 5 7 19 17 16 14 
2106620335 1.5 5 3 8 15 16 7 11 
6664814222 1.5 5 5 4 11 14 19 12 
1014322723 1.5 9 2 8 10 4 11 9 6 19 7 15 
5052335398 1.5 4 3 17 6 2 10 
2194307379 1.5 4 2 9 6 19 14 
2399227554 1.5 4 3 0 10 8 17 
889591473 1.5 6 6 10 1 11 18 9 6 
1183689804 1.5 9 8 14 10 19 1 15 8 12 13 11 
2717847270 1.5 6 6 12 6 3 2 19 14 
8838937899 1.5 6 3 3 19 5 14 17 4 
2783402579 1.5 4 4 19 5 10 3 
3494630651 1.5 8 2 9 0 18 5 11 4 14 10 
3046655625 1.5 6 6 6 5 8 13 1 19 
882561423 1.5 4 3 12 1 16 8 
3128254861 1.5 4 4 15 16 9 11 
5628467778 1.5 8 2 15 1 18 12 14 13 7 17 
9110244009 1.5 8 7 10 15 2 7 3 13 19 1 
26015171 1.5 3 3 18 1 17 
5859154570 1.5 6 3 10 4 5 18 7 2 
76199445 1.5 3 2 18 13 12 
10090508142 1.5 8 7 9 0 16 1 19 7 3 2 
1574678022 1.5 8 3 0 17 2 1 18 3 12 5 
9209120885 1.5 4 2 19 5 16 2 
8332489830 1.5 5 5 10 16 1 13 4 
7719016662 1.5 8 2 5 18 0 10 13 2 8 14 
4422671043 1.5 4 2 8 3 14 17 
71412395 1.5 3 2 9 4 18 
17 536 40
11 294 45
13 410 8
13 917 34
0 960 3
0 426 28
19 225 14
3 849 39
2 583 34
4 695 8
15 290 3
1 109 35
5 732 47
19 564 11
10 916 24
4 721 12
6 172 34
10 856 39
16 389 10
3 298 50
13 991 45
6 299 40
17 807 39
3 228 30
13 785 12
7 926 9
9 97 24
7 705 43
0 408 8
8 707 42
13 52 1
1 162 6
4 77 28
15 420 14
1 617 3
18 831 21
11 24 48
11 241 50
16 649 12
8 596 42
2 171 47
9 105 4
14 156 24
16 721 45
1 420 49
17 555 1
14 875 40
8 435 41
10 467 6
0 555 40
7 644 3
18 355 23
9 756 49
18 48 42
10 361 17
6 602 27
4 24 3
0 662 11
19 888 7
11 381 9
6 43 27
6 296 30
6 284 39
4 212 10
18 553 25
15 139 49
15 229 14
2 490 2
0 749 13
10 702 7
4 135 22
13 611 38
10 127 15
16 203 2
12 354 15
8 770 50
12 386 17
19 309 30
14 976 12
18 524 18
19 49 49
10 627 23
9 396 37
17 229 42
6 196 32
0 368 32
14 412 29
3 946 30
4 696 7
6 618 14
6 892 36
13 682 39
11 992 4
2 268 1
16 45 31
18 1 28
9 495 42
4 119 14
3 24 1
19 200 40
