20 20 1000 100
1073741824 1073741824
1073741824 1073741824
1073741824 1073741824
1073741824 1073741824
1073741824 1073741824
1073741824 1073741824
1073741824 1073741824
1073741824 1073741824
1073741824 1073741824
1073741824 1073741824
1073741824 1073741824
1073741824 1073741824
1073741824 1073741824
1073741824 1073741824
1073741824 1073741824
1073741824 1073741824
1073741824 1073741824
1073741824 1073741824
1073741824 1073741824
1073741824 1073741824
1073741824
1073741824
1073741824
1073741824
1073741824
1073741824
1073741824
1073741824
1073741824
1073741824
1073741824
1073741824
1073741824
1073741824
1073741824
1073741824
1073741824
1073741824
1073741824
1073741824
5685227029 1.5 6 6 6 19 16 11 7 13 
9476406600 1.5 9 3 15 0 7 13 18 17 2 5 4 
6313691038 1.5 5 3 2 14 3 7 16 
2818721538 1.5 5 3 15 3 12 7 10 
3065683112 1.5 9 4 11 8 7 14 19 6 15 2 18 
8283907639 1.5 7 3 12 11 18 14 9 19 17 
3595020972 1.5 3 2 3 2 17 
6947859303 1.5 6 3 3 13 12 11 5 14 
6665342246 1.5 8 7 4 7 16 14 8 1 3 13 
3657989431 1.5 7 7 13 4 12 2 18 6 7 
96731280 1.5 8 4 15 13 7 0 4 14 1 17 
9085706942 1.5 8 2 4 12 13 0 5 7 3 1 
5205094342 1.5 3 2 18 16 5 
3554252354 1.5 5 2 1 7 11 19 16 
5746298504 1.5 6 4 7 14 1 12 2 4 
5300097209 1.5 7 5 13 1 11 2 10 7 12 
8863975315 1.5 6 4 16 1 19 17 10 14 
10439152066 1.5 5 5 3 5 19 10 11 
1929915140 1.5 3 3 15 5 10 
8193713234 1.5 7 7 11 5 19 16 9 3 18 
3544760190 1.5 8 3 16 13 10 9 1 14 15 0 
7789291331 1.5 3 3 16 3 5 
711602999 1.5 9 9 2 9 0 4 14 11 15 1 12 
1135366265 1.5 9 4 17 13 5 1 8 11 9 0 2 
8860162947 1.5 4 4 18 2 16 17 
5430511906 1.5 7 2 3 19 5 14 10 7 16 
7965797595 1.5 6 3 19 0 1 14 17 16 
9095595962 1.5 5 2 10 13 16 17 4 
646230278 1.5 8 8 6 8 10 0 12 15 18 14 
5984199750 1.5 3 2 17 18 6 
4459233035 1.5 8 2 8 1 6 2 15 12 19 11 
624344109 1.5 9 3 5 16 8 7 18 17 10 3 14 
5601908147 1.5 6 6 4 1 8 12 5 0 
7268230546 1.5 4 2 17 16 2 5 
7902143022 1.5 7 7 3 7 16 11 4 12 17 
2483252718 1.5 3 2 9 5 8 
3018625760 1.5 6 5 11 1 17 4 18 3 
7784612246 1.5 5 5 1 16 12 11 6 
3466150928 1.5 8 7 6 4 17 2 5 8 7 12 
6718465801 1.5 6 5 4 15 10 12 9 14 
10370594847 1.5 5 3 8 19 1 12 18 
9790209955 1.5 6 2 6 3 17 8 13 7 
1228218150 1.5 5 2 18 7 15 2 12 
9272989827 1.5 5 2 0 18 1 8 9 
9097254009 1.5 3 2 11 5 19 
5425051542 1.5 8 5 18 8 7 5 2 16 12 4 
4839619293 1.5 3 3 0 17 12 
4283681625 1.5 3 2 0 2 15 
1280212161 1.5 7 7 18 15 16 6 14 0 12 
1603722292 1.5 8 2 15 13 19 8 17 14 5 10 
8815441243 1.5 6 2 8 10 7 11 5 18 
2482730194 1.5 5 5 8 9 10 0 4 
6926489713 1.5 8 8 13 16 10 11 8 7 19 18 
9702565227 1.5 6 2 14 3 12 16 18 11 
2739165260 1.5 6 6 0 6 18 17 3 11 
9488131773 1.5 4 4 5 1 3 11 
5822168576 1.5 9 9 15 18 4 11 9 17 6 8 2 
5661244362 1.5 6 3 0 12 6 11 19 7 
7391763638 1.5 9 7 0 17 2 10 19 15 1 8 5 
8561155882 1.5 7 6 14 11 12 5 10 1 19 
3424472607 1.5 7 5 15 16 9 5 12 11 6 
2912483706 1.5 6 3 19 12 14 6 13 16 
5160597997 1.5 8 3 10 9 7 2 11 5 19 16 
4007685538 1.5 8 3 5 9 1 16 3 14 8 2 
2436062231 1.5 5 4 12 17 19 1 11 
1362726398 1.5 3 2 10 16 9 
1129611608 1.5 5 5 17 11 16 5 13 
4382323578 1.5 3 3 5 8 12 
7937456346 1.5 6 5 2 1 8 4 16 17 
9849382708 1.5 4 4 5 8 13 17 
4061470146 1.5 8 6 0 12 16 10 13 7 4 6 
5224947828 1.5 3 2 0 15 2 
2028010803 1.5 5 3 13 18 8 19 17 
7383828824 1.5 5 3 10 8 6 9 13 
2493648482 1.5 9 4 18 7 2 16 3 14 9 11 8 
9880961619 1.5 5 3 10 14 7 3 0 
5925483944 1.5 7 2 7 2 14 3 15 4 12 
3305559277 1.5 4 3 17 6 10 2 
10552428661 1.5 5 5 10 6 7 18 16 
2361366369 1.5 4 3 3 11 10 4 
6477039234 1.5 8 4 2 5 14 15 18 4 12 16 
3336540138 1.5 7 7 0 19 14 8 4 3 16 
9282221812 1.5 9 4 10 0 2 7 18 12 11 19 14 
2799500370 1.5 9 8 16 19 2 11 18 8 17 4 14 
8996073125 1.5 3 2 18 3 7 
604923841 1.5 3 3 8 10 17 
9960815548 1.5 6 5 2 1 5 13 11 18 
9971381696 1.5 9 9 12 5 16 17 10 7 15 14 11 
7541639202 1.5 3 3 12 2 11 
5382858042 1.5 8 6 8 11 5 9 7 6 2 4 
8619826165 1.5 7 2 2 6 7 18 5 4 10 
2899042441 1.5 5 4 17 2 15 13 16 
5743593346 1.5 7 7 3 10 5 14 7 12 19 
6724374334 1.5 7 6 9 12 5 17 13 15 11 
3955260186 1.5 5 3 18 7 8 6 4 
3849272218 1.5 8 6 6 0 5 19 16 7 9 1 
2015203221 1.5 6 2 12 5 7 15 19 8 
5162964709 1.5 5 3 15 8 19 4 11 
1024950982 1.5 5 3 12 7 11 16 2 
7007411838 1.5 4 4 19 2 6 14 
9181799066 1.5 7 4 1 6 13 12 3 10 0 
10198495724 1.5 6 5 8 16 14 18 12 7 
7067032010 1.5 8 7 15 9 7 10 5 8 2 18 
2573544714 1.5 9 7 4 13 9 18 14 3 10 11 16 
1327768461 1.5 9 4 5 10 3 4 19 18 1 11 0 
4415879437 1.5 9 6 14 2 0 6 12 3 10 8 19 
7167921952 1.5 4 4 16 5 1 4 
3918482295 1.5 3 3 19 0 17 
6061285505 1.5 6 6 14 6 13 10 19 18 
1545557069 1.5 3 3 10 15 16 
5152625376 1.5 8 3 9 19 12 11 0 5 15 3 
10549630867 1.5 8 3 11 1 16 12 18 0 19 15 
9899764046 1.5 6 5 3 7 18 17 16 10 
8474660416 1.5 3 2 1 9 18 
2851419103 1.5 6 5 2 6 15 7 17 1 
1967205479 1.5 3 3 3 1 9 
6356302135 1.5 3 3 0 7 15 
6484229894 1.5 5 2 18 0 6 2 13 
5666524768 1.5 6 4 14 19 3 1 17 9 
6013943312 1.5 5 4 16 18 15 7 6 
1661863972 1.5 7 6 17 1 2 3 13 14 7 
871013133 1.5 8 4 13 1 10 8 6 0 3 5 
9821680765 1.5 9 4 8 10 9 11 14 2 4 6 17 
9044387969 1.5 3 3 16 14 19 
3437927977 1.5 8 2 0 12 15 2 5 8 9 17 
6356594725 1.5 7 6 19 16 14 13 11 2 12 
2855934178 1.5 4 3 15 17 0 8 
180713636 1.5 3 3 13 12 19 
1798234005 1.5 4 4 7 10 14 12 
9456841205 1.5 8 7 18 19 3 17 7 11 14 2 
6401703902 1.5 4 4 8 15 0 14 
6900280701 1.5 5 2 10 1 5 15 8 
1386101612 1.5 8 4 4 12 18 9 10 15 11 14 
7186707487 1.5 8 5 1 10 15 16 7 12 5 13 
4776411617 1.5 5 2 1 4 16 3 7 
10220771121 1.5 5 2 1 12 9 5 17 
10084509833 1.5 4 4 5 7 18 10 
6906675248 1.5 7 2 0 19 10 18 13 7 6 
474744463 1.5 6 3 17 16 19 4 9 10 
5273476639 1.5 7 4 14 3 1 2 19 4 10 
3198288974 1.5 5 4 9 13 14 2 8 
7188868719 1.5 7 4 11 9 16 14 0 13 5 
2071338190 1.5 9 8 15 16 4 13 18 17 0 2 12 
1875275845 1.5 7 3 7 18 8 10 3 11 0 
2204087078 1.5 7 5 9 10 13 3 18 11 15 
8577651087 1.5 4 4 1 8 19 15 
8516782337 1.5 3 2 8 13 0 
4804276875 1.5 6 5 2 14 8 0 18 9 
6406911390 1.5 9 9 18 10 11 19 6 3 12 2 16 
8170395533 1.5 3 3 6 8 15 
8747781048 1.5 4 2 13 7 6 1 
4908604370 1.5 8 4 6 9 2 3 17 0 18 1 
7094654992 1.5 6 5 0 1 19 12 10 2 
2657817616 1.5 8 8 3 5 1 14 18 7 4 12 
3062072910 1.5 7 4 17 0 12 2 16 3 18 
6234535167 1.5 5 4 1 2 10 6 12 
8440402556 1.5 8 6 14 16 0 15 18 2 6 12 
8475937991 1.5 7 2 3 13 12 9 16 2 18 
4435141183 1.5 7 3 14 13 17 9 6 16 3 
461403709 1.5 4 3 4 13 11 10 
1067406665 1.5 6 2 10 18 17 1 2 9 
5066126660 1.5 5 4 6 9 8 15 2 
1842442939 1.5 4 2 2 13 8 19 
1676809367 1.5 7 6 6 0 3 4 19 12 8 
5038025400 1.5 3 3 11 12 9 
7070723618 1.5 6 5 11 18 17 1 6 16 
3616323403 1.5 6 3 2 1 10 16 8 14 
8240018768 1.5 5 5 7 16 9 17 6 
1335418193 1.5 8 5 19 16 3 8 2 15 7 0 
8091176552 1.5 9 8 11 1 8 4 13 7 5 17 16 
4843781322 1.5 3 3 15 19 11 
7543063048 1.5 3 3 2 13 8 
1158924895 1.5 4 4 15 7 16 4 
5361087617 1.5 6 3 7 19 10 0 17 6 
3694588478 1.5 9 9 3 16 8 2 4 14 10 0 1 
677146890 1.5 4 2 9 10 6 4 
10538700012 1.5 9 4 3 4 11 12 6 9 2 17 1 
3272414061 1.5 6 3 8 5 7 4 0 1 
8159234198 1.5 5 2 9 2 15 3 6 
10473290097 1.5 3 3 11 4 10 
2585550097 1.5 3 2 6 16 18 
5441416235 1.5 6 2 5 16 12 9 1 0 
801849493 1.5 3 2 3 17 13 
7063671671 1.5 3 3 13 18 5 
6004417898 1.5 9 6 1 7 11 14 15 12 17 8 9 
7322148994 1.5 4 3 2 9 18 5 
2889303495 1.5 9 7 17 3 9 18 4 19 12 1 7 
3814841084 1.5 6 4 5 8 1 14 3 6 
1857502283 1.5 7 7 8 11 15 0 16 18 4 
5849093600 1.5 3 3 3 11 5 
13242626 1.5 8 8 4 14 3 5 17 12 11 16 
6190501656 1.5 9 8 16 14 3 0 17 12 8 9 18 
2489633263 1.5 8 4 15 18 5 14 6 17 8 19 
8134826317 1.5 6 2 18 1 9 17 0 6 
7473945284 1.5 5 5 14 12 18 10 7 
3311011327 1.5 4 2 1 19 4 17 
117133120 1.5 4 4 8 10 16 7 
7523648346 1.5 8 6 17 8 19 3 7 9 11 4 
1024961925 1.5 3 3 18 15 1 
8263534446 1.5 9 4 12 2 8 7 3 16 17 13 4 
6447393883 1.5 4 3 16 1 14 17 
3003115783 1.5 8 2 3 17 6 15 11 7 10 19 
6463594731 1.5 9 5 5 13 0 17 14 4 10 9 15 
5981917131 1.5 9 4 11 7 17 12 1 16 6 18 0 
97649966 1.5 4 4 8 5 0 19 
2308663692 1.5 6 2 1 4 9 14 19 5 
293555666 1.5 3 2 2 10 6 
7721531065 1.5 4 2 8 7 19 13 
8902587684 1.5 6 5 9 15 2 18 6 4 
7278862233 1.5 9 7 5 14 0 15 4 10 12 9 8 
8873286316 1.5 6 3 10 1 18 17 0 15 
5193841408 1.5 8 8 9 0 6 15 3 5 17 1 
6707174632 1.5 4 4 12 14 0 8 
692292495 1.5 8 3 15 7 16 4 3 6 17 12 
7532820034 1.5 3 2 15 0 3 
9682530547 1.5 7 7 1 4 6 7 19 5 14 
2143182831 1.5 4 4 10 7 8 15 
8018729060 1.5 8 2 18 9 5 6 0 17 4 11 
3790055264 1.5 5 5 12 16 0 9 7 
2992061713 1.5 9 9 12 7 4 3 13 19 15 18 8 
4035308365 1.5 4 2 1 19 5 16 
891494965 1.5 3 2 3 17 7 
10285105426 1.5 7 6 10 16 12 18 0 6 17 
9821924706 1.5 5 5 17 15 6 9 8 
9548158207 1.5 7 6 0 11 3 2 16 6 18 
3116320566 1.5 3 3 13 1 5 
9574556858 1.5 8 8 3 2 10 9 13 8 12 17 
4550764312 1.5 6 3 7 2 9 17 11 15 
6876522555 1.5 7 7 12 0 8 9 2 3 15 
2415679541 1.5 8 8 2 0 11 6 1 17 16 3 
7138980262 1.5 6 6 16 15 5 4 10 1 
3955707111 1.5 5 4 15 8 3 16 5 
5165766602 1.5 3 2 6 3 16 
8465847283 1.5 6 2 3 2 11 19 13 0 
3496610297 1.5 9 2 12 0 18 8 15 4 16 1 10 
8842875359 1.5 7 4 2 16 13 9 17 19 7 
8606625252 1.5 7 3 10 11 6 17 14 5 7 
6632322115 1.5 3 2 16 8 18 
5300715628 1.5 8 8 0 15 11 9 13 1 10 19 
4033276928 1.5 6 3 16 13 8 12 2 4 
10355114642 1.5 4 4 18 1 16 13 
4393381240 1.5 7 2 8 1 11 5 14 0 19 
1768637230 1.5 9 5 0 6 2 9 5 19 8 17 13 
5862441361 1.5 5 5 6 7 13 4 19 
5773947817 1.5 6 6 8 10 3 18 1 7 
9459820353 1.5 7 5 11 10 5 6 3 19 12 
7776102289 1.5 7 2 5 12 9 4 19 7 18 
8642404399 1.5 7 4 8 10 1 13 2 12 15 
8430006043 1.5 5 2 13 4 17 8 7 
5288172442 1.5 3 3 4 12 10 
5291742391 1.5 8 7 15 6 17 9 3 19 8 18 
841934007 1.5 8 4 15 12 1 7 4 19 17 2 
8090283054 1.5 8 2 12 15 11 1 19 14 4 0 
6523078859 1.5 4 2 4 9 18 8 
4206999812 1.5 9 8 12 15 14 8 5 13 7 17 2 
9931568226 1.5 6 6 7 0 15 5 1 14 
9942079457 1.5 4 4 15 0 18 17 
10462438391 1.5 5 5 14 10 1 15 2 
1889611728 1.5 5 4 14 13 15 3 1 
8497781398 1.5 5 5 19 17 0 11 15 
2185200286 1.5 5 5 18 13 17 8 0 
2120218024 1.5 9 6 11 1 3 10 16 17 4 14 9 
6811723526 1.5 8 7 15 9 7 1 13 8 17 18 
9471560431 1.5 4 3 18 11 1 14 
3286889555 1.5 6 2 12 19 2 11 7 5 
3958482385 1.5 6 5 14 17 2 5 6 0 
8085745736 1.5 9 7 14 5 7 19 9 6 15 18 1 
6649915487 1.5 4 3 4 8 5 2 
4035362323 1.5 9 3 2 4 3 10 5 11 18 17 16 
4919235987 1.5 7 5 1 17 2 6 10 12 9 
8779750155 1.5 4 4 5 17 14 8 
6977376597 1.5 8 8 16 15 14 8 11 6 12 9 
2735960546 1.5 9 9 7 11 0 1 15 18 2 6 5 
6203659699 1.5 7 4 11 7 19 15 12 18 17 
972901844 1.5 4 4 19 3 4 10 
10314181214 1.5 4 4 9 7 18 3 
9385969746 1.5 4 3 8 15 11 10 
9020296790 1.5 9 2 6 8 4 11 3 17 12 2 9 
421587969 1.5 5 5 0 18 12 7 4 
3663324180 1.5 6 5 9 10 13 14 1 2 
5584437434 1.5 6 4 10 2 8 15 6 9 
5234370204 1.5 9 5 14 18 1 12 8 16 4 17 10 
8944514915 1.5 4 2 2 10 13 16 
8197251167 1.5 9 3 12 4 16 15 19 13 0 10 9 
2586873578 1.5 8 6 10 0 12 14 11 9 16 2 
898776610 1.5 5 4 1 15 2 6 11 
6577632898 1.5 9 8 18 2 6 13 0 1 19 11 15 
2752194207 1.5 9 6 13 3 18 5 11 2 10 9 14 
10078498184 1.5 4 2 16 8 7 0 
1876288463 1.5 6 3 19 4 3 14 6 18 
9700450032 1.5 4 4 3 6 5 13 
10630625141 1.5 7 4 18 9 7 10 1 6 12 
8814110918 1.5 6 2 1 3 10 11 9 18 
8468230171 1.5 8 7 10 17 11 0 4 2 6 15 
5751586007 1.5 5 5 14 5 3 7 19 
2265697010 1.5 9 4 6 15 18 8 19 16 1 7 2 
4147848758 1.5 9 6 13 19 4 6 7 2 5 8 16 
1042892152 1.5 6 6 14 7 0 3 19 18 
3482073635 1.5 7 4 12 16 2 3 17 9 11 
2074470298 1.5 5 5 16 13 0 10 14 
5161669297 1.5 8 7 6 18 12 15 4 10 3 2 
6524013957 1.5 9 4 4 11 9 15 1 6 17 5 14 
67428348 1.5 5 4 12 2 16 19 9 
9970299537 1.5 9 5 13 5 7 0 17 19 2 16 6 
3842227723 1.5 5 3 9 7 4 11 3 
10465569897 1.5 9 4 19 4 1 12 13 6 18 14 17 
5673412294 1.5 7 4 2 0 19 13 8 18 17 
7758779050 1.5 9 6 5 12 13 18 9 3 8 7 0 
9646220624 1.5 3 2 13 16 1 
7261291200 1.5 8 5 18 9 6 16 0 2 13 11 
4170265952 1.5 4 2 19 17 10 11 
3943428239 1.5 4 4 2 3 10 8 
5962796577 1.5 5 5 8 7 11 5 14 
1001562753 1.5 5 5 15 3 9 11 4 
7065082304 1.5 3 3 1 13 19 
1085297675 1.5 7 3 11 4 16 14 12 10 15 
9111359222 1.5 6 2 14 18 19 0 5 7 
9469182655 1.5 5 2 3 18 0 1 10 
2393150480 1.5 5 3 15 1 19 13 6 
2962197418 1.5 6 3 13 17 12 9 3 16 
7722824678 1.5 5 4 17 6 10 4 3 
10509947427 1.5 6 2 3 9 17 2 19 13 
8877760194 1.5 5 4 1 9 13 18 14 
8691681305 1.5 8 6 15 1 4 16 11 2 0 19 
4348413575 1.5 5 3 8 2 16 9 1 
8031240993 1.5 5 4 2 15 19 6 1 
5517256695 1.5 9 9 1 19 0 13 4 7 16 3 12 
7402112653 1.5 9 8 15 12 7 6 1 16 3 18 14 
5090729014 1.5 4 4 5 1 7 11 
5471426652 1.5 3 2 2 16 18 
8713641644 1.5 3 2 0 12 13 
6543985 1.5 9 2 12 11 6 5 14 10 9 15 18 
7580914586 1.5 7 2 9 10 1 18 7 2 15 
5911427370 1.5 6 2 5 8 7 12 17 15 
7121083889 1.5 4 4 10 4 11 17 
3294681564 1.5 6 3 7 17 12 11 2 8 
1966619986 1.5 3 3 1 6 15 
1741324965 1.5 5 5 5 16 15 4 9 
2799321244 1.5 8 6 17 10 1 0 15 2 7 13 
10651730757 1.5 4 2 7 3 9 0 
9123296025 1.5 5 2 11 14 12 19 17 
5415589419 1.5 7 6 16 9 5 10 19 18 13 
9474116748 1.5 6 4 9 10 13 3 16 6 
8190626207 1.5 6 6 14 0 4 12 18 15 
8578477455 1.5 3 2 19 6 15 
9485505873 1.5 8 2 16 15 1 0 19 4 14 10 
2536282762 1.5 4 4 0 7 8 11 
3501293033 1.5 9 8 4 7 5 11 6 17 3 9 0 
2420500988 1.5 8 7 15 12 5 17 18 4 10 19 
3059503869 1.5 5 2 7 19 9 14 3 
5496046732 1.5 7 3 13 5 9 14 19 4 18 
1208316438 1.5 6 3 18 3 14 11 2 15 
1861260644 1.5 9 6 0 8 3 10 15 17 14 9 5 
8430826999 1.5 3 3 19 0 12 
666962165 1.5 7 3 14 11 19 18 8 1 13 
7958761830 1.5 8 7 16 5 13 3 11 10 1 17 
3839326466 1.5 8 4 9 8 14 19 18 3 13 1 
9401002264 1.5 6 5 15 1 4 5 9 14 
6274060875 1.5 8 7 4 18 1 3 13 12 16 19 
1140957482 1.5 5 4 19 11 3 1 12 
1008223390 1.5 4 4 10 11 1 15 
1998665207 1.5 5 2 2 18 8 19 7 
10091375149 1.5 8 6 12 11 7 9 0 6 3 4 
6266583789 1.5 7 4 12 11 8 9 13 3 15 
6769946047 1.5 5 2 19 6 4 0 18 
3886030362 1.5 5 4 6 10 12 7 15 
1047649313 1.5 6 5 13 15 11 6 10 0 
5703496448 1.5 8 5 12 18 6 13 3 17 10 4 
1243926775 1.5 5 3 0 6 7 2 15 
1347086142 1.5 4 4 1 2 17 3 
4182371544 1.5 6 3 15 14 13 6 0 16 
7839523648 1.5 9 9 15 2 5 16 3 19 7 18 0 
6702331262 1.5 4 3 4 10 11 7 
9000908701 1.5 9 3 12 9 19 15 17 6 0 14 10 
4955073056 1.5 3 2 13 17 11 
9393033985 1.5 7 5 13 15 1 9 7 8 2 
1872025550 1.5 7 6 16 11 19 17 8 1 15 
1995853595 1.5 7 2 9 0 2 14 3 5 13 
4945993585 1.5 5 4 8 13 3 5 1 
7648391031 1.5 8 8 7 16 11 2 6 19 12 9 
4862475998 1.5 4 4 9 14 17 11 
10062586843 1.5 6 6 14 10 19 4 7 6 
2974567753 1.5 4 4 14 10 13 7 
9198606894 1.5 4 2 11 3 2 4 
9298804367 1.5 8 6 11 1 19 18 16 7 2 12 
5669158744 1.5 6 6 17 6 2 19 0 14 
1853916263 1.5 7 2 15 12 9 4 1 11 19 
5239938929 1.5 5 3 6 15 1 13 9 
5335243738 1.5 3 2 16 8 11 
8260227492 1.5 6 3 8 11 7 16 9 4 
5776060745 1.5 6 2 15 17 11 2 10 9 
4409703391 1.5 6 3 16 1 14 10 15 11 
2041763572 1.5 7 7 11 15 6 3 16 13 7 
2991967026 1.5 3 2 18 16 17 
8176523323 1.5 3 2 7 14 15 
4951584448 1.5 8 5 4 12 9 2 11 3 18 14 
2348183487 1.5 3 3 5 16 9 
4569334824 1.5 4 2 1 5 10 2 
908888061 1.5 9 9 15 14 10 19 9 17 13 1 7 
7948155267 1.5 5 2 4 7 16 12 11 
3369191365 1.5 6 2 12 5 2 6 18 17 
2974857322 1.5 6 3 8 4 1 14 16 13 
8013014966 1.5 3 2 10 5 4 
2906318516 1.5 4 2 17 1 4 12 
8805827614 1.5 9 5 11 17 6 8 1 4 15 19 2 
8911544213 1.5 8 2 15 1 16 19 13 4 0 8 
316759233 1.5 9 2 19 8 10 16 12 1 4 0 9 
7779575403 1.5 8 5 2 18 8 12 9 6 19 1 
1889877929 1.5 3 3 6 11 16 
6931386290 1.5 5 2 11 19 1 16 3 
8265467333 1.5 3 2 19 1 14 
8576500614 1.5 7 2 10 5 0 13 4 15 17 
4535088176 1.5 9 8 0 17 5 2 3 4 15 6 18 
8804021024 1.5 3 3 10 17 11 
6008045063 1.5 8 4 11 0 7 17 4 6 3 8 
6683804552 1.5 5 4 7 0 10 4 12 
5431012261 1.5 5 4 4 6 14 13 19 
8045992079 1.5 6 4 16 10 17 12 13 3 
10652396584 1.5 7 6 0 7 9 1 5 6 12 
8978713458 1.5 3 3 17 3 0 
8234516965 1.5 7 4 8 9 16 14 7 5 18 
4552916467 1.5 3 3 13 9 6 
9038196964 1.5 5 4 0 3 16 13 15 
3288429684 1.5 8 2 8 19 0 16 10 1 11 4 
8577399931 1.5 9 8 5 1 0 12 3 6 19 4 7 
9524131824 1.5 5 4 8 6 1 13 10 
9589544801 1.5 4 4 13 5 15 18 
1567399221 1.5 8 7 5 17 4 6 9 14 19 2 
8951882158 1.5 8 7 7 12 6 2 17 11 15 1 
7512590579 1.5 9 4 13 10 0 6 15 1 18 7 12 
6684565020 1.5 8 4 2 18 4 14 3 19 11 15 
8837104151 1.5 5 2 3 16 8 2 12 
3953948143 1.5 5 5 16 6 18 4 3 
3796588475 1.5 4 2 3 11 5 1 
7981965178 1.5 8 6 4 13 6 16 15 3 10 19 
4395837324 1.5 9 3 6 7 14 0 8 3 16 9 4 
8070725765 1.5 8 7 17 3 6 9 13 1 19 5 
6076461570 1.5 4 4 12 17 7 5 
8511382540 1.5 3 2 7 2 18 
10189912128 1.5 7 4 19 13 12 17 0 6 2 
1757567754 1.5 6 5 14 12 8 1 18 5 
6316848113 1.5 7 7 18 16 8 7 15 4 5 
3030394677 1.5 5 2 5 8 17 1 4 
4078710508 1.5 3 2 1 9 4 
3240278355 1.5 8 6 14 4 2 10 1 3 13 15 
8851094891 1.5 4 2 12 18 19 0 
5582010870 1.5 7 2 0 16 9 4 6 8 5 
3542139933 1.5 9 3 14 19 8 13 15 1 0 6 10 
10371265008 1.5 9 8 15 1 7 4 2 12 6 13 18 
3486969065 1.5 3 3 7 3 5 
7600515189 1.5 8 5 11 3 19 8 15 10 13 0 
9299475165 1.5 4 4 7 10 4 9 
4024998031 1.5 4 2 5 16 8 11 
10322848979 1.5 4 3 0 18 2 4 
8717113443 1.5 9 6 3 0 12 4 8 7 18 2 19 
8677336029 1.5 3 3 13 2 11 
8707576675 1.5 4 3 18 8 7 17 
9289931892 1.5 4 3 3 16 12 5 
7865878059 1.5 3 2 2 18 8 
1914486278 1.5 3 2 16 0 8 
10021764024 1.5 8 8 16 12 5 18 6 7 19 1 
8425406014 1.5 4 2 2 13 19 15 
9945140660 1.5 5 4 5 10 1 17 0 
2243391530 1.5 6 6 9 7 1 0 19 15 
6762869332 1.5 3 3 2 6 5 
5695317025 1.5 5 5 7 16 12 15 14 
1370918505 1.5 6 4 14 5 16 0 10 12 
3218899392 1.5 6 2 9 4 14 10 2 19 
2414751423 1.5 8 6 18 12 7 19 5 8 17 10 
2100403461 1.5 4 2 3 9 18 12 
9679111590 1.5 6 5 14 15 7 11 9 10 
4515645082 1.5 9 4 4 5 19 8 0 12 10 6 15 
1682664949 1.5 5 2 4 17 6 19 8 
4029226579 1.5 5 5 7 14 8 2 3 
1055748079 1.5 7 2 15 4 7 10 5 11 16 
8365250320 1.5 8 4 1 16 12 3 19 11 7 9 
3931863350 1.5 9 9 1 10 4 15 6 5 12 0 14 
635231888 1.5 5 4 6 11 16 19 17 
1324802558 1.5 5 5 10 14 4 9 2 
5993244995 1.5 8 2 13 6 11 3 0 4 8 9 
4651917109 1.5 8 8 1 3 6 11 19 18 7 4 
2987864274 1.5 5 5 2 16 11 5 19 
771975066 1.5 4 3 5 18 16 17 
5409933464 1.5 4 3 3 11 5 2 
7065516226 1.5 7 7 16 1 8 6 5 11 7 
10174377575 1.5 9 7 13 9 4 16 8 0 19 3 17 
2958760134 1.5 5 4 10 17 0 13 18 
10034728385 1.5 7 3 6 10 11 5 0 17 16 
8110306606 1.5 9 4 17 11 0 9 3 12 15 4 7 
4616532881 1.5 7 6 3 4 9 5 1 10 13 
5066119914 1.5 4 4 10 2 16 4 
9483018351 1.5 5 4 12 6 9 0 16 
2618097845 1.5 5 5 18 5 17 7 9 
3363599058 1.5 4 4 2 6 7 5 
7109814064 1.5 8 5 16 13 5 2 4 10 1 8 
4890545694 1.5 7 5 17 5 0 4 1 7 14 
2785343797 1.5 6 6 15 13 5 9 7 17 
7881138837 1.5 7 3 7 16 5 19 13 10 8 
7964360478 1.5 3 2 15 18 3 
2985824335 1.5 6 2 14 15 3 6 18 16 
5405501936 1.5 5 5 3 7 0 6 9 
5335979381 1.5 7 5 5 16 12 4 8 10 18 
9017358390 1.5 5 3 13 14 5 11 17 
4393992067 1.5 7 5 2 8 5 3 1 11 4 
4884476031 1.5 3 2 6 10 0 
3132085445 1.5 5 5 18 10 4 6 19 
10196850950 1.5 9 5 6 2 4 19 18 1 7 16 15 
6896137266 1.5 3 3 0 3 14 
1747842016 1.5 6 4 8 15 6 12 10 3 
9010193448 1.5 7 3 4 10 8 6 1 9 18 
1664172073 1.5 3 3 11 13 14 
7214290008 1.5 4 4 1 17 12 13 
7953554846 1.5 6 3 2 9 4 6 0 13 
7754803474 1.5 8 8 5 15 8 1 13 12 17 2 
10571409501 1.5 7 5 3 1 18 8 12 0 13 
3552205246 1.5 8 8 14 16 7 6 4 11 12 19 
9018534941 1.5 4 3 15 7 6 1 
4659879482 1.5 4 2 15 12 11 9 
2851057793 1.5 4 2 0 12 17 6 
6783758279 1.5 9 3 4 8 15 0 10 14 16 13 2 
8313319367 1.5 9 9 4 17 19 11 13 7 2 1 10 
1283478644 1.5 4 2 6 7 9 14 
10692098641 1.5 8 3 10 4 11 6 19 13 1 5 
10560883368 1.5 8 7 8 14 19 2 18 11 16 5 
3150999036 1.5 7 5 6 5 17 10 18 3 8 
2429947356 1.5 4 4 6 2 8 4 
4223212077 1.5 6 3 15 3 13 0 4 18 
3021605343 1.5 9 3 13 3 16 17 9 1 15 5 12 
2926165772 1.5 9 4 8 1 3 15 19 13 6 18 11 
8603156476 1.5 5 5 10 6 13 11 17 
6743465670 1.5 6 2 18 8 16 3 10 0 
10175211797 1.5 3 2 14 9 1 
6484508922 1.5 6 3 11 6 13 7 0 14 
10364756619 1.5 4 2 4 7 13 10 
9196200117 1.5 5 2 3 11 1 4 9 
2019724960 1.5 6 3 6 8 19 2 1 4 
6175652086 1.5 3 2 3 7 18 
6530758585 1.5 3 2 5 1 2 
1048651460 1.5 6 5 5 17 7 4 12 13 
2705498164 1.5 6 4 1 16 8 0 15 18 
9444638671 1.5 7 5 2 3 4 16 13 12 18 
3519454601 1.5 3 3 5 8 12 
1830926638 1.5 5 5 19 2 10 13 3 
9301700282 1.5 6 2 0 14 10 7 12 18 
1962557905 1.5 7 4 19 18 13 7 6 1 8 
6172184162 1.5 9 8 5 17 19 3 16 8 9 1 10 
8937142870 1.5 6 3 13 10 0 5 6 14 
1883622775 1.5 4 2 5 2 8 16 
1358708778 1.5 6 2 8 5 13 4 11 3 
169885137 1.5 4 3 3 19 8 1 
6508017713 1.5 7 5 6 4 18 3 15 11 0 
7533112992 1.5 9 6 6 5 0 19 15 11 10 14 7 
6013923314 1.5 8 4 4 6 1 11 3 2 19 18 
5964347799 1.5 8 5 7 1 15 0 4 3 12 17 
9504583926 1.5 9 9 1 4 11 3 2 17 13 7 16 
3712576370 1.5 9 2 17 13 3 0 18 8 15 4 9 
8286741776 1.5 8 6 7 16 4 14 18 1 10 8 
8156500233 1.5 6 4 17 1 14 7 19 0 
6920831813 1.5 9 3 2 5 18 7 16 14 0 12 9 
520957277 1.5 9 8 18 8 12 19 4 11 14 2 1 
7853582632 1.5 5 2 2 7 8 10 14 
8581867323 1.5 4 2 19 12 6 8 
336434019 1.5 5 5 5 9 8 17 15 
9001961704 1.5 9 3 15 8 3 11 13 17 14 16 6 
5334197941 1.5 5 5 7 2 6 18 0 
2564710903 1.5 3 3 16 3 8 
399550534 1.5 6 4 6 2 7 5 8 16 
9741097757 1.5 7 3 19 3 2 10 13 16 5 
5487112614 1.5 9 9 10 7 11 5 18 19 12 2 8 
6706503983 1.5 7 2 15 2 13 3 17 1 8 
10239060143 1.5 6 5 0 1 7 19 11 6 
8034585064 1.5 9 4 14 19 5 8 0 15 4 12 7 
4005409755 1.5 7 3 3 16 17 18 5 7 19 
3954552466 1.5 8 2 11 10 19 1 12 3 0 4 
3346302290 1.5 4 4 9 2 19 10 
6221084238 1.5 6 4 13 0 2 8 5 6 
291836903 1.5 8 5 12 11 8 9 18 1 15 13 
5882610453 1.5 9 6 10 11 5 16 17 12 3 14 15 
1099911160 1.5 8 5 16 8 4 12 5 7 14 3 
5191681993 1.5 3 3 6 12 10 
4774739168 1.5 7 7 17 19 3 18 4 5 9 
8845888242 1.5 7 3 7 2 12 15 6 0 8 
7724905331 1.5 9 3 14 11 8 9 15 16 18 7 0 
36582746 1.5 6 2 18 12 2 17 5 0 
1899877856 1.5 9 2 14 3 17 13 10 8 1 2 12 
2171130760 1.5 3 3 2 6 1 
665158945 1.5 8 3 13 11 4 3 5 2 9 12 
3064890683 1.5 8 8 8 14 16 11 18 4 15 6 
1374890126 1.5 9 4 8 18 15 16 10 7 4 6 0 
1513662949 1.5 5 2 3 18 19 11 9 
4063895026 1.5 3 2 9 0 13 
978216404 1.5 6 4 17 0 6 9 2 5 
3625690247 1.5 5 4 12 7 8 2 16 
5944310249 1.5 5 3 14 16 7 17 2 
6690008649 1.5 6 3 12 0 4 9 17 8 
6392631226 1.5 7 5 18 4 8 15 11 10 17 
10185209512 1.5 4 3 11 7 14 5 
8733477806 1.5 4 3 12 7 16 4 
10676744569 1.5 5 5 11 16 12 0 10 
808081205 1.5 8 8 7 14 13 19 4 0 5 16 
10121038711 1.5 9 9 3 10 11 4 18 0 1 16 17 
8080230479 1.5 9 8 16 0 17 15 10 8 14 4 9 
2862879564 1.5 6 2 7 4 18 2 0 12 
6040336352 1.5 7 6 17 13 14 4 9 12 5 
5525263278 1.5 8 5 15 7 19 3 0 5 18 4 
7854978358 1.5 3 3 4 15 14 
9814385893 1.5 5 5 16 3 13 11 6 
3293489974 1.5 5 4 14 10 7 11 12 
4089479712 1.5 7 6 1 17 2 0 3 10 14 
6805486163 1.5 8 2 4 15 18 2 13 5 8 0 
6833480419 1.5 4 2 7 9 12 2 
10329302713 1.5 3 3 1 12 15 
2024594553 1.5 7 6 9 19 18 11 4 13 5 
4794386918 1.5 8 7 11 10 16 8 15 4 7 3 
9651168248 1.5 8 2 6 10 4 19 7 5 3 12 
7854204377 1.5 8 8 1 2 0 13 8 14 5 10 
5531608310 1.5 6 6 6 16 3 1 10 18 
10396247379 1.5 9 6 15 13 5 11 9 2 3 14 18 
4260874207 1.5 6 5 8 14 15 6 9 17 
5770378790 1.5 7 5 2 9 8 12 3 10 4 
1667587089 1.5 7 6 15 18 14 10 3 13 5 
6083096869 1.5 3 2 9 6 14 
9865942782 1.5 5 2 5 9 15 2 7 
6087766245 1.5 4 4 4 11 3 13 
3156972261 1.5 9 3 16 6 11 18 12 2 10 5 14 
5117407451 1.5 6 2 13 12 16 8 7 18 
1673841799 1.5 3 3 13 6 19 
5940776219 1.5 8 6 8 10 5 12 18 15 7 16 
8160574146 1.5 4 3 18 17 0 13 
1216846794 1.5 4 3 13 12 4 18 
4198061546 1.5 4 3 17 5 18 13 
1776978019 1.5 4 4 18 12 3 13 
1458032502 1.5 9 3 11 5 18 13 0 12 3 14 1 
6829582862 1.5 6 2 19 13 11 2 5 9 
3266514871 1.5 7 2 10 0 16 6 14 17 7 
5182139327 1.5 5 5 18 15 8 13 2 
4954755485 1.5 7 4 14 5 0 10 4 7 8 
4562881449 1.5 4 4 6 2 17 13 
7793119197 1.5 8 5 13 2 3 16 18 1 6 19 
1013895614 1.5 7 6 10 7 6 3 2 15 19 
6210985854 1.5 6 2 2 11 13 8 15 1 
10551672246 1.5 3 2 0 5 18 
8105859694 1.5 6 6 16 19 6 11 5 15 
2687634496 1.5 9 9 16 9 17 0 14 10 3 5 8 
10191101509 1.5 9 3 8 17 16 5 12 10 15 14 18 
1986606410 1.5 6 3 2 16 18 5 14 0 
3061642945 1.5 6 2 1 5 3 15 0 16 
1980495253 1.5 9 6 19 13 16 6 15 10 12 11 8 
7773730466 1.5 9 2 14 10 19 15 13 5 6 17 3 
4295996241 1.5 4 2 7 17 4 8 
1432895921 1.5 8 6 17 19 1 14 9 12 5 15 
8925325573 1.5 9 3 11 10 18 9 15 5 1 6 8 
641989612 1.5 8 5 6 7 5 11 0 17 3 15 
2938768296 1.5 6 2 10 11 3 12 17 1 
6663791510 1.5 3 2 10 3 1 
7222098719 1.5 4 4 15 11 10 12 
1005675521 1.5 6 5 18 19 12 15 0 6 
9047973148 1.5 6 6 0 5 1 19 8 15 
6599375090 1.5 7 4 1 10 17 19 0 12 6 
7146101729 1.5 7 3 8 15 4 7 1 6 12 
10169869396 1.5 7 4 12 8 11 2 4 6 3 
9063018165 1.5 7 7 5 14 6 16 12 0 9 
10201462091 1.5 3 2 4 3 5 
10121436351 1.5 5 4 12 1 14 3 6 
5755320943 1.5 4 2 3 1 7 11 
9422484241 1.5 4 2 10 0 19 5 
5083250101 1.5 5 3 0 17 14 13 15 
9286275746 1.5 3 2 12 3 4 
45268160 1.5 4 3 0 15 1 2 
3771266437 1.5 7 2 16 15 8 11 5 9 1 
9438371260 1.5 4 2 15 14 5 12 
4018201679 1.5 5 5 18 12 1 2 4 
7998486489 1.5 8 4 16 18 10 6 14 12 5 0 
4387749302 1.5 3 3 13 3 15 
7756898612 1.5 7 4 13 1 12 16 19 0 5 
3600382308 1.5 8 5 1 4 11 8 19 14 7 9 
8524362520 1.5 5 2 3 18 8 2 15 
6214903649 1.5 6 6 0 5 6 16 4 2 
5409864510 1.5 5 2 5 14 2 10 0 
7324996402 1.5 5 4 15 16 19 18 13 
8943853892 1.5 6 5 15 2 10 1 16 3 
10142051579 1.5 8 2 3 12 4 13 9 11 14 19 
3416762950 1.5 5 4 12 17 15 6 4 
9428559544 1.5 9 3 8 10 5 15 4 14 6 12 1 
1478180570 1.5 5 5 6 2 5 3 12 
5285259594 1.5 6 5 10 12 2 16 17 4 
7350140688 1.5 6 3 12 0 18 11 14 8 
9414703119 1.5 4 2 19 6 18 0 
6129197793 1.5 7 3 2 12 4 7 6 15 19 
9851096419 1.5 6 2 8 1 19 14 13 18 
3358678580 1.5 5 5 13 7 5 19 10 
6468095605 1.5 5 5 1 2 16 3 5 
42367946 1.5 3 2 15 18 2 
8432996807 1.5 5 5 15 10 7 11 13 
9061552535 1.5 3 2 12 18 9 
138460321 1.5 8 2 18 11 3 0 5 2 16 17 
8875572140 1.5 8 6 0 1 13 3 15 18 9 11 
1694092382 1.5 5 2 14 13 6 15 19 
8251675965 1.5 7 3 10 7 19 12 1 6 2 
4369196428 1.5 6 6 6 18 13 9 4 19 
6739102077 1.5 9 7 19 10 1 17 8 16 4 12 6 
2417372489 1.5 4 2 6 13 4 5 
566626643 1.5 8 4 15 8 14 18 12 10 7 17 
2481407195 1.5 6 3 17 0 16 15 11 1 
8590582197 1.5 7 7 1 11 9 3 19 15 13 
4468854071 1.5 5 3 10 14 19 7 17 
3288310415 1.5 4 2 7 3 16 4 
4073393365 1.5 9 5 0 11 14 8 13 5 15 1 18 
5008001855 1.5 9 5 19 8 6 7 12 10 13 3 1 
9045244563 1.5 4 4 4 3 18 14 
207856683 1.5 7 7 10 14 17 7 12 9 15 
9418633302 1.5 6 3 15 10 16 0 11 4 
2527016296 1.5 8 2 5 17 6 18 13 12 16 3 
7425007925 1.5 7 6 1 16 18 12 10 15 11 
9993741803 1.5 3 2 4 1 2 
978737005 1.5 8 4 10 4 14 15 12 11 13 8 
6610376573 1.5 6 3 18 8 4 13 6 5 
6323005223 1.5 8 4 17 12 8 1 10 7 14 18 
5217867843 1.5 5 3 1 15 6 11 17 
5234366468 1.5 3 3 3 9 0 
10154441084 1.5 3 2 16 2 18 
6916129974 1.5 5 3 5 10 14 12 0 
7393294755 1.5 4 2 14 10 6 3 
1121192517 1.5 8 8 14 19 3 13 10 18 9 8 
1497958302 1.5 6 3 5 14 7 4 0 3 
5445880511 1.5 8 6 19 9 0 7 12 1 14 16 
7388373407 1.5 5 3 7 1 8 4 14 
1105919419 1.5 4 3 0 19 4 10 
7920086241 1.5 4 4 1 17 9 19 
3740573248 1.5 4 3 0 10 18 15 
5062441312 1.5 3 3 11 19 15 
5055403280 1.5 7 3 2 4 13 10 3 9 15 
625239484 1.5 4 3 14 12 0 18 
4328516811 1.5 9 6 4 11 7 0 15 18 6 19 5 
5314591954 1.5 8 4 8 3 11 0 7 4 17 14 
2552785817 1.5 9 8 7 8 6 14 19 15 16 3 18 
1234459817 1.5 9 6 0 8 12 19 16 1 14 10 5 
3278571753 1.5 5 4 8 3 5 7 12 
4919435110 1.5 5 2 6 17 0 14 10 
2531565586 1.5 4 4 18 17 6 5 
5378411868 1.5 3 3 2 10 16 
4969452696 1.5 7 2 14 8 11 5 13 4 0 
1775207431 1.5 3 3 2 6 16 
9357352255 1.5 7 3 10 15 4 13 2 1 11 
6413512402 1.5 4 4 9 18 6 17 
1113988146 1.5 7 2 4 3 0 6 1 11 9 
6297216312 1.5 3 2 18 11 9 
10212238483 1.5 5 3 19 2 18 14 5 
6260835966 1.5 6 2 15 16 19 14 0 18 
10484237301 1.5 4 3 2 6 17 1 
6624397305 1.5 7 7 6 10 1 18 17 14 13 
8106818877 1.5 8 8 8 18 19 10 7 16 14 0 
7277872820 1.5 6 4 17 11 13 3 15 8 
3432204148 1.5 7 4 4 15 7 9 8 12 1 
1783456147 1.5 3 2 15 0 2 
5538953188 1.5 9 4 17 14 11 4 1 15 6 16 12 
10330022552 1.5 4 2 19 13 2 16 
10623838462 1.5 6 6 5 13 16 12 7 3 
8581867071 1.5 9 8 4 7 15 10 11 17 8 12 19 
9546397582 1.5 6 6 5 0 6 2 8 13 
4395940354 1.5 9 2 19 2 4 11 3 1 7 0 8 
8807755291 1.5 6 2 16 6 11 10 15 8 
3121777672 1.5 7 3 2 3 0 9 1 14 5 
7087208688 1.5 3 3 2 12 10 
7584531509 1.5 6 4 8 12 1 11 17 7 
7993180303 1.5 7 6 4 11 16 13 18 2 17 
1835346438 1.5 7 4 9 17 5 10 13 0 1 
10459499576 1.5 5 3 14 2 12 0 7 
6719565260 1.5 7 5 17 15 8 16 1 9 13 
4578606598 1.5 9 9 1 5 14 2 4 9 6 0 10 
4250442957 1.5 6 2 0 3 2 1 9 4 
10710087757 1.5 6 5 14 16 5 8 2 12 
8792436065 1.5 5 4 16 11 12 0 2 
8060615285 1.5 7 7 18 5 8 17 10 16 13 
8194701749 1.5 7 2 16 3 7 15 9 14 19 
3102521257 1.5 5 2 15 7 12 6 2 
4388013022 1.5 9 8 19 17 16 1 7 18 13 14 4 
9678390400 1.5 6 2 12 19 7 4 14 11 
1400603371 1.5 9 9 10 18 13 4 14 8 17 15 3 
5480202449 1.5 3 2 7 3 4 
5627861411 1.5 5 4 7 3 5 9 15 
4197340132 1.5 9 9 9 19 14 7 15 0 8 1 6 
731113352 1.5 7 7 8 0 3 5 1 6 18 
1778442962 1.5 8 2 17 15 0 10 11 2 12 5 
4160092793 1.5 8 4 17 19 0 16 7 8 1 2 
3671783730 1.5 5 2 15 8 12 19 16 
4844322519 1.5 6 3 19 7 14 1 15 3 
4614858517 1.5 6 3 1 17 19 6 3 11 
10160803389 1.5 7 7 4 12 7 9 2 5 10 
608144754 1.5 9 9 12 1 5 19 18 0 4 17 13 
628677292 1.5 9 9 18 7 3 19 12 13 8 16 4 
6500855244 1.5 7 5 0 1 7 13 19 8 2 
9257226446 1.5 3 3 13 1 6 
1215651847 1.5 9 3 14 18 12 11 0 7 1 16 5 
7023225328 1.5 6 4 1 17 16 13 3 2 
3812514698 1.5 8 3 12 7 4 13 6 17 5 0 
4059754736 1.5 5 4 4 15 5 7 16 
498713770 1.5 3 3 12 19 18 
1072374388 1.5 8 4 1 13 3 14 15 10 4 6 
3298060481 1.5 6 3 18 2 11 16 6 7 
7661927736 1.5 9 7 14 10 7 4 11 8 16 5 13 
9817420725 1.5 9 4 7 17 5 9 6 4 1 2 14 
5045175695 1.5 7 5 18 15 5 13 17 16 4 
1076825020 1.5 4 4 11 13 12 2 
9630475604 1.5 9 7 8 1 14 17 0 13 4 11 16 
2584354258 1.5 9 4 13 18 10 2 16 11 8 5 7 
146785373 1.5 4 2 14 5 3 15 
1229407476 1.5 7 3 11 5 15 9 6 14 13 
1231412798 1.5 9 7 1 2 13 17 12 10 8 6 11 
2602956854 1.5 4 2 15 19 1 6 
1306803054 1.5 5 2 8 1 18 5 6 
2473805545 1.5 5 2 8 16 17 0 10 
2683575856 1.5 3 3 15 0 9 
1476377782 1.5 3 3 9 13 11 
7827525724 1.5 5 5 2 12 18 13 1 
3095811673 1.5 6 4 16 5 17 6 7 9 
3251787404 1.5 5 5 3 10 12 13 15 
10685396115 1.5 5 5 15 14 0 5 12 
4851329953 1.5 7 2 13 15 18 0 6 19 17 
9460256096 1.5 6 5 18 17 3 4 2 13 
9034157736 1.5 7 5 11 17 13 9 8 1 14 
1021261620 1.5 8 4 11 14 8 17 0 19 1 16 
5426321438 1.5 4 2 9 17 4 8 
833096037 1.5 3 2 18 7 16 
1234532881 1.5 3 2 13 8 12 
3710017933 1.5 7 6 6 7 2 19 18 0 11 
1057132035 1.5 6 6 9 1 10 2 0 17 
5512554985 1.5 3 3 5 12 0 
2437240267 1.5 3 2 7 9 6 
8436898457 1.5 8 3 1 13 2 17 15 14 0 12 
3374682582 1.5 8 2 9 2 6 10 17 16 19 15 
6684924275 1.5 6 6 17 8 12 16 13 5 
10159853021 1.5 9 6 0 8 2 13 7 9 19 6 1 
1044753014 1.5 4 4 13 9 6 11 
4086910073 1.5 4 4 1 19 3 18 
2819279464 1.5 3 2 0 17 8 
7864920090 1.5 4 3 19 17 6 16 
1338466303 1.5 8 8 2 11 18 6 12 13 7 17 
788494524 1.5 4 4 19 0 5 2 
10245180906 1.5 7 5 6 10 9 5 4 12 1 
2391966510 1.5 5 5 15 4 9 1 5 
1899064432 1.5 5 3 9 8 2 0 18 
8545005166 1.5 5 5 0 12 9 19 2 
2131736243 1.5 7 3 10 19 8 9 13 1 3 
4067362947 1.5 5 5 9 6 3 7 10 
9161343685 1.5 6 4 15 1 6 14 0 4 
6015564718 1.5 4 3 11 12 13 18 
2669057025 1.5 7 4 10 7 8 17 13 16 19 
8038965741 1.5 5 5 5 0 10 18 17 
6240938314 1.5 4 4 14 15 16 5 
5524465637 1.5 5 5 13 16 4 19 10 
219251495 1.5 3 2 16 10 18 
7280711376 1.5 7 2 1 9 6 7 4 12 15 
1410729071 1.5 7 3 1 14 6 8 0 4 16 
10090918575 1.5 6 5 1 17 15 11 9 8 
9469920574 1.5 3 2 14 5 8 
1891273074 1.5 7 6 19 9 0 2 6 15 16 
8212296787 1.5 4 4 1 12 0 10 
6106005191 1.5 6 5 1 6 16 18 15 9 
9222223182 1.5 8 2 17 18 14 1 10 16 11 0 
3551128683 1.5 4 2 5 8 12 3 
804746990 1.5 5 4 4 3 1 13 17 
8185394145 1.5 6 2 18 13 11 8 12 5 
4134187135 1.5 3 2 7 12 1 
1392934427 1.5 3 3 0 5 12 
1746583647 1.5 3 3 7 12 10 
6771604103 1.5 5 4 9 2 12 14 19 
7924252101 1.5 5 4 10 13 8 12 0 
222489959 1.5 4 3 9 0 3 17 
10493878351 1.5 7 5 6 15 19 0 11 14 7 
7306725139 1.5 5 3 17 5 7 16 0 
9168828159 1.5 9 7 15 6 7 5 8 10 14 1 3 
499969203 1.5 9 4 8 0 18 2 11 6 5 12 9 
4867054880 1.5 9 7 7 9 12 0 11 18 6 13 5 
10127012410 1.5 4 2 13 0 17 6 
6688993813 1.5 3 3 18 4 8 
3967250266 1.5 3 2 5 2 15 
6364763460 1.5 3 3 4 15 9 
1819309717 1.5 7 3 16 4 0 3 19 9 17 
7252548510 1.5 9 7 12 4 17 0 10 3 2 9 11 
7135466612 1.5 5 3 1 4 5 2 18 
4232364043 1.5 9 8 0 18 13 1 7 8 2 19 4 
8501809924 1.5 9 5 14 5 4 16 11 3 9 19 8 
8196072236 1.5 4 2 9 15 18 16 
104369021 1.5 3 3 6 14 3 
3739481177 1.5 9 8 7 0 18 12 3 17 9 2 14 
6600359597 1.5 6 4 14 7 11 12 3 6 
6014752552 1.5 3 2 16 11 0 
3529471896 1.5 6 5 13 15 7 17 1 5 
3742254960 1.5 8 3 16 2 5 17 3 11 13 19 
8827773696 1.5 7 5 6 16 3 18 5 12 13 
4786969114 1.5 7 4 12 3 15 18 2 1 8 
9088834620 1.5 9 5 18 19 17 7 15 4 2 5 8 
10246617191 1.5 4 4 8 6 2 19 
8502078961 1.5 5 2 15 9 8 6 7 
3031435463 1.5 3 2 12 14 10 
9144080236 1.5 5 2 3 5 11 10 18 
8982730055 1.5 6 6 17 7 15 8 18 11 
336389281 1.5 9 4 8 15 3 6 10 16 13 19 12 
6383353223 1.5 4 3 17 9 10 7 
6212195885 1.5 9 3 16 6 18 5 15 10 9 19 1 
7899309762 1.5 4 2 14 19 1 13 
4161502964 1.5 4 2 17 12 14 11 
1367337342 1.5 3 3 5 0 19 
7403282520 1.5 9 7 7 1 17 18 6 12 5 4 13 
8447642743 1.5 7 4 8 14 13 7 9 15 18 
7476198984 1.5 9 7 12 6 10 0 11 7 14 5 13 
6530428052 1.5 6 2 9 14 11 5 12 16 
5437121027 1.5 5 4 11 17 4 0 9 
7257777335 1.5 4 4 3 17 11 6 
6850627796 1.5 7 4 8 10 1 15 19 18 2 
6676595272 1.5 5 2 11 7 3 8 16 
4335853569 1.5 9 2 12 8 13 2 6 1 0 11 14 
5941255965 1.5 7 4 0 14 17 11 4 9 8 
1507391646 1.5 3 2 8 12 7 
4928723323 1.5 9 8 17 3 6 19 5 2 4 7 16 
6232234711 1.5 6 5 15 6 3 14 8 1 
7016571588 1.5 3 3 11 19 4 
1885005929 1.5 3 2 11 6 0 
5075757361 1.5 5 2 6 15 2 18 9 
5569347930 1.5 3 3 8 9 16 
2833035836 1.5 7 4 3 19 18 1 10 2 7 
9116553327 1.5 7 4 1 6 9 15 3 13 16 
9697383506 1.5 8 3 8 17 12 4 19 9 10 5 
4041041041 1.5 9 9 3 4 2 14 10 6 7 15 19 
5688619387 1.5 9 9 14 9 1 3 8 6 13 5 18 
4911543711 1.5 7 4 10 9 12 15 5 6 8 
742306236 1.5 9 3 15 3 2 5 6 1 12 8 13 
5198626736 1.5 9 6 9 1 2 4 15 12 16 18 5 
4798561642 1.5 9 9 7 2 9 13 11 18 3 5 0 
2255160465 1.5 7 3 7 11 18 14 8 15 1 
9283145178 1.5 5 5 3 10 19 4 14 
7100376312 1.5 8 3 4 1 14 11 17 12 7 2 
2927783557 1.5 4 4 17 18 11 19 
2911381165 1.5 5 4 5 11 13 8 7 
6282753315 1.5 7 2 14 1 8 12 11 13 0 
6651552955 1.5 4 4 14 4 9 19 
1066424866 1.5 9 5 3 0 6 1 5 13 14 8 18 
5871605299 1.5 8 6 4 1 16 0 8 2 18 10 
6233401137 1.5 8 6 11 13 18 14 8 10 9 16 
3959702980 1.5 3 2 9 15 2 
2918633749 1.5 8 2 10 8 19 1 5 16 18 7 
7066641589 1.5 7 2 6 12 14 2 0 7 1 
97654492 1.5 3 3 12 17 1 
7141859817 1.5 8 6 6 5 10 18 17 11 2 14 
8482144332 1.5 9 8 4 5 14 18 3 16 19 17 10 
6868918399 1.5 7 7 16 8 13 10 19 7 0 
407877452 1.5 3 3 19 5 18 
9439819615 1.5 4 3 11 10 14 8 
3437361846 1.5 7 4 2 15 1 16 7 14 12 
6929680988 1.5 5 5 9 5 19 15 8 
27389086 1.5 4 4 14 10 13 8 
3877046158 1.5 5 5 6 13 17 7 16 
5520145286 1.5 8 5 15 9 14 3 5 11 0 6 
2359834853 1.5 9 8 10 4 5 16 8 6 2 7 11 
2439661717 1.5 7 2 8 7 15 4 5 2 17 
8679665176 1.5 6 2 3 18 5 13 14 0 
9499318533 1.5 4 4 13 15 3 8 
2264704604 1.5 7 2 3 17 12 0 15 2 4 
2536097416 1.5 4 4 16 17 10 11 
2769247069 1.5 9 5 4 12 2 3 16 18 11 15 7 
2589731577 1.5 3 3 11 5 1 
10737071241 1.5 8 3 0 13 14 2 11 7 19 3 
21364296 1.5 7 5 6 10 14 5 12 17 7 
4655753074 1.5 4 3 3 15 10 0 
6425130777 1.5 4 4 19 1 12 15 
9115005042 1.5 3 2 19 9 4 
1776283359 1.5 8 7 5 8 10 19 7 16 0 6 
8852371266 1.5 8 7 0 12 2 17 4 18 19 3 
5708283420 1.5 7 2 4 5 2 19 10 14 11 
2163265898 1.5 8 8 7 13 17 0 9 16 18 11 
6680753422 1.5 7 2 19 1 2 4 17 5 3 
4625652004 1.5 5 2 5 14 4 15 9 
1124495974 1.5 9 5 2 13 7 6 5 10 1 16 12 
8184911476 1.5 5 2 10 18 16 2 7 
7128347008 1.5 8 4 8 16 1 18 10 5 4 14 
8468556797 1.5 8 6 9 14 0 18 7 15 17 13 
8100119294 1.5 7 7 10 2 7 14 18 6 5 
7461257172 1.5 3 3 18 11 17 
2865951889 1.5 4 2 15 3 19 11 
1880072542 1.5 3 3 4 11 7 
4405800062 1.5 9 9 9 19 2 18 8 0 16 5 6 
6959552071 1.5 4 3 12 7 0 16 
2619515338 1.5 8 6 8 3 11 17 9 14 18 16 
5601401984 1.5 7 5 13 10 1 7 14 16 12 
8224075096 1.5 6 5 3 11 17 0 19 4 
182082232 1.5 9 5 15 12 7 8 4 9 11 18 3 
7432568309 1.5 9 9 8 19 7 5 9 11 17 18 4 
6323542109 1.5 4 3 19 11 8 18 
1412524512 1.5 8 5 5 18 14 0 10 4 13 2 
8313393740 1.5 4 3 18 2 10 0 
3570598442 1.5 3 2 2 17 6 
4100460541 1.5 3 2 5 7 16 
10612996388 1.5 5 3 13 18 0 1 7 
9944948695 1.5 6 6 0 9 4 14 10 1 
5881886001 1.5 5 5 3 7 19 15 11 
2344678265 1.5 7 6 17 12 1 9 7 18 11 
47503249 1.5 6 3 11 4 10 14 15 1 
6000993796 1.5 6 2 11 12 6 16 15 9 
4347441854 1.5 4 3 5 4 12 7 
13 815 14
5 620 23
14 112 5
17 390 5
10 777 5
2 813 4
13 47 38
5 592 43
8 940 44
5 83 40
1 487 8
1 381 15
18 33 12
6 17 16
0 318 16
12 855 32
7 127 50
9 831 1
18 137 24
16 844 6
7 313 12
3 53 4
16 195 7
14 263 37
1 31 15
11 300 19
3 55 37
2 534 17
1 549 35
2 655 44
12 52 35
17 675 28
0 131 35
6 0 37
2 831 24
18 930 36
2 514 38
0 621 23
1 784 17
5 107 31
4 782 37
18 730 36
14 496 14
6 62 12
9 779 17
15 312 15
4 831 27
14 704 0
11 281 0
18 981 6
11 143 24
12 64 26
17 731 37
18 281 14
6 474 36
19 83 15
2 649 9
19 546 4
11 480 9
15 877 31
3 142 0
12 275 20
15 763 47
17 790 1
6 754 33
9 1 10
14 713 50
3 858 16
2 356 23
6 174 13
2 66 43
13 241 31
8 510 36
5 822 31
8 839 5
0 679 14
19 353 16
10 239 34
11 829 37
16 339 34
0 569 33
2 134 10
13 90 4
10 928 13
16 96 50
19 563 19
0 602 41
15 500 6
5 877 13
18 454 24
4 981 9
3 941 44
3 100 19
12 739 38
8 145 49
11 501 16
9 920 0
10 375 43
1 908 41
19 982 40
