20 20 1000 100
1073741824 1073741824
1073741824 1073741824
1073741824 1073741824
1073741824 1073741824
1073741824 1073741824
1073741824 1073741824
1073741824 1073741824
1073741824 1073741824
1073741824 1073741824
1073741824 1073741824
1073741824 1073741824
1073741824 1073741824
1073741824 1073741824
1073741824 1073741824
1073741824 1073741824
1073741824 1073741824
1073741824 1073741824
1073741824 1073741824
1073741824 1073741824
1073741824 1073741824
1073741824
1073741824
1073741824
1073741824
1073741824
1073741824
1073741824
1073741824
1073741824
1073741824
1073741824
1073741824
1073741824
1073741824
1073741824
1073741824
1073741824
1073741824
1073741824
1073741824
776136885 1.5 7 3 12 19 14 5 16 9 1 
3595335653 1.5 3 3 2 5 4 
5994700079 1.5 6 4 5 0 12 4 11 17 
5850275730 1.5 7 5 18 17 11 16 3 15 4 
5652902865 1.5 8 5 6 9 19 2 17 18 16 8 
8918587294 1.5 9 2 17 5 15 10 3 1 19 18 13 
3428617206 1.5 3 2 11 5 18 
8213391268 1.5 5 2 0 6 13 15 9 
3636134992 1.5 4 2 8 1 4 12 
4184264820 1.5 7 4 17 15 19 7 18 13 2 
5448773177 1.5 9 9 5 13 12 18 0 15 4 7 1 
7978996565 1.5 4 2 7 0 3 11 
8271067807 1.5 5 3 9 15 0 3 12 
1503773480 1.5 5 3 2 5 15 11 6 
5379209794 1.5 9 4 17 0 10 15 12 5 14 1 18 
5740609803 1.5 7 7 14 12 6 19 15 8 10 
10362343054 1.5 7 5 13 19 12 11 16 2 5 
4191979175 1.5 5 4 16 12 1 7 8 
6756357194 1.5 6 6 8 12 11 14 17 19 
1303124986 1.5 4 4 5 8 2 19 
5243387264 1.5 9 4 9 13 2 1 8 12 15 4 14 
4149272757 1.5 8 8 17 15 5 9 8 0 4 12 
9486711154 1.5 9 8 16 17 8 3 0 13 11 1 15 
937837465 1.5 9 6 14 3 8 12 11 4 15 18 2 
5299011633 1.5 3 3 5 4 13 
5899065903 1.5 3 3 3 8 14 
2314002700 1.5 4 3 13 7 16 1 
6698692847 1.5 9 9 19 4 1 15 8 16 12 11 7 
4112656778 1.5 8 3 8 9 5 13 4 10 0 15 
7330953937 1.5 4 2 1 12 14 0 
7869043741 1.5 4 4 1 13 0 12 
7668321616 1.5 9 7 11 14 5 16 18 2 19 9 17 
9238544523 1.5 8 7 12 19 13 16 1 10 18 6 
5330230009 1.5 5 2 5 2 18 1 11 
7252680440 1.5 5 3 2 6 11 13 19 
9626106027 1.5 4 3 4 0 16 14 
10603001800 1.5 9 6 13 4 14 19 0 1 10 18 3 
3976283484 1.5 3 3 10 8 5 
1391685876 1.5 9 7 15 9 14 6 5 11 0 13 1 
8182521109 1.5 3 3 8 10 4 
3207437239 1.5 3 3 3 8 12 
9619023144 1.5 4 3 19 4 6 2 
6570596455 1.5 8 2 12 14 18 5 17 15 13 0 
5328227557 1.5 3 3 13 10 1 
8599367418 1.5 8 2 9 0 5 11 15 16 1 10 
4982972509 1.5 8 7 13 4 12 18 9 8 0 17 
2817919108 1.5 9 6 12 15 5 2 10 19 1 11 13 
2494728091 1.5 4 4 18 7 1 5 
4836075620 1.5 8 2 14 18 1 8 19 15 16 5 
670751235 1.5 7 4 15 2 18 10 4 6 1 
2985580054 1.5 3 3 1 2 15 
9747198091 1.5 5 2 2 7 19 9 6 
5368240584 1.5 6 6 7 12 6 14 18 2 
7442278185 1.5 4 3 2 14 6 7 
3631183954 1.5 7 3 6 16 1 15 8 17 5 
1823052834 1.5 3 3 7 15 9 
5210958493 1.5 3 3 6 11 1 
9913603078 1.5 6 6 15 5 16 10 12 8 
6255256726 1.5 9 9 9 17 16 2 7 8 0 3 11 
10413002367 1.5 9 3 13 16 10 19 6 12 7 1 3 
1562953340 1.5 6 4 3 9 15 7 19 4 
7999970944 1.5 5 4 19 18 17 14 13 
6381965351 1.5 8 6 10 4 2 6 9 7 8 17 
1768983966 1.5 8 4 13 9 12 11 19 3 0 7 
6315903302 1.5 3 2 10 19 16 
3475117251 1.5 7 2 3 14 9 7 0 18 19 
5875201953 1.5 8 5 16 2 7 4 10 17 13 11 
2377351203 1.5 4 3 7 3 15 1 
5498426172 1.5 5 5 4 19 8 5 7 
5862219400 1.5 3 3 15 16 17 
8204766591 1.5 6 3 17 19 2 3 5 9 
3084339586 1.5 4 4 19 9 6 7 
7513900716 1.5 5 3 18 3 6 7 11 
1773677949 1.5 8 8 18 4 14 9 1 3 11 15 
5851510678 1.5 4 4 9 0 8 13 
9201552218 1.5 8 6 17 6 18 12 7 3 5 11 
7082781212 1.5 6 2 10 18 2 0 19 7 
6959966995 1.5 9 5 16 14 12 6 10 19 1 9 18 
1882071818 1.5 3 3 17 6 16 
4160666590 1.5 3 2 6 5 14 
1357017366 1.5 6 4 19 18 14 1 11 7 
3156292165 1.5 9 2 6 16 18 10 19 17 14 8 12 
2395148586 1.5 3 2 7 15 12 
6478139311 1.5 5 4 10 3 14 5 7 
7737646638 1.5 6 2 18 3 16 9 1 5 
406010714 1.5 5 3 1 0 16 9 15 
3260646457 1.5 3 2 16 0 15 
1234350569 1.5 5 2 7 2 9 8 5 
3451133937 1.5 7 6 19 9 17 7 11 6 4 
299111920 1.5 8 4 12 18 7 1 0 9 5 2 
1390295184 1.5 5 5 14 4 2 8 0 
1458888278 1.5 3 2 10 8 17 
7009107933 1.5 7 5 10 4 0 13 3 9 8 
7881622855 1.5 7 3 16 4 19 6 13 10 9 
6247121129 1.5 3 2 14 12 13 
4845746332 1.5 8 3 11 16 14 4 2 0 7 13 
5433752684 1.5 4 2 2 7 15 8 
8779982309 1.5 7 2 8 10 14 5 18 3 11 
1161063406 1.5 8 4 17 16 18 0 12 8 7 9 
3923228454 1.5 6 6 13 16 12 8 5 6 
6084284428 1.5 7 7 10 11 5 12 9 15 18 
5128802952 1.5 4 4 11 16 17 18 
6457452096 1.5 8 3 12 1 4 10 13 15 0 3 
9650338603 1.5 7 2 19 4 5 6 7 0 13 
7568288876 1.5 5 4 16 17 10 1 8 
6218615592 1.5 6 3 5 13 2 14 8 19 
2798915511 1.5 7 6 0 15 1 19 2 14 11 
526213516 1.5 7 4 13 8 14 6 15 10 2 
9810179857 1.5 3 3 11 15 10 
6727488688 1.5 5 2 14 17 8 4 1 
6094309197 1.5 6 5 8 2 17 9 12 3 
3902529470 1.5 7 2 2 8 1 15 5 14 19 
7230326177 1.5 8 4 18 12 5 10 0 3 8 4 
10425092001 1.5 8 6 0 10 11 9 6 18 15 19 
50926625 1.5 9 9 4 18 16 19 17 10 9 3 5 
6655001328 1.5 5 4 5 17 6 7 8 
10162909096 1.5 7 6 19 4 9 3 11 0 12 
3006188135 1.5 9 6 7 0 3 8 15 10 18 13 2 
1942961700 1.5 4 3 4 1 14 17 
5962464323 1.5 8 8 12 11 13 8 0 16 14 5 
4898486661 1.5 8 7 10 14 13 17 5 19 1 18 
2021036073 1.5 4 2 10 2 19 15 
742066306 1.5 6 5 0 11 16 7 14 17 
9138231752 1.5 6 2 12 3 4 5 11 13 
5501295197 1.5 7 5 1 10 5 18 16 14 9 
6104122503 1.5 5 3 17 9 4 2 7 
100858872 1.5 8 4 12 2 0 17 7 18 14 16 
6905766204 1.5 3 2 14 19 9 
10669929063 1.5 5 5 0 18 1 15 17 
3393130573 1.5 3 2 2 16 10 
3247130185 1.5 5 3 9 1 11 6 3 
6485858099 1.5 3 2 2 14 11 
5249320748 1.5 3 3 10 11 14 
3531794432 1.5 4 3 14 7 11 9 
9849174722 1.5 3 2 9 7 5 
244218858 1.5 7 7 13 15 14 4 9 17 2 
8336947588 1.5 3 3 15 4 13 
5902765845 1.5 3 2 16 9 14 
8539376651 1.5 4 4 15 5 8 11 
743079980 1.5 5 2 18 19 0 11 7 
4464774427 1.5 5 3 6 13 0 3 14 
2694434839 1.5 5 2 2 1 14 4 19 
5770829947 1.5 4 4 11 2 17 6 
9950208704 1.5 4 2 0 1 8 2 
2092521405 1.5 3 2 5 15 10 
8527261602 1.5 7 5 17 7 16 1 14 19 10 
8385619018 1.5 6 4 18 0 16 3 8 10 
2503197707 1.5 4 4 19 4 3 12 
6209614714 1.5 3 2 9 12 2 
7075523589 1.5 4 3 15 7 14 12 
7424125744 1.5 9 8 5 1 10 6 3 14 17 12 7 
5997792008 1.5 8 6 17 9 4 18 7 15 19 8 
9530344117 1.5 8 3 3 8 6 7 14 1 13 15 
3535171054 1.5 3 3 19 16 2 
6968547292 1.5 4 4 10 5 1 15 
7520624067 1.5 3 3 15 3 14 
3904845510 1.5 4 2 3 9 5 17 
668596918 1.5 7 7 11 13 14 19 10 15 7 
10107959453 1.5 7 6 10 8 6 4 17 9 5 
4870522617 1.5 9 5 8 1 18 14 10 4 9 11 0 
4521203637 1.5 6 2 16 11 15 14 2 13 
2098858185 1.5 6 4 18 4 3 13 10 11 
2583515969 1.5 4 4 15 2 11 0 
3006723712 1.5 8 7 15 10 5 14 18 17 4 6 
2456476927 1.5 8 3 14 2 18 7 3 16 19 0 
9147186555 1.5 7 7 17 19 15 12 4 16 13 
6557862873 1.5 8 4 3 9 5 12 19 15 0 10 
2674154171 1.5 6 5 5 12 11 13 1 14 
10559982220 1.5 6 5 3 6 5 19 8 14 
1995736188 1.5 3 3 18 17 14 
9883954518 1.5 9 4 3 7 1 4 13 12 2 6 9 
9401968263 1.5 8 7 17 16 7 19 12 18 6 14 
336014946 1.5 5 4 14 2 0 18 12 
3090725312 1.5 7 6 13 4 8 7 12 6 15 
10602822813 1.5 6 3 7 2 6 10 3 9 
5366317511 1.5 8 3 10 13 15 8 0 3 16 5 
8241534658 1.5 9 5 9 5 2 6 0 13 16 14 1 
4196661550 1.5 7 2 7 0 9 18 10 17 6 
6105129945 1.5 3 2 19 10 4 
852303128 1.5 6 6 15 8 4 0 12 11 
3524736149 1.5 8 7 19 4 7 8 1 17 3 9 
2292401088 1.5 6 6 12 17 6 5 13 0 
2854539421 1.5 5 2 7 5 15 19 10 
1986368896 1.5 6 2 7 15 12 17 18 11 
638984399 1.5 3 2 16 5 9 
1440448632 1.5 8 2 8 14 2 1 3 17 0 12 
6234535165 1.5 9 5 7 16 3 4 0 1 15 13 14 
662436344 1.5 3 3 11 4 0 
9104064587 1.5 8 5 0 12 11 15 3 16 9 6 
4251839013 1.5 4 4 16 17 18 5 
7947558667 1.5 4 3 8 1 15 0 
7062522261 1.5 3 2 15 1 12 
9707566562 1.5 7 3 19 18 1 7 13 5 9 
4955535620 1.5 9 7 9 18 17 4 11 7 13 6 0 
10231343335 1.5 7 6 8 5 2 11 17 10 0 
5354589300 1.5 8 2 1 2 6 4 8 7 11 16 
1791091154 1.5 6 2 0 2 17 8 9 6 
9299426702 1.5 6 3 18 6 4 8 12 19 
9207608137 1.5 6 6 11 16 13 0 12 15 
9254483340 1.5 9 9 14 2 15 4 9 18 6 7 17 
6093326011 1.5 4 3 13 18 15 19 
93646261 1.5 5 5 15 13 11 18 3 
3732634544 1.5 5 2 11 3 5 1 8 
6791046807 1.5 8 3 19 18 11 7 1 4 16 5 
7548645084 1.5 6 6 18 19 13 10 2 1 
7875721254 1.5 5 5 4 6 9 5 18 
2982400081 1.5 4 3 17 19 4 7 
5500044669 1.5 4 3 4 8 11 17 
467704731 1.5 3 2 16 19 8 
5639859056 1.5 6 6 15 14 10 5 11 13 
7108024531 1.5 5 2 17 0 14 5 6 
3770025199 1.5 8 3 10 7 5 11 3 18 8 13 
5302574574 1.5 9 4 16 2 15 1 19 7 6 12 9 
2801889945 1.5 8 3 3 14 4 0 18 1 8 2 
5072225918 1.5 3 2 14 5 13 
5172772950 1.5 9 6 3 15 13 4 17 11 10 18 8 
9983396063 1.5 9 5 13 8 11 17 19 1 4 12 3 
9366492460 1.5 4 2 4 5 3 8 
5248379359 1.5 9 3 16 12 1 14 10 2 4 3 11 
9184558762 1.5 6 3 11 6 16 13 15 10 
7103014076 1.5 7 2 2 15 14 1 10 13 12 
9152998966 1.5 6 5 8 14 5 4 16 15 
6215209277 1.5 4 3 14 11 10 0 
6597833245 1.5 4 3 17 8 3 18 
1446385996 1.5 3 2 12 17 13 
8333892774 1.5 8 8 17 8 14 16 13 12 10 7 
8564435398 1.5 9 3 11 19 15 9 8 7 5 0 14 
7984131785 1.5 5 4 14 3 0 16 6 
1880958055 1.5 7 3 12 18 13 0 15 11 1 
3449353821 1.5 4 3 2 5 10 6 
8429369194 1.5 7 4 17 14 13 16 9 11 5 
10304105168 1.5 8 5 15 11 0 8 3 1 10 16 
3737901462 1.5 4 4 8 4 18 10 
8987515471 1.5 7 7 19 14 11 2 3 9 10 
10356588308 1.5 4 2 4 18 13 2 
6352383471 1.5 8 5 12 9 5 4 1 0 8 18 
5166391638 1.5 3 2 6 1 5 
8175588643 1.5 9 8 9 13 7 5 2 10 15 1 8 
3259695852 1.5 9 2 14 9 19 3 17 8 2 7 0 
7906765277 1.5 3 3 11 17 7 
202616045 1.5 4 3 8 11 14 7 
2804634697 1.5 3 2 6 17 0 
3429399243 1.5 9 6 12 16 5 13 0 8 15 3 19 
2169559220 1.5 6 2 2 14 9 12 6 19 
3054047671 1.5 5 4 16 18 12 15 13 
4025654937 1.5 7 2 0 9 17 10 14 13 7 
1534075755 1.5 3 2 2 7 14 
10699444322 1.5 3 3 12 8 16 
9387561991 1.5 8 4 5 6 15 14 11 17 2 16 
783487918 1.5 9 3 5 19 13 6 9 18 11 1 15 
6433739606 1.5 8 8 17 19 9 2 7 3 11 12 
2526904430 1.5 7 5 6 9 18 13 4 19 16 
3449898279 1.5 5 3 17 7 16 10 18 
1769620506 1.5 7 6 11 12 18 3 15 9 1 
9499782190 1.5 5 2 4 15 5 1 18 
7640590900 1.5 6 6 19 2 5 4 12 10 
285455705 1.5 9 5 9 2 17 4 11 0 3 15 12 
9277820017 1.5 3 2 4 9 16 
4493992279 1.5 4 2 15 3 0 16 
2921113028 1.5 3 3 4 16 8 
1828354615 1.5 6 4 17 10 8 19 6 7 
5085171988 1.5 8 5 0 2 6 11 17 16 5 8 
666260263 1.5 5 2 2 14 7 6 17 
2207664991 1.5 3 2 4 6 10 
5540261253 1.5 7 4 11 19 16 13 15 8 4 
1816694036 1.5 5 5 8 5 4 19 16 
2686560608 1.5 9 5 16 11 7 18 14 8 6 0 1 
1918028113 1.5 4 2 14 15 12 0 
2129514261 1.5 6 5 18 15 17 16 0 3 
3874121079 1.5 4 2 3 12 10 6 
9858387718 1.5 4 3 1 9 10 4 
9956240564 1.5 5 4 11 15 18 12 16 
6198593996 1.5 5 5 10 14 12 2 15 
1247216549 1.5 4 2 7 0 3 19 
1529643805 1.5 5 3 2 8 5 15 13 
7357355559 1.5 6 2 16 13 8 11 4 0 
52363844 1.5 5 5 17 15 9 7 18 
2560421434 1.5 4 2 15 18 0 1 
4701551973 1.5 4 3 1 6 12 13 
4704428259 1.5 5 4 12 15 8 11 16 
4758234746 1.5 6 6 2 10 13 18 5 19 
2913433342 1.5 9 3 15 19 11 16 10 0 13 18 14 
4437036593 1.5 7 6 15 6 14 9 10 16 8 
300349917 1.5 4 4 15 7 6 3 
7815654588 1.5 3 2 0 3 8 
1671298300 1.5 4 3 16 15 5 18 
2965336837 1.5 7 2 11 6 12 3 2 13 10 
8590625814 1.5 6 6 12 5 17 4 1 13 
1671267369 1.5 9 5 11 3 19 6 18 7 16 15 2 
6916749178 1.5 7 4 16 8 19 4 9 3 1 
4834133251 1.5 3 2 7 16 14 
4844453170 1.5 8 6 0 12 5 3 9 11 6 16 
4711790291 1.5 9 5 5 2 14 1 10 6 19 4 8 
6836299200 1.5 6 5 0 17 3 15 9 1 
3176325475 1.5 8 6 16 7 13 17 12 4 0 15 
2079971902 1.5 9 7 6 7 1 13 16 18 2 14 8 
2423112011 1.5 3 2 19 1 13 
8833056963 1.5 5 4 5 1 8 10 15 
5608901116 1.5 5 3 5 10 3 4 1 
7339807651 1.5 6 4 0 11 7 6 3 18 
830298541 1.5 7 4 19 6 12 8 16 4 17 
2750835098 1.5 7 3 17 1 10 0 2 13 14 
2567109472 1.5 7 2 17 11 4 3 0 5 8 
128466649 1.5 8 4 15 2 0 18 1 17 5 6 
2947339383 1.5 5 5 8 7 18 17 19 
6149598828 1.5 6 5 15 14 7 10 5 19 
8802490109 1.5 8 2 6 4 17 7 3 13 9 8 
2314219264 1.5 3 3 5 11 17 
323336725 1.5 4 3 15 5 4 16 
212267994 1.5 3 2 8 17 4 
10237947966 1.5 7 5 9 4 5 10 15 19 16 
4235076407 1.5 3 3 12 7 19 
7443808241 1.5 5 5 0 11 5 9 16 
3379975179 1.5 7 6 9 0 7 12 11 16 6 
7153403254 1.5 6 5 19 3 8 12 9 18 
4935218529 1.5 9 2 5 3 0 18 13 11 19 10 9 
238918103 1.5 6 5 14 16 4 5 1 13 
9071056144 1.5 4 2 2 17 7 9 
3742137514 1.5 8 3 18 6 12 5 4 13 9 3 
3501396361 1.5 8 6 8 4 16 11 1 15 19 2 
8284666005 1.5 5 2 11 10 7 14 0 
366818254 1.5 9 9 0 19 14 3 7 8 13 6 18 
243391040 1.5 6 3 0 1 13 14 12 15 
3439625833 1.5 3 2 11 2 16 
6700769339 1.5 3 2 11 8 3 
1255663556 1.5 3 3 17 5 7 
7384313839 1.5 8 8 7 13 12 5 19 16 10 2 
5713476923 1.5 5 4 15 14 19 2 18 
3929387149 1.5 5 4 19 18 0 6 17 
10225953487 1.5 5 3 11 19 0 16 8 
815499736 1.5 3 3 12 17 14 
7871994797 1.5 6 4 18 4 6 11 15 12 
3874030876 1.5 7 7 6 12 18 19 16 1 13 
7857457652 1.5 3 3 10 16 9 
2323395852 1.5 6 2 3 15 0 5 1 13 
9563734581 1.5 6 3 6 13 10 16 18 7 
5295594563 1.5 5 3 5 7 18 2 9 
5674149661 1.5 4 3 11 5 4 7 
1364192157 1.5 7 3 16 18 12 3 9 1 5 
65632529 1.5 6 3 16 14 11 9 4 6 
5746495100 1.5 8 4 13 18 11 14 1 12 5 9 
3168933215 1.5 3 2 10 14 13 
7230696623 1.5 3 2 9 0 14 
8346331636 1.5 3 2 0 17 5 
5473427393 1.5 8 4 18 19 9 3 11 5 0 1 
2965831654 1.5 4 3 3 17 13 19 
10042950740 1.5 6 4 6 18 4 2 3 1 
3525262010 1.5 8 6 16 6 19 8 4 1 12 18 
262532321 1.5 5 5 17 19 10 0 18 
4297221685 1.5 9 3 19 7 11 2 16 12 6 17 8 
3415919598 1.5 4 3 0 4 9 19 
836797004 1.5 7 4 6 7 11 15 8 0 5 
3404763840 1.5 8 3 16 10 9 5 19 8 17 6 
5898825738 1.5 6 5 12 16 1 18 14 6 
5758093270 1.5 8 2 4 17 12 18 6 0 7 5 
2118900501 1.5 7 7 17 16 2 0 13 6 7 
2817751256 1.5 3 3 8 9 6 
3939035265 1.5 8 7 14 2 19 10 16 9 8 7 
5048220377 1.5 5 5 7 16 8 13 14 
3744864882 1.5 3 2 17 4 2 
7129965340 1.5 5 3 13 7 19 0 15 
5666897786 1.5 9 9 15 19 11 9 2 16 17 0 8 
343003599 1.5 7 2 9 2 8 10 19 13 1 
1519347352 1.5 6 4 10 16 9 13 17 5 
9713671485 1.5 7 5 1 8 13 5 18 4 14 
935027196 1.5 3 3 6 15 7 
4755451779 1.5 4 4 5 14 2 17 
4217497738 1.5 3 2 17 15 12 
7386704388 1.5 9 7 4 1 9 16 15 12 14 5 17 
2332311283 1.5 8 3 18 7 19 5 12 10 6 16 
2940813797 1.5 7 5 12 11 9 16 13 14 7 
9442062799 1.5 4 4 2 15 5 6 
4710344651 1.5 6 3 12 19 2 8 11 3 
3099247187 1.5 4 2 4 10 6 16 
3796689926 1.5 4 4 15 1 9 19 
10151758978 1.5 3 2 5 7 18 
7891338778 1.5 3 3 1 6 18 
10277598361 1.5 6 3 7 3 13 9 16 15 
2959732526 1.5 4 3 11 2 13 9 
5740302376 1.5 9 7 18 15 7 1 16 11 14 3 19 
9575694742 1.5 5 2 1 10 15 8 6 
8487514238 1.5 3 2 18 2 9 
632929402 1.5 3 3 15 4 11 
5613574760 1.5 8 3 13 16 14 7 10 6 11 15 
2551431214 1.5 4 2 18 14 11 5 
3206449277 1.5 6 4 7 14 17 4 0 12 
7911537724 1.5 8 3 14 0 12 2 6 5 8 9 
10189918941 1.5 5 3 1 17 2 4 11 
1976880928 1.5 9 9 0 10 5 18 12 6 13 16 11 
3378140195 1.5 9 5 15 12 13 4 3 10 8 6 9 
7262226257 1.5 7 4 16 11 7 9 0 4 13 
2670487190 1.5 8 3 2 0 4 3 12 1 15 18 
2937820917 1.5 8 5 8 18 10 7 17 9 12 1 
10105128468 1.5 5 3 8 5 1 11 4 
8636272075 1.5 9 9 12 6 19 7 15 4 17 9 18 
4020393736 1.5 7 7 14 13 3 12 4 16 6 
8813853758 1.5 9 9 8 3 13 2 16 7 0 4 12 
8322685784 1.5 6 3 11 14 19 10 6 8 
1519679294 1.5 8 7 4 13 11 6 19 18 17 7 
1606164303 1.5 4 2 5 2 12 10 
464818763 1.5 3 2 11 14 7 
6523042975 1.5 8 4 11 1 4 13 17 10 19 7 
6718771409 1.5 6 5 7 2 6 9 10 8 
1688764686 1.5 7 7 16 10 8 19 11 7 5 
5113467256 1.5 4 4 5 1 17 10 
2649877739 1.5 6 4 10 9 18 17 5 12 
120517737 1.5 9 2 2 11 19 5 0 12 7 17 6 
2069315824 1.5 8 8 19 14 0 17 7 10 5 3 
4372556144 1.5 7 5 7 13 15 8 0 5 1 
6177120531 1.5 4 2 0 18 8 13 
2107197765 1.5 8 6 6 10 14 11 1 8 18 15 
155599610 1.5 5 3 17 6 10 9 11 
6132031081 1.5 8 7 5 2 9 8 12 0 16 17 
7515197759 1.5 7 7 19 14 5 6 16 0 11 
4780384680 1.5 6 6 18 7 2 11 6 5 
6670918348 1.5 6 6 15 14 1 13 19 18 
9763532663 1.5 6 4 16 11 14 10 18 6 
1556910803 1.5 6 6 0 7 16 11 2 14 
7199291356 1.5 3 2 11 6 3 
21631218 1.5 7 4 12 11 17 2 18 3 6 
894556481 1.5 5 4 18 17 14 11 10 
4256867006 1.5 5 5 17 16 3 9 13 
1115904798 1.5 8 8 6 16 8 0 14 17 5 13 
8406912776 1.5 6 4 17 1 16 2 3 9 
3751216414 1.5 5 5 7 11 15 14 0 
4955981209 1.5 3 2 8 12 2 
1548187606 1.5 3 2 17 19 0 
133997316 1.5 7 3 17 14 6 8 19 5 9 
2510349047 1.5 8 7 14 15 1 17 0 4 13 9 
3479106895 1.5 9 9 1 4 6 9 13 2 0 8 10 
5735541600 1.5 3 2 13 7 0 
7507349059 1.5 5 3 11 3 9 15 12 
5124923686 1.5 6 2 6 3 17 9 5 2 
1688976769 1.5 5 2 3 0 12 16 1 
163986309 1.5 8 6 2 11 3 16 18 10 4 12 
5879421773 1.5 4 2 0 12 16 15 
3515290903 1.5 8 4 6 1 7 2 9 11 4 19 
6809716303 1.5 4 4 2 9 7 10 
1449682492 1.5 5 3 1 6 10 19 13 
8478573613 1.5 5 2 4 1 15 19 3 
10322159167 1.5 8 5 3 19 5 8 4 6 12 1 
6247974600 1.5 3 2 17 19 12 
5259522686 1.5 7 3 3 11 18 0 2 14 9 
582077342 1.5 9 9 6 8 0 3 5 14 7 16 9 
2471599333 1.5 6 6 10 17 5 13 0 14 
9173091293 1.5 9 6 6 12 2 17 9 11 10 7 8 
635085048 1.5 4 3 10 5 11 9 
1884941628 1.5 9 2 17 13 12 11 6 18 15 10 19 
3185630773 1.5 7 7 8 6 7 9 5 17 15 
9923616645 1.5 6 4 4 7 11 15 14 5 
5401979155 1.5 8 3 7 4 8 0 17 2 19 10 
8911104214 1.5 9 5 17 18 3 13 2 8 16 7 10 
4962164385 1.5 9 2 2 4 6 8 1 18 9 3 14 
1091609033 1.5 7 4 16 10 12 1 17 4 7 
7312623601 1.5 8 2 5 3 9 13 6 19 17 1 
5489428916 1.5 9 8 12 13 17 10 18 6 16 19 3 
1570202101 1.5 4 3 18 0 7 13 
8596359891 1.5 4 4 4 2 11 3 
2248326837 1.5 6 6 3 9 14 16 4 6 
10606231433 1.5 6 6 0 2 7 4 17 19 
7160279130 1.5 4 3 17 9 8 15 
10482336562 1.5 9 5 7 0 13 15 6 1 12 16 19 
6164276565 1.5 3 2 14 8 7 
4786290315 1.5 6 5 7 6 13 18 14 9 
8616210424 1.5 6 6 11 1 7 5 10 8 
5220969845 1.5 8 4 6 19 3 0 9 12 7 13 
7324847810 1.5 9 3 7 0 3 4 18 1 17 8 19 
6347384014 1.5 9 5 6 18 0 14 19 10 8 12 16 
9074101701 1.5 8 8 0 16 15 7 17 6 19 2 
4416541460 1.5 8 4 12 8 13 16 2 9 5 10 
10327629530 1.5 8 8 7 15 13 14 9 6 18 12 
4774422969 1.5 6 5 12 3 17 2 16 14 
7701175410 1.5 9 9 18 1 12 4 3 5 6 15 17 
4572903629 1.5 8 6 8 2 6 13 10 18 19 16 
6192750662 1.5 7 4 15 10 14 0 9 8 7 
4582861518 1.5 9 5 7 8 4 18 16 12 13 1 6 
3307341789 1.5 9 9 14 13 16 17 19 9 2 1 4 
6509195849 1.5 3 2 6 11 14 
6076499223 1.5 5 2 19 4 9 18 10 
2317784828 1.5 5 3 2 17 14 7 5 
2607460280 1.5 6 6 11 3 18 14 12 9 
9153796578 1.5 5 4 19 8 11 12 17 
3067063935 1.5 7 2 15 17 11 14 0 10 5 
2453184278 1.5 4 3 14 0 1 4 
8063432639 1.5 8 8 9 15 6 16 14 4 11 12 
4951273679 1.5 9 2 15 17 7 11 8 13 12 16 6 
769943353 1.5 5 5 12 6 11 0 1 
8202101336 1.5 6 2 16 6 14 9 8 11 
5493559428 1.5 5 4 0 12 3 13 5 
405581404 1.5 9 5 15 2 7 16 1 12 6 19 14 
1144286402 1.5 3 3 11 17 14 
4740020140 1.5 8 3 17 9 7 3 4 19 12 2 
8239436954 1.5 5 3 3 13 2 16 8 
10400803926 1.5 8 6 13 2 6 17 14 0 3 19 
6665538465 1.5 7 5 19 5 0 4 1 16 3 
3468251214 1.5 4 3 9 2 16 10 
7211940423 1.5 7 5 5 8 0 11 13 1 4 
3843375939 1.5 3 3 12 10 4 
6005937030 1.5 4 2 5 15 11 19 
8752886514 1.5 5 2 4 3 14 9 5 
5520140484 1.5 7 7 6 3 12 9 13 5 1 
8224373411 1.5 8 5 6 18 2 16 11 10 13 8 
4665975555 1.5 3 2 5 10 19 
9236165663 1.5 7 2 1 10 12 11 9 5 17 
9754353677 1.5 4 3 2 5 11 1 
10345017661 1.5 9 4 2 11 3 13 7 19 4 9 14 
6925000047 1.5 7 2 3 9 16 17 2 18 1 
9549849473 1.5 7 6 13 1 6 18 9 5 3 
3449052757 1.5 8 5 4 10 17 18 5 11 1 16 
493485867 1.5 8 8 5 13 16 4 8 6 12 0 
1505509262 1.5 4 2 8 13 4 6 
1134476681 1.5 9 4 19 12 15 3 8 5 7 6 10 
5371431762 1.5 8 7 2 1 11 14 12 15 7 16 
7533615687 1.5 3 2 4 3 9 
8015839980 1.5 5 4 2 4 5 10 11 
8578366329 1.5 3 3 3 12 8 
7819192619 1.5 9 2 19 12 10 5 7 4 14 13 2 
8352179703 1.5 6 6 12 19 5 6 17 0 
10126807823 1.5 9 7 8 7 12 1 13 19 0 4 6 
10693749475 1.5 9 6 0 15 7 18 17 19 8 16 1 
1626936755 1.5 5 5 5 12 6 18 10 
7265015842 1.5 3 3 4 19 15 
5524337750 1.5 6 6 1 12 8 16 5 13 
639112740 1.5 9 3 16 7 6 9 12 0 5 15 14 
10291722862 1.5 8 6 1 9 8 12 7 15 17 14 
10587016094 1.5 4 3 0 5 2 3 
4484622839 1.5 6 3 14 5 7 6 4 9 
9052202352 1.5 8 8 5 10 14 6 7 0 9 17 
6920902192 1.5 7 4 4 12 3 8 0 7 1 
7262223826 1.5 9 9 13 3 4 17 7 1 8 2 9 
8880185178 1.5 8 5 17 3 0 14 13 10 1 18 
7164913980 1.5 8 2 6 19 3 5 15 9 17 7 
3454112404 1.5 3 3 2 1 16 
9617675333 1.5 4 3 5 6 17 3 
2050541677 1.5 3 2 15 14 3 
5144102145 1.5 3 3 11 18 14 
9974011248 1.5 4 4 13 0 7 17 
6904423484 1.5 4 4 6 5 3 12 
1097901080 1.5 4 3 17 11 9 0 
8165652685 1.5 9 7 10 5 1 13 2 14 4 11 0 
7677411089 1.5 9 4 11 16 4 9 0 7 6 10 14 
5787489973 1.5 6 2 8 15 2 1 4 14 
4685031585 1.5 4 3 14 6 9 7 
2908833582 1.5 5 4 15 2 1 9 17 
2152292711 1.5 6 6 16 17 8 9 14 15 
3047202708 1.5 6 4 15 2 0 18 17 16 
10286290217 1.5 5 2 0 13 1 17 10 
9923214545 1.5 7 6 3 0 17 19 16 18 13 
2754503791 1.5 8 5 12 5 1 8 6 14 9 10 
1607202574 1.5 7 6 4 14 13 15 9 10 6 
10657553089 1.5 6 2 14 12 8 19 13 11 
8417993353 1.5 4 3 1 4 3 17 
5347208514 1.5 8 3 14 3 15 11 5 1 9 7 
2989996268 1.5 7 5 6 7 17 16 5 0 9 
7039478931 1.5 5 3 6 17 9 0 15 
9019717980 1.5 8 5 5 6 1 14 17 3 7 2 
8429842449 1.5 8 5 8 6 19 7 2 18 4 3 
6708310133 1.5 6 2 0 19 9 16 8 2 
4877163744 1.5 4 3 4 14 12 18 
10003394674 1.5 5 5 6 14 4 17 19 
6005914697 1.5 6 6 3 1 15 0 14 18 
2324613126 1.5 9 8 5 3 2 15 8 19 7 18 11 
7943771121 1.5 3 2 14 17 19 
651726395 1.5 4 2 2 17 14 16 
296106165 1.5 7 3 12 15 2 0 9 6 11 
7167137634 1.5 7 3 15 9 6 16 0 19 4 
10611876259 1.5 9 2 3 11 15 2 0 10 19 14 8 
10320806313 1.5 9 8 3 10 17 13 4 16 12 8 18 
697357248 1.5 8 5 8 1 18 14 12 4 0 17 
1840809164 1.5 6 6 2 1 17 14 9 15 
4275303770 1.5 4 4 3 7 5 0 
10552134292 1.5 7 5 18 2 17 19 8 7 16 
1117487604 1.5 9 6 9 1 19 10 6 2 7 13 11 
3823432468 1.5 3 3 2 11 15 
5572117503 1.5 3 2 2 18 3 
10609647501 1.5 4 3 14 12 16 8 
5896396111 1.5 5 2 4 5 14 10 12 
6865178949 1.5 3 2 4 18 1 
4600656151 1.5 3 2 1 18 13 
3189712729 1.5 7 5 0 6 19 10 1 18 15 
10680482672 1.5 4 2 13 2 1 8 
8163944295 1.5 5 2 11 1 6 4 8 
5690255937 1.5 7 3 15 0 10 4 14 6 1 
7074745329 1.5 4 2 18 9 16 13 
5622900459 1.5 3 2 5 7 0 
3980443172 1.5 4 2 19 16 1 10 
7571685972 1.5 8 2 16 3 19 0 13 15 6 7 
4629325422 1.5 6 5 14 11 6 2 17 13 
7415969115 1.5 3 2 16 0 13 
6170149200 1.5 3 3 17 15 1 
5503443405 1.5 9 2 2 4 5 7 1 10 16 6 15 
5360871164 1.5 4 4 16 19 14 0 
3636422359 1.5 9 7 17 19 18 5 3 11 12 14 7 
5286921294 1.5 3 3 9 5 2 
2175997707 1.5 8 4 5 12 17 3 2 18 19 9 
2615235126 1.5 3 3 0 3 2 
1124432447 1.5 3 2 12 5 9 
4919086573 1.5 5 2 2 14 6 3 5 
5357430489 1.5 6 4 1 15 13 2 18 14 
9541081155 1.5 7 3 10 18 3 13 2 12 1 
7271296884 1.5 5 2 1 18 16 7 15 
925743238 1.5 4 3 2 5 19 11 
10392008342 1.5 5 4 9 2 14 19 12 
5319322099 1.5 9 2 3 18 8 7 10 6 4 13 19 
3792479423 1.5 9 5 6 2 16 12 5 7 3 17 15 
10687075626 1.5 4 4 17 4 11 18 
5257094924 1.5 3 3 17 0 5 
4609546516 1.5 9 4 13 16 12 8 9 4 15 11 3 
9368771283 1.5 7 6 2 7 4 13 6 16 0 
4242138286 1.5 4 2 8 7 11 17 
1694297932 1.5 6 4 10 9 1 14 7 17 
6520617851 1.5 8 6 1 2 5 17 12 15 16 0 
3763011759 1.5 9 2 14 13 5 6 18 19 11 10 16 
294685505 1.5 4 4 9 8 3 18 
9332011257 1.5 3 2 10 17 3 
4441499446 1.5 8 3 3 5 17 14 19 9 4 18 
6482737166 1.5 5 3 2 6 0 4 17 
1243722976 1.5 8 6 8 16 17 5 1 9 15 19 
5137037721 1.5 6 5 13 6 7 15 5 8 
6346908653 1.5 3 2 6 5 15 
4327075988 1.5 5 4 14 12 0 7 4 
28426319 1.5 4 3 1 19 6 14 
9035872244 1.5 7 2 6 12 7 17 3 5 2 
3997180619 1.5 4 4 18 6 4 7 
574456400 1.5 4 3 10 19 0 13 
3852151027 1.5 3 3 8 7 10 
8869785542 1.5 6 4 10 8 1 13 12 17 
9256427145 1.5 7 4 2 13 18 14 15 17 4 
4307494734 1.5 6 3 9 7 11 5 8 1 
9438015605 1.5 7 2 19 16 12 3 18 2 9 
6951447207 1.5 4 4 5 14 4 7 
8744423538 1.5 4 4 10 2 9 3 
5317677250 1.5 8 5 5 10 14 19 12 0 16 2 
5260713794 1.5 9 8 2 14 19 17 3 15 13 12 0 
857037469 1.5 6 4 17 16 8 3 0 7 
8310163918 1.5 4 4 12 15 1 4 
2039650864 1.5 5 4 4 11 9 14 16 
5328870027 1.5 5 2 11 15 17 10 19 
9050811469 1.5 8 6 16 5 13 3 2 18 17 4 
3515762942 1.5 7 4 12 5 16 6 8 2 17 
236996015 1.5 7 6 14 5 11 19 16 0 4 
5478858398 1.5 8 2 12 8 16 19 17 13 4 5 
6906128865 1.5 6 2 15 5 7 16 8 2 
2074260832 1.5 6 6 6 8 3 19 12 15 
7475073986 1.5 7 7 3 18 17 14 15 13 4 
10523562830 1.5 6 3 7 8 4 9 5 6 
4969911985 1.5 4 4 12 17 11 5 
7013890888 1.5 5 5 17 9 19 6 10 
10064742834 1.5 4 4 10 7 2 13 
8962705154 1.5 7 3 12 16 14 9 18 7 2 
710801523 1.5 4 2 6 11 3 7 
4123858022 1.5 7 2 10 6 4 1 0 9 2 
1263998902 1.5 4 3 4 15 12 9 
5971247821 1.5 4 2 16 17 10 5 
7177755068 1.5 5 2 9 4 7 16 2 
9775428058 1.5 4 3 14 19 17 4 
2918833649 1.5 9 7 11 17 0 14 16 1 8 3 12 
4097268217 1.5 9 9 16 2 19 5 1 18 11 17 4 
1630887488 1.5 5 2 14 16 0 8 5 
9021226390 1.5 5 3 0 1 8 12 13 
7638064429 1.5 5 4 5 1 16 0 9 
2494231707 1.5 5 2 3 13 19 4 6 
4461490214 1.5 7 7 18 13 1 11 14 16 5 
3348932163 1.5 5 2 17 7 8 14 2 
9169152977 1.5 6 5 12 10 18 7 13 17 
1192574367 1.5 4 4 3 10 12 6 
8437519536 1.5 4 4 0 6 3 19 
5668863213 1.5 8 6 19 4 11 16 18 0 1 14 
10541104483 1.5 5 3 10 14 5 19 3 
9253809106 1.5 8 4 14 15 1 9 11 18 16 19 
10213814646 1.5 8 5 5 1 7 14 12 10 17 3 
6642434889 1.5 9 3 18 8 16 0 4 13 6 15 9 
10281443782 1.5 8 5 1 14 12 17 4 16 15 2 
5703427000 1.5 4 4 9 8 15 4 
1370230989 1.5 3 2 10 14 9 
1924089498 1.5 5 5 8 0 13 3 6 
7895428582 1.5 9 2 0 19 15 10 18 13 12 6 2 
5403696841 1.5 9 3 0 8 15 5 16 1 7 19 3 
9964101904 1.5 9 8 8 15 11 18 10 5 0 4 16 
805100044 1.5 6 5 18 12 5 19 16 4 
8943996671 1.5 9 7 13 2 15 6 4 1 17 18 10 
7301654559 1.5 8 5 8 15 10 11 5 19 7 17 
10417855043 1.5 5 3 3 14 11 12 15 
7626849960 1.5 7 6 15 11 0 3 14 4 19 
5422041140 1.5 7 2 17 10 18 11 12 8 2 
2421856301 1.5 6 3 19 8 4 9 16 13 
8844221118 1.5 9 5 17 12 18 10 19 0 4 1 6 
9652362454 1.5 5 5 8 4 10 3 9 
5222955922 1.5 5 2 3 12 13 8 14 
5126851883 1.5 4 4 3 13 4 8 
8579325775 1.5 9 9 18 2 7 11 4 14 12 13 15 
6173048586 1.5 8 6 5 8 3 1 16 19 0 18 
5853835730 1.5 7 2 11 13 14 3 19 18 4 
3986962515 1.5 4 4 7 3 1 0 
7711935990 1.5 6 3 16 4 1 17 13 18 
7690299250 1.5 5 5 0 4 8 15 13 
9867742216 1.5 3 2 19 6 7 
7561976663 1.5 3 2 17 16 8 
5072313628 1.5 6 2 15 6 11 8 2 4 
9338186718 1.5 8 3 5 12 7 2 3 4 9 8 
5918949378 1.5 8 8 14 2 6 18 10 11 5 7 
4477475311 1.5 7 7 3 19 12 13 16 7 2 
1926913666 1.5 6 3 1 2 0 18 16 7 
3344251401 1.5 3 3 8 11 3 
10509332722 1.5 4 4 15 7 16 3 
5510185892 1.5 5 5 8 18 0 14 15 
3122596765 1.5 8 4 3 7 11 4 10 12 9 14 
3087117332 1.5 5 4 12 6 17 4 3 
10123844720 1.5 5 2 12 7 15 3 10 
6986626792 1.5 9 9 5 3 1 19 16 9 10 18 4 
5078026841 1.5 9 9 1 4 14 8 3 17 18 9 19 
8338492781 1.5 4 4 17 12 16 0 
4693214773 1.5 8 8 9 17 7 19 2 10 11 12 
2494959370 1.5 4 4 18 13 4 9 
10187842983 1.5 3 3 1 19 13 
8028975056 1.5 3 3 17 3 1 
9313011429 1.5 7 2 7 2 12 11 4 1 19 
6148189843 1.5 4 4 5 9 16 17 
6896988488 1.5 3 2 8 4 15 
9872832344 1.5 9 2 16 7 1 15 3 13 8 5 11 
368412287 1.5 5 4 2 10 7 6 13 
6231604243 1.5 9 6 2 13 12 11 18 17 10 19 5 
3307683917 1.5 7 5 8 17 14 12 5 0 6 
2002682003 1.5 9 5 18 1 16 15 17 14 4 13 5 
6361796343 1.5 5 2 15 19 17 5 0 
4814393934 1.5 6 3 19 2 9 6 13 11 
9624194045 1.5 3 2 10 9 1 
250038605 1.5 6 4 9 3 8 4 1 0 
6292732139 1.5 3 2 14 17 8 
229162740 1.5 9 3 7 3 14 9 5 1 11 8 6 
10668746045 1.5 3 2 14 15 1 
9427280970 1.5 8 5 3 15 19 7 6 5 2 9 
7655541362 1.5 3 2 2 11 0 
2270710422 1.5 9 7 6 19 12 11 17 0 14 15 5 
5313357130 1.5 8 6 11 4 16 2 5 8 13 18 
9889511475 1.5 7 5 16 18 1 10 15 11 19 
9676933971 1.5 5 5 3 6 10 11 1 
5703752783 1.5 3 3 8 4 9 
7976228304 1.5 6 4 15 5 19 4 6 16 
8398380161 1.5 4 3 13 9 7 0 
10663050097 1.5 9 4 0 9 8 16 2 4 13 1 10 
8269967463 1.5 3 3 3 1 15 
9556574309 1.5 6 3 14 4 12 18 2 17 
1453034958 1.5 4 4 2 8 3 19 
7017713665 1.5 5 2 12 11 4 7 6 
2345964217 1.5 9 8 5 7 1 15 8 4 16 14 11 
4946774791 1.5 3 3 6 13 11 
6570116781 1.5 7 6 2 14 3 6 5 16 12 
10143972631 1.5 5 2 4 1 2 14 0 
4244336887 1.5 8 7 17 12 7 16 13 3 15 0 
1384226097 1.5 7 7 14 7 4 9 13 12 6 
10585736534 1.5 3 3 1 16 5 
6727078359 1.5 8 3 17 0 3 19 14 6 11 7 
1807652586 1.5 5 2 15 1 19 3 5 
9694719237 1.5 5 2 12 8 2 13 9 
2528742150 1.5 4 3 8 13 2 5 
6652127714 1.5 8 4 10 18 11 12 17 1 7 9 
7435356021 1.5 8 4 13 11 16 2 17 0 8 12 
2699045455 1.5 5 3 8 10 6 4 17 
10121367571 1.5 6 2 17 15 16 7 10 0 
3342477953 1.5 5 4 17 2 0 16 1 
4436377507 1.5 5 4 5 3 16 7 2 
6159247914 1.5 3 3 17 16 4 
3803036304 1.5 4 2 1 3 9 19 
1025145971 1.5 9 9 4 2 14 17 16 13 19 6 1 
2725388266 1.5 7 2 15 1 5 4 6 7 16 
3531466199 1.5 4 3 19 14 13 4 
992279766 1.5 9 9 12 19 5 14 15 2 16 4 1 
5552996325 1.5 9 8 12 1 4 7 0 2 17 19 6 
7886037115 1.5 6 2 2 6 10 0 17 9 
6080625130 1.5 7 6 9 0 2 1 3 6 8 
9844368712 1.5 6 3 4 3 10 14 9 17 
4382904372 1.5 3 3 14 18 0 
4255865726 1.5 5 5 12 0 15 10 9 
4213945693 1.5 9 3 12 10 7 5 3 18 15 9 2 
3229296481 1.5 4 4 16 5 2 6 
2434084859 1.5 4 3 13 19 0 9 
771907891 1.5 4 3 10 14 16 19 
2811271486 1.5 3 2 0 18 3 
2606540601 1.5 5 3 17 6 3 12 1 
3694819739 1.5 8 2 13 9 6 11 16 10 7 18 
9070084265 1.5 8 8 15 17 14 5 18 10 3 2 
448557586 1.5 6 2 15 13 6 17 3 19 
4891000206 1.5 5 4 9 18 17 14 5 
3752516218 1.5 5 4 5 8 11 7 14 
4515462758 1.5 5 4 6 7 1 2 16 
5618374171 1.5 7 4 17 13 6 12 18 9 3 
1666760838 1.5 8 3 10 2 8 15 19 11 14 1 
1778853850 1.5 6 4 7 18 1 6 12 10 
7938079592 1.5 9 4 2 4 17 14 15 3 13 19 11 
7928583508 1.5 5 3 6 17 0 3 11 
207111254 1.5 3 2 18 3 8 
10193021501 1.5 3 3 17 6 12 
904943210 1.5 3 2 16 6 0 
6361199189 1.5 5 3 11 15 4 1 10 
7637199484 1.5 7 7 0 8 1 16 12 18 7 
4903645709 1.5 9 5 9 19 12 4 17 5 3 16 1 
1541710067 1.5 6 5 12 19 10 6 2 11 
5392520272 1.5 6 6 9 10 11 5 3 19 
6344642152 1.5 9 3 6 2 18 19 8 1 13 10 5 
3314010446 1.5 9 9 19 14 5 3 15 9 11 13 0 
3721915650 1.5 7 3 0 8 15 10 6 16 5 
2304843756 1.5 7 6 18 3 2 10 4 14 17 
4346508657 1.5 8 6 7 5 2 9 11 6 1 16 
4028064694 1.5 4 4 8 4 9 11 
8702543465 1.5 5 5 13 1 18 8 0 
682308779 1.5 4 2 8 13 0 10 
5150508984 1.5 7 4 17 16 2 9 15 19 10 
1787672646 1.5 9 2 6 4 16 10 15 11 14 12 13 
7251341081 1.5 6 6 9 3 10 18 17 0 
8519745810 1.5 4 4 9 0 16 5 
8103833857 1.5 6 3 10 16 3 0 13 1 
3701895542 1.5 6 2 16 17 15 14 5 3 
1636105208 1.5 8 3 3 18 17 10 5 16 7 4 
2880671517 1.5 3 2 1 4 2 
6737796496 1.5 3 2 8 6 18 
2720203363 1.5 5 3 19 15 7 6 1 
7311614983 1.5 6 6 8 0 6 11 15 12 
6177317702 1.5 6 4 15 7 11 2 16 10 
1201589755 1.5 8 2 10 11 8 5 14 3 1 4 
2146458883 1.5 4 3 15 19 1 16 
2533356763 1.5 5 4 15 1 18 12 4 
10381312513 1.5 9 3 16 12 0 11 17 19 14 6 2 
5096772918 1.5 5 2 8 4 6 9 0 
3755906223 1.5 7 7 4 16 5 19 8 3 17 
4028464125 1.5 7 2 16 19 9 4 12 8 17 
9677609570 1.5 5 2 7 8 10 0 12 
8179904793 1.5 5 3 4 18 15 5 17 
9874958895 1.5 3 2 11 12 2 
8174812401 1.5 9 3 8 19 6 3 9 2 0 10 15 
2032152055 1.5 4 3 8 6 9 1 
1994368088 1.5 6 5 6 0 5 2 3 18 
5600063292 1.5 3 3 17 1 10 
10079925575 1.5 4 2 4 10 14 12 
5033741272 1.5 7 4 13 16 19 8 9 0 4 
7173929032 1.5 8 3 0 18 2 9 8 6 13 14 
8646732347 1.5 4 4 14 5 13 15 
6070553110 1.5 7 4 14 13 10 6 11 12 1 
8975793941 1.5 3 3 16 17 12 
4291492235 1.5 5 3 4 6 18 17 3 
877561166 1.5 8 7 10 5 18 14 4 17 11 6 
2376811877 1.5 9 3 0 16 13 19 7 12 8 9 14 
3359439914 1.5 6 3 13 2 11 7 8 6 
6352800225 1.5 7 2 0 18 8 5 7 3 9 
8396673441 1.5 6 6 16 13 3 15 19 14 
3129840887 1.5 9 2 15 6 19 13 17 3 18 8 11 
2220413113 1.5 9 5 14 5 18 3 6 17 0 7 8 
9173905298 1.5 5 5 9 14 6 8 3 
5115619774 1.5 4 2 5 8 19 1 
62267666 1.5 7 6 5 16 6 19 1 7 2 
9683513596 1.5 3 3 6 12 19 
8393107732 1.5 8 2 3 18 19 13 9 16 2 10 
9684978431 1.5 5 5 7 9 1 18 6 
9373621025 1.5 6 3 11 18 12 9 17 0 
8720078761 1.5 7 5 17 19 10 11 8 2 0 
557283381 1.5 7 2 12 17 7 8 0 3 18 
5318770772 1.5 7 3 4 14 0 6 3 10 9 
3691196966 1.5 9 2 19 14 5 3 12 4 18 2 16 
9905899264 1.5 4 3 11 14 5 16 
2753796065 1.5 3 2 17 13 10 
8818283333 1.5 8 6 17 11 16 9 15 12 0 7 
5502750947 1.5 8 3 13 12 11 16 2 3 7 18 
5613485296 1.5 5 2 5 0 16 18 2 
169977820 1.5 8 6 15 3 7 19 16 17 6 9 
3408712503 1.5 5 3 10 1 9 7 11 
3897554088 1.5 8 3 2 13 1 7 14 0 3 5 
6117092004 1.5 9 6 6 2 19 10 5 3 7 17 14 
3073538944 1.5 3 3 4 3 13 
9198745537 1.5 4 2 12 9 16 17 
8007471444 1.5 8 5 11 9 15 12 1 14 7 3 
2782874271 1.5 8 2 18 10 8 12 14 11 19 6 
9078527961 1.5 5 2 5 2 7 3 14 
5613715931 1.5 9 3 7 13 14 1 11 4 12 8 9 
10261244803 1.5 6 2 3 13 1 15 19 12 
4277463045 1.5 4 2 11 18 12 0 
9126976030 1.5 4 4 9 16 5 4 
5459403854 1.5 7 3 8 14 4 5 18 7 6 
8299234894 1.5 6 5 0 4 7 3 5 17 
955808537 1.5 8 3 9 15 16 8 0 12 19 6 
4853808078 1.5 7 7 5 4 18 0 19 14 17 
9671084522 1.5 6 6 14 9 15 11 19 2 
9126695177 1.5 9 4 16 11 17 10 5 18 14 0 3 
8985586335 1.5 5 4 11 4 17 5 14 
181723047 1.5 8 2 4 5 15 7 10 19 6 11 
1690690891 1.5 8 5 3 2 14 13 19 7 12 0 
6715027193 1.5 6 5 4 16 5 2 15 19 
9881588277 1.5 4 2 6 11 12 15 
130582280 1.5 6 2 2 17 13 5 1 6 
10500843553 1.5 9 3 13 4 1 0 8 5 11 2 16 
8418319523 1.5 9 2 13 15 6 10 8 18 0 11 14 
8115643560 1.5 7 3 11 10 9 14 12 16 0 
7895039815 1.5 5 5 13 16 2 4 8 
7021547955 1.5 4 4 11 18 10 1 
7371029672 1.5 5 4 19 0 4 2 14 
3328986442 1.5 6 5 18 16 9 17 13 2 
1404761270 1.5 9 6 13 16 0 15 6 9 8 2 5 
8797106811 1.5 9 5 15 16 19 1 3 6 12 10 7 
5062295876 1.5 9 3 11 17 14 1 16 5 19 8 3 
6577563944 1.5 9 6 11 1 9 8 10 16 3 2 18 
7536784115 1.5 3 3 13 3 12 
4076261731 1.5 6 5 0 3 15 8 19 5 
3289535052 1.5 8 8 5 18 2 17 13 9 6 15 
789274528 1.5 3 3 2 0 9 
6931188002 1.5 7 4 10 1 16 11 12 3 0 
4876044809 1.5 4 2 10 0 9 13 
2995022687 1.5 6 5 7 12 8 18 19 17 
192825057 1.5 4 4 0 4 1 11 
6220953598 1.5 9 4 4 13 11 14 6 17 0 15 9 
6357130500 1.5 6 6 16 17 0 11 6 19 
3157820274 1.5 3 2 17 11 16 
5090249247 1.5 7 3 8 4 0 9 14 1 11 
3681951097 1.5 3 3 16 15 2 
2285907550 1.5 8 3 13 11 17 19 5 8 12 3 
6544163850 1.5 3 2 17 6 2 
2443462393 1.5 4 2 7 10 8 0 
7495510492 1.5 6 6 3 1 10 19 4 14 
2809528198 1.5 9 7 15 8 12 17 16 4 6 18 7 
6241341238 1.5 5 3 5 7 15 14 4 
10257391994 1.5 6 5 19 15 10 17 3 9 
627587843 1.5 3 2 4 14 12 
4791725113 1.5 7 6 19 0 2 4 12 17 5 
6630189845 1.5 9 9 18 7 3 15 10 1 0 11 2 
3051145544 1.5 5 2 2 8 0 19 14 
5700888254 1.5 5 2 16 5 8 4 2 
429724324 1.5 7 4 11 5 1 6 7 12 15 
6822754140 1.5 5 5 19 7 17 3 13 
5181329229 1.5 8 6 9 0 6 8 19 10 16 14 
2950103395 1.5 4 2 17 2 3 18 
10721564127 1.5 7 5 13 8 15 10 18 3 5 
3612443228 1.5 5 4 15 11 9 1 16 
5069459203 1.5 4 2 3 15 19 7 
6698381372 1.5 4 2 16 1 6 8 
10599532558 1.5 9 2 11 14 1 4 0 7 13 2 15 
422769272 1.5 6 6 9 18 15 5 19 1 
8161541077 1.5 7 5 1 17 3 4 18 7 14 
10714582362 1.5 6 4 3 10 17 2 8 4 
5892034799 1.5 6 3 18 5 15 12 19 2 
3229576128 1.5 7 4 10 17 19 0 12 5 2 
5507975682 1.5 5 4 0 17 16 9 18 
9638177596 1.5 4 3 1 4 13 0 
5524852157 1.5 8 2 19 2 15 4 18 11 17 12 
2408552280 1.5 5 3 15 13 7 18 17 
4273137173 1.5 3 3 6 19 18 
10259421041 1.5 7 7 14 2 11 10 18 8 7 
4917260727 1.5 6 3 6 13 1 11 3 19 
9530493719 1.5 9 6 8 18 16 5 9 17 4 7 19 
3683314047 1.5 6 5 0 18 11 2 1 4 
356621052 1.5 4 4 18 5 11 15 
5373515199 1.5 3 3 5 14 2 
9454810941 1.5 9 3 8 19 9 16 15 6 1 5 10 
4866701691 1.5 6 4 13 18 8 6 10 5 
9845754493 1.5 9 5 0 1 14 11 10 2 3 6 19 
2817814146 1.5 3 2 2 15 16 
918561092 1.5 8 3 12 9 3 11 4 15 2 0 
2275294528 1.5 4 4 17 10 3 13 
6583602906 1.5 7 3 12 11 8 16 4 19 10 
6666109333 1.5 4 2 6 1 3 7 
10514501213 1.5 9 6 11 10 1 2 14 16 0 9 4 
7518466676 1.5 6 2 18 8 10 16 1 3 
6318732154 1.5 4 4 12 5 1 10 
5474457860 1.5 3 2 10 0 16 
19659760 1.5 5 2 2 1 9 15 19 
4431365328 1.5 3 2 4 12 5 
2288089417 1.5 5 5 7 0 18 10 16 
2486857181 1.5 9 5 13 10 15 2 12 5 1 4 19 
211108918 1.5 9 8 17 12 0 3 9 13 18 8 6 
8762887002 1.5 8 6 5 12 3 15 11 18 10 13 
2082086754 1.5 5 3 15 6 3 14 2 
778878530 1.5 9 2 0 2 11 14 1 9 6 16 8 
9097988204 1.5 8 4 11 5 14 8 6 15 0 9 
1387984773 1.5 5 2 14 6 15 7 4 
2103348747 1.5 7 4 1 2 13 3 12 14 8 
2778047133 1.5 7 7 19 15 5 12 9 11 14 
8679279694 1.5 6 4 6 17 16 15 0 18 
1616013293 1.5 6 2 13 7 0 14 8 2 
4237881387 1.5 3 3 18 13 7 
8750279166 1.5 3 2 19 17 9 
10277551644 1.5 5 4 19 2 3 8 15 
7908332222 1.5 4 4 11 17 6 3 
6905940821 1.5 7 6 5 12 11 2 14 8 17 
126424152 1.5 6 3 5 8 6 19 15 10 
6502283625 1.5 5 4 14 11 12 16 15 
10199622925 1.5 3 3 19 6 2 
1385271998 1.5 3 2 8 5 15 
10439047477 1.5 8 2 6 9 7 11 13 14 4 17 
7739468676 1.5 4 3 19 5 9 15 
39828279 1.5 7 4 15 10 16 14 17 19 1 
9416105674 1.5 3 3 1 10 4 
3227633449 1.5 9 4 11 2 0 4 1 18 5 12 15 
8127336760 1.5 8 5 2 4 13 14 3 9 11 15 
971783963 1.5 9 6 4 11 5 15 3 12 0 17 18 
1227044908 1.5 3 2 9 5 7 
6679228134 1.5 4 3 19 17 18 7 
100363798 1.5 4 2 6 16 19 13 
254021305 1.5 6 3 18 7 0 5 12 19 
196300439 1.5 9 5 16 13 14 6 17 18 15 1 5 
9745767813 1.5 3 3 12 10 3 
1533659549 1.5 4 3 18 3 12 13 
5766504403 1.5 6 6 3 8 15 17 6 13 
5720825679 1.5 7 2 9 14 7 8 1 6 0 
11 435 16
13 392 23
2 12 40
19 763 30
18 364 41
7 421 25
3 882 19
14 808 36
4 351 50
15 492 33
2 531 37
9 601 29
15 282 48
6 410 33
9 525 27
16 287 45
7 886 9
17 364 13
2 648 13
0 839 21
10 86 2
17 903 8
14 388 31
15 574 25
16 37 22
2 458 42
16 410 13
16 19 25
0 565 8
4 180 39
18 972 49
5 383 2
16 698 5
7 76 0
3 604 43
9 316 10
19 778 25
19 142 37
9 447 4
9 961 43
13 609 32
18 994 36
5 403 34
6 79 14
12 140 38
11 269 42
8 888 42
7 295 23
8 24 11
14 659 1
2 865 14
13 920 10
19 153 43
9 404 24
17 854 17
0 192 10
15 397 6
16 859 47
1 534 11
6 495 36
9 237 22
5 216 45
5 55 9
10 875 16
0 467 45
8 473 26
12 77 50
12 664 32
14 898 34
19 575 18
3 552 6
11 612 29
3 646 19
18 571 21
10 691 18
3 912 31
5 610 1
3 720 39
3 191 48
0 48 46
4 798 48
8 448 48
0 634 45
14 923 39
13 214 36
3 213 23
13 177 31
13 34 16
4 15 5
0 619 13
13 525 26
15 489 12
9 300 7
8 483 0
7 411 1
12 772 16
11 665 10
3 123 18
17 859 32
9 53 0
