20 20 1000 100
1073741824 1073741824
1073741824 1073741824
1073741824 1073741824
1073741824 1073741824
1073741824 1073741824
1073741824 1073741824
1073741824 1073741824
1073741824 1073741824
1073741824 1073741824
1073741824 1073741824
1073741824 1073741824
1073741824 1073741824
1073741824 1073741824
1073741824 1073741824
1073741824 1073741824
1073741824 1073741824
1073741824 1073741824
1073741824 1073741824
1073741824 1073741824
1073741824 1073741824
1073741824
1073741824
1073741824
1073741824
1073741824
1073741824
1073741824
1073741824
1073741824
1073741824
1073741824
1073741824
1073741824
1073741824
1073741824
1073741824
1073741824
1073741824
1073741824
1073741824
4178398708 1.5 5 3 14 17 11 18 5 
2821819889 1.5 5 2 12 6 8 11 16 
5707829810 1.5 4 3 6 19 12 10 
3826662396 1.5 5 2 5 17 0 13 1 
968860359 1.5 6 3 7 2 0 18 12 17 
2086065856 1.5 9 8 6 8 3 14 19 2 17 16 18 
1296573762 1.5 3 3 12 6 13 
5777710655 1.5 6 3 4 1 8 17 14 18 
1077609026 1.5 9 6 12 19 16 8 2 11 1 13 0 
9942139171 1.5 3 2 2 1 16 
1507126617 1.5 3 2 2 6 16 
3776684664 1.5 5 4 9 3 2 12 11 
1300613532 1.5 5 2 15 4 17 14 5 
2629129393 1.5 3 3 16 14 11 
9073060624 1.5 7 7 9 19 2 3 15 8 18 
2809590714 1.5 3 2 12 14 4 
10468372737 1.5 6 5 7 11 16 17 2 1 
3305396533 1.5 4 4 15 4 3 11 
165207844 1.5 9 9 1 17 10 0 5 8 11 3 6 
5867876219 1.5 8 5 1 5 13 15 3 2 0 4 
868023319 1.5 9 8 11 1 5 14 4 17 9 2 3 
8682796081 1.5 4 3 9 14 16 18 
6558772614 1.5 6 5 17 14 5 10 9 18 
1406052980 1.5 6 2 8 13 12 4 18 11 
5848475494 1.5 8 4 5 2 1 0 8 10 14 3 
8386352999 1.5 6 2 12 6 1 17 11 5 
3220681174 1.5 6 2 2 3 8 12 16 10 
5060421321 1.5 4 3 7 10 5 6 
1903299534 1.5 5 5 3 15 8 19 12 
5306913638 1.5 6 6 13 3 11 0 14 17 
86334743 1.5 4 3 19 10 4 7 
355184168 1.5 8 6 16 12 9 3 14 6 0 4 
632863744 1.5 5 5 19 4 18 5 10 
9435581867 1.5 4 4 9 2 16 14 
8441648575 1.5 9 9 8 14 9 5 12 0 3 4 16 
4130906477 1.5 8 8 14 2 10 11 17 1 19 15 
1292301983 1.5 6 2 3 13 8 12 5 0 
3846100269 1.5 3 3 8 6 11 
8674847555 1.5 3 3 16 10 9 
3319860062 1.5 6 6 4 9 16 3 13 18 
9088427764 1.5 4 3 2 18 11 14 
4999417635 1.5 6 2 17 0 19 6 5 9 
1103642684 1.5 3 3 17 7 8 
3532475500 1.5 9 6 10 3 15 12 18 13 0 8 1 
1781597882 1.5 4 3 15 17 0 18 
3234874219 1.5 5 4 14 15 1 10 18 
7317358548 1.5 9 2 11 7 4 5 12 15 17 1 3 
345812013 1.5 6 4 12 8 2 11 10 9 
5944015742 1.5 9 3 16 17 2 5 15 3 13 1 4 
6839088675 1.5 9 7 9 13 1 12 16 5 10 15 14 
10394168988 1.5 4 3 19 16 3 6 
5938233896 1.5 3 3 9 17 1 
1667906210 1.5 6 6 16 14 9 5 11 17 
9169063947 1.5 5 4 16 3 9 15 5 
6174537232 1.5 3 3 8 2 17 
5665195275 1.5 6 5 19 12 11 14 1 4 
2838211858 1.5 7 3 16 11 14 10 2 13 12 
3010117334 1.5 7 7 15 2 7 0 3 14 17 
2439536192 1.5 3 2 12 9 15 
1490767877 1.5 7 5 5 2 13 14 11 7 15 
4813905381 1.5 6 3 7 12 5 9 6 14 
4153098757 1.5 7 2 14 15 10 6 13 2 4 
9508048193 1.5 6 4 11 17 5 10 14 4 
2986325550 1.5 4 4 0 17 8 16 
6539138517 1.5 4 3 5 8 15 7 
8048229237 1.5 7 3 2 5 4 11 13 16 0 
932265060 1.5 3 2 10 7 19 
3728713209 1.5 3 3 14 11 19 
1136072182 1.5 7 6 15 4 14 6 19 11 16 
6601408047 1.5 6 3 13 4 10 5 18 3 
3331273372 1.5 3 2 16 2 18 
3140242262 1.5 3 2 8 0 1 
7454153965 1.5 5 5 8 14 2 5 15 
1036527148 1.5 4 2 1 15 14 4 
653131710 1.5 3 2 12 0 17 
2704228626 1.5 5 5 1 9 0 19 2 
778570884 1.5 8 6 3 15 1 2 9 14 17 7 
850502146 1.5 6 5 4 7 5 8 18 6 
505151407 1.5 6 4 0 9 8 1 7 14 
8982394323 1.5 9 9 14 2 0 6 4 11 8 19 5 
7517449268 1.5 9 3 8 4 19 18 17 15 7 14 10 
6771734715 1.5 4 3 2 7 16 1 
7543285315 1.5 5 4 17 6 13 12 9 
5958895191 1.5 5 4 5 1 4 16 2 
9611565900 1.5 3 3 15 17 3 
10090768672 1.5 7 5 13 16 6 9 14 4 5 
4606821283 1.5 7 2 17 11 1 8 7 6 18 
1228650741 1.5 6 5 9 7 14 5 3 12 
5146994068 1.5 6 2 19 17 5 2 9 7 
7004453156 1.5 7 2 6 18 10 1 14 16 17 
6571081310 1.5 8 7 8 13 0 14 6 9 5 4 
2055988693 1.5 7 3 4 18 9 3 6 0 7 
3424383988 1.5 6 5 10 5 14 11 15 16 
2630203512 1.5 5 3 17 14 8 15 12 
1834885406 1.5 8 6 4 0 13 3 1 5 19 18 
8449169355 1.5 4 2 18 4 0 1 
7897155903 1.5 7 4 10 9 4 2 14 5 0 
1532371131 1.5 8 4 12 19 13 18 7 17 4 15 
2557899691 1.5 4 3 3 8 0 18 
1917456079 1.5 9 5 18 7 17 15 14 6 11 5 0 
8830532002 1.5 4 4 16 18 19 15 
5428300098 1.5 6 4 1 6 16 13 19 10 
239989545 1.5 8 5 6 5 10 16 7 0 14 11 
5999602306 1.5 3 2 7 16 3 
2899216009 1.5 6 2 7 6 12 19 18 8 
8682388902 1.5 4 4 17 9 16 13 
10024169343 1.5 9 6 19 11 5 9 6 14 3 1 2 
10576508899 1.5 8 3 13 15 8 10 1 18 3 16 
3685633441 1.5 6 4 0 18 11 15 12 8 
9436134686 1.5 6 5 13 15 6 11 17 3 
1205451149 1.5 7 2 19 13 18 0 12 8 10 
1640445557 1.5 9 4 2 6 13 11 4 1 8 7 14 
6192152097 1.5 7 2 2 0 17 12 9 15 5 
10086699036 1.5 8 4 5 4 0 15 13 2 9 18 
9092341573 1.5 7 3 13 16 8 1 9 7 15 
8081514264 1.5 6 4 1 19 7 11 10 9 
7231053926 1.5 9 4 17 1 16 4 10 0 6 2 18 
3512718247 1.5 4 2 17 18 1 4 
5503666603 1.5 7 4 11 3 13 16 8 19 10 
1425108891 1.5 8 5 12 15 11 14 1 19 10 2 
7848026781 1.5 9 5 10 19 6 11 8 1 2 0 3 
10363172066 1.5 5 3 16 7 1 12 15 
1401855347 1.5 6 4 4 5 8 7 3 1 
6411818379 1.5 3 2 8 17 7 
4186661137 1.5 8 8 17 15 10 3 5 0 2 11 
8359045611 1.5 5 5 16 10 0 18 13 
4026472138 1.5 9 9 18 13 19 5 8 10 9 7 6 
5041513110 1.5 8 3 6 3 14 19 8 2 18 9 
873141169 1.5 3 3 18 12 9 
1809874703 1.5 9 2 15 4 7 11 18 14 10 3 13 
4807109832 1.5 3 3 17 11 7 
8959991532 1.5 6 6 19 17 4 13 15 16 
2191038506 1.5 3 3 19 4 9 
4103623834 1.5 5 3 10 1 13 17 18 
6927854475 1.5 3 3 4 8 6 
3126231504 1.5 3 2 18 8 9 
10505540449 1.5 3 3 14 12 17 
9930562055 1.5 5 5 9 6 10 7 15 
8538183084 1.5 7 4 3 4 5 11 2 1 0 
4552908886 1.5 9 2 11 14 1 15 18 6 5 2 16 
447889208 1.5 6 3 15 11 17 8 7 0 
3780092229 1.5 4 3 10 3 12 7 
10152703058 1.5 3 3 15 12 17 
10433120870 1.5 8 2 19 2 0 7 17 15 11 1 
3890323595 1.5 4 2 9 11 14 1 
6936870393 1.5 5 4 19 14 17 2 4 
8555440344 1.5 6 5 14 13 15 9 5 11 
2043458732 1.5 8 5 10 11 5 16 12 3 0 18 
5519685285 1.5 3 2 4 10 1 
217791833 1.5 3 2 7 11 17 
7510692281 1.5 7 3 11 5 0 9 19 12 16 
8757244433 1.5 4 3 0 1 9 8 
10574772264 1.5 5 5 12 4 18 19 11 
4961656201 1.5 6 5 9 3 11 0 18 16 
5105279952 1.5 9 7 12 7 3 14 15 4 5 11 9 
7168118749 1.5 6 4 17 5 10 1 11 9 
7354441642 1.5 7 3 17 7 9 19 15 6 18 
3926650034 1.5 5 3 9 5 11 13 10 
2817885546 1.5 8 6 17 13 6 16 12 4 2 5 
2129771996 1.5 6 3 15 6 16 12 2 7 
7098736660 1.5 4 3 13 2 4 3 
5337319793 1.5 9 9 6 10 1 0 18 14 12 19 13 
4698134150 1.5 3 2 15 9 8 
750248376 1.5 9 7 0 12 2 13 10 7 8 6 4 
6347062582 1.5 8 8 8 5 14 7 4 6 9 2 
1753679501 1.5 9 9 11 7 8 13 17 14 0 2 1 
3115128164 1.5 4 2 16 19 1 18 
8668569558 1.5 6 5 16 10 18 6 19 14 
7654204821 1.5 3 3 10 17 2 
6891988130 1.5 8 5 19 5 7 3 18 4 6 1 
1171953068 1.5 6 5 15 9 18 10 12 7 
8074066435 1.5 4 4 16 5 18 14 
94582921 1.5 4 4 0 5 12 1 
1795706331 1.5 8 6 10 5 18 14 17 11 12 15 
7800790233 1.5 3 2 17 15 2 
6868113171 1.5 5 2 1 14 0 3 9 
5036361887 1.5 4 4 19 11 6 5 
2678390974 1.5 6 3 9 4 19 6 7 1 
4387261939 1.5 9 9 5 18 16 12 2 10 6 11 8 
2606534890 1.5 8 4 18 3 13 0 2 12 7 10 
9401504693 1.5 6 3 14 13 3 15 5 1 
5708717165 1.5 7 5 18 15 0 11 3 5 6 
2475679689 1.5 7 7 4 10 0 8 15 19 12 
2235016856 1.5 6 3 13 3 17 12 4 7 
8148605720 1.5 4 3 18 14 3 15 
7591928938 1.5 6 5 5 14 13 4 11 15 
9356328325 1.5 3 2 14 3 9 
4284451445 1.5 3 2 1 7 15 
9442986248 1.5 7 4 4 7 5 6 14 12 19 
7803285747 1.5 5 2 9 15 0 14 3 
9737816547 1.5 7 3 3 19 8 2 5 15 10 
614474989 1.5 5 3 5 6 10 9 3 
7582402078 1.5 4 3 7 12 10 4 
6819144205 1.5 3 2 9 7 2 
9214011144 1.5 4 2 17 6 8 9 
6079734780 1.5 9 7 14 13 2 8 6 10 19 7 12 
5778759858 1.5 7 2 9 18 11 12 15 16 1 
9478943794 1.5 6 5 5 3 1 14 13 16 
7310285620 1.5 7 7 15 12 7 19 4 2 14 
5538219740 1.5 8 7 8 16 15 12 9 6 18 0 
2948501947 1.5 7 3 3 13 14 4 19 18 1 
7879874595 1.5 8 8 1 3 4 11 0 15 9 18 
4004964759 1.5 8 8 14 4 3 9 13 15 11 16 
10707545638 1.5 9 7 9 16 12 1 8 11 2 13 18 
3317612288 1.5 7 3 13 19 16 0 9 7 8 
10126152959 1.5 5 4 15 5 19 4 2 
1505903442 1.5 9 7 2 6 4 9 7 19 11 3 10 
8191077248 1.5 3 2 8 10 14 
634848870 1.5 8 2 2 11 13 8 4 3 10 15 
9882833950 1.5 8 3 4 5 14 9 2 17 19 10 
3733936094 1.5 9 4 6 7 19 1 8 3 12 5 17 
4724347358 1.5 3 2 5 3 0 
5453027616 1.5 8 2 3 13 1 18 14 12 19 16 
3807547783 1.5 5 2 9 2 11 18 17 
4038567931 1.5 5 5 6 16 3 7 17 
8294446070 1.5 5 2 19 0 18 15 8 
6052780097 1.5 5 5 16 6 5 12 15 
2350172566 1.5 5 5 18 1 10 14 16 
10305448578 1.5 8 8 9 2 15 16 4 1 12 11 
9915106264 1.5 4 2 18 0 4 14 
2708268782 1.5 5 2 0 13 14 3 11 
2712149376 1.5 4 2 5 17 1 13 
149454812 1.5 8 4 2 5 14 3 11 18 10 6 
3991151955 1.5 9 4 19 1 14 9 10 13 17 0 11 
2484713782 1.5 6 6 3 4 5 19 12 14 
7636244495 1.5 9 3 5 10 15 1 4 7 6 9 12 
7691236082 1.5 4 3 2 4 15 6 
3392245836 1.5 6 2 7 13 2 0 1 11 
1136440530 1.5 4 3 6 12 7 14 
842179047 1.5 3 3 10 6 9 
7795785153 1.5 5 4 0 3 7 9 10 
461492318 1.5 8 3 13 18 8 10 17 1 0 9 
8959012217 1.5 8 4 15 9 14 1 6 2 16 10 
6049760624 1.5 6 2 16 14 3 4 8 7 
1770963304 1.5 4 3 9 4 7 2 
7662678607 1.5 4 4 3 19 9 1 
10086267528 1.5 8 6 8 11 17 10 6 18 1 4 
971549077 1.5 7 4 17 4 3 9 6 11 12 
1293643201 1.5 3 2 8 9 13 
577119506 1.5 6 2 15 2 7 4 9 16 
2358919222 1.5 6 3 17 1 4 14 11 15 
8369555412 1.5 5 3 10 5 1 15 3 
9258134274 1.5 4 4 7 12 13 1 
8458501199 1.5 7 5 1 7 17 13 14 12 19 
8081906496 1.5 6 2 1 6 9 16 13 8 
1748032466 1.5 6 5 8 3 5 6 10 16 
4775219151 1.5 5 3 10 18 17 16 7 
6435906953 1.5 5 5 15 1 5 17 3 
3452527817 1.5 9 4 13 15 7 16 10 18 2 5 12 
4299175771 1.5 6 4 9 2 17 18 15 12 
930143122 1.5 7 6 4 11 8 12 10 1 3 
1541917055 1.5 9 4 15 7 4 6 11 5 12 18 1 
8889839314 1.5 9 7 13 17 7 4 10 9 16 15 1 
1480554791 1.5 9 8 16 9 18 15 1 10 11 0 13 
6104751634 1.5 7 5 4 19 12 0 2 18 15 
7245854694 1.5 7 4 0 15 3 5 19 2 12 
473087370 1.5 4 4 15 1 16 18 
4719742073 1.5 5 3 1 10 8 15 18 
9179423580 1.5 3 2 14 10 12 
2127518042 1.5 4 3 15 2 0 11 
1412843723 1.5 5 4 17 8 18 0 14 
8286168739 1.5 6 5 7 14 1 17 9 2 
6836087918 1.5 7 7 18 17 3 1 2 7 13 
8557225 1.5 4 3 17 8 2 15 
3352934767 1.5 8 6 12 5 13 8 14 17 2 3 
5470623480 1.5 5 5 17 14 18 10 16 
801220953 1.5 8 2 16 12 9 19 7 3 15 8 
6195289479 1.5 6 6 12 2 11 6 19 0 
2421798240 1.5 3 2 9 12 11 
3749215665 1.5 7 6 4 15 3 10 7 16 11 
3930035216 1.5 5 4 0 12 13 6 17 
5389487094 1.5 7 4 7 8 18 11 12 6 1 
9152916524 1.5 4 4 8 13 10 6 
4107489150 1.5 5 5 12 4 19 13 3 
7595636469 1.5 4 2 11 0 19 12 
7277229386 1.5 3 3 16 15 4 
8567655082 1.5 3 3 10 5 2 
2388327185 1.5 3 3 12 6 16 
7345625718 1.5 3 2 0 19 12 
9237136822 1.5 3 2 10 4 2 
3148515276 1.5 4 2 19 4 15 17 
7336136512 1.5 6 5 8 18 9 4 17 1 
6604901947 1.5 5 4 16 2 15 17 18 
6863011653 1.5 7 2 2 1 7 12 13 8 0 
10682601713 1.5 3 2 11 16 18 
4001351610 1.5 3 3 5 18 10 
2669574703 1.5 3 2 11 0 7 
1187344587 1.5 7 2 1 15 11 0 9 13 7 
7369598075 1.5 8 4 2 11 19 0 13 14 17 18 
7735105188 1.5 3 3 12 1 13 
9342037757 1.5 4 3 5 14 9 12 
8843310697 1.5 3 2 8 5 2 
7676803455 1.5 9 8 16 4 7 17 5 14 13 10 1 
5122815893 1.5 3 3 1 12 17 
6772897461 1.5 3 3 13 15 6 
651415516 1.5 5 5 9 0 15 3 18 
5418473324 1.5 9 5 15 18 16 10 14 3 0 2 19 
3352134608 1.5 5 4 6 14 4 16 15 
3897722504 1.5 9 8 16 6 11 19 3 15 5 10 9 
6883229593 1.5 3 3 16 1 14 
8793170669 1.5 6 6 12 10 13 17 11 18 
9749621654 1.5 4 4 12 13 1 5 
9312624743 1.5 8 8 10 12 18 11 14 1 13 15 
5006362027 1.5 9 5 11 8 12 17 13 7 1 6 16 
6464441114 1.5 3 3 2 18 17 
4032129649 1.5 3 2 14 16 7 
5466870476 1.5 6 5 5 11 15 16 1 4 
1621252606 1.5 3 2 4 11 10 
8498059461 1.5 3 2 0 13 4 
10542905521 1.5 3 2 3 15 12 
3911424113 1.5 8 5 17 10 19 16 8 13 11 5 
5606442246 1.5 8 8 9 4 7 8 13 19 17 1 
8488285677 1.5 3 2 6 3 8 
5552981637 1.5 5 4 13 6 4 9 19 
44559215 1.5 7 6 13 6 2 0 4 10 5 
6353564098 1.5 4 3 16 2 13 11 
10112097433 1.5 4 2 18 10 9 5 
6780947698 1.5 3 3 11 18 12 
1482918543 1.5 5 2 17 10 13 11 4 
10498727103 1.5 9 5 12 14 1 9 3 8 18 13 2 
1844678496 1.5 8 3 17 13 18 8 6 15 5 9 
4089850530 1.5 9 5 14 6 17 1 18 13 19 4 11 
3165200965 1.5 9 3 15 1 18 4 17 12 9 6 3 
2580951050 1.5 7 5 14 16 6 15 11 17 0 
2759695985 1.5 7 7 4 13 9 0 12 19 16 
6094755041 1.5 8 3 3 15 9 13 17 12 16 19 
3772394902 1.5 4 3 18 2 10 13 
5821357379 1.5 7 3 13 15 2 12 6 11 16 
8070172542 1.5 6 5 19 13 0 16 4 14 
9169862738 1.5 8 4 18 11 6 19 15 3 10 1 
953404052 1.5 7 6 15 5 16 11 4 10 12 
1520450966 1.5 7 6 8 9 16 14 15 17 4 
10417792674 1.5 8 2 12 14 7 8 19 1 6 18 
4530380379 1.5 3 2 5 8 19 
7130894481 1.5 6 5 15 4 2 12 18 3 
946136588 1.5 6 3 17 0 4 3 6 1 
7416587753 1.5 5 5 5 12 17 19 3 
4373464501 1.5 6 4 10 6 14 15 3 9 
3559339709 1.5 8 3 17 10 3 4 6 12 2 13 
8910045053 1.5 4 2 18 5 14 0 
3515802399 1.5 4 3 10 12 14 6 
10594967197 1.5 8 5 12 7 5 15 4 11 18 0 
2008454479 1.5 7 4 4 8 5 7 13 12 17 
7682032820 1.5 5 5 18 14 4 2 5 
2662959825 1.5 7 6 11 7 8 15 3 4 17 
2728550244 1.5 3 3 14 10 7 
484107606 1.5 6 4 11 18 10 17 6 8 
4799726818 1.5 9 6 10 8 1 4 7 6 18 2 9 
2745493516 1.5 4 3 18 4 0 17 
3623648150 1.5 4 2 4 15 18 19 
9683576352 1.5 4 4 2 12 11 14 
3101896427 1.5 6 5 17 3 18 15 8 5 
176802737 1.5 4 4 18 6 11 4 
5205546753 1.5 9 6 18 19 13 15 16 12 8 5 2 
1910110303 1.5 3 2 14 11 10 
5244448878 1.5 5 3 6 11 12 15 8 
2053844862 1.5 8 2 16 2 3 7 9 4 15 18 
4439358002 1.5 8 4 7 9 19 13 12 18 17 16 
1469764508 1.5 6 2 1 6 3 13 12 18 
4617249727 1.5 7 3 4 5 2 14 13 11 6 
2068504898 1.5 6 6 14 17 18 11 3 5 
7466100654 1.5 9 6 5 15 9 2 6 19 14 4 8 
8092921376 1.5 8 3 15 4 9 2 7 6 3 5 
3579753278 1.5 3 3 19 16 18 
8797999187 1.5 8 4 2 10 19 7 0 18 5 15 
6235508675 1.5 6 4 13 15 3 5 10 18 
8887845589 1.5 6 3 0 6 12 17 5 19 
3961349850 1.5 5 5 18 11 1 3 4 
875396539 1.5 9 7 3 5 19 13 14 12 7 1 2 
2867146737 1.5 3 3 10 13 4 
8410875859 1.5 7 2 9 10 5 2 6 17 0 
9005805589 1.5 6 4 7 9 4 16 10 3 
10574786051 1.5 6 3 6 5 11 16 8 0 
2665992385 1.5 9 3 1 17 16 18 2 5 13 6 8 
689025447 1.5 5 3 2 7 5 3 19 
248405150 1.5 4 4 12 9 7 17 
9642583268 1.5 3 3 10 1 2 
7170294310 1.5 9 6 11 17 0 4 18 16 8 6 15 
6062068444 1.5 4 3 12 3 4 16 
9202458828 1.5 7 7 16 17 18 19 2 15 4 
3037495341 1.5 4 3 12 19 1 5 
10348553831 1.5 3 2 15 10 2 
1020483167 1.5 5 3 9 14 16 19 6 
8911877939 1.5 6 6 1 11 0 19 18 16 
2706232877 1.5 8 3 2 17 15 14 9 6 4 12 
338380515 1.5 5 5 10 15 9 0 4 
6875302585 1.5 6 3 9 4 19 3 18 0 
5917435145 1.5 7 4 6 11 13 5 3 15 8 
6741213855 1.5 6 2 5 8 18 2 7 12 
827495031 1.5 6 6 3 0 7 17 6 13 
4992611818 1.5 9 6 9 15 17 0 18 6 14 3 1 
9859728237 1.5 3 2 15 9 2 
1327594440 1.5 9 9 18 7 15 4 3 13 19 16 14 
10703704320 1.5 9 4 17 18 5 0 7 9 15 19 16 
3019160477 1.5 9 5 16 18 11 4 6 12 3 19 13 
5595482729 1.5 9 6 10 11 8 7 17 18 2 4 16 
9502098540 1.5 6 3 10 19 8 6 2 3 
9275674504 1.5 3 2 15 16 10 
8822119346 1.5 3 2 4 7 15 
9921917111 1.5 8 3 3 17 18 2 19 6 4 9 
7942424131 1.5 6 4 13 1 10 16 2 5 
3928448719 1.5 4 2 0 17 12 10 
8747061218 1.5 3 3 5 19 16 
6922642291 1.5 3 3 18 15 16 
1798547237 1.5 9 3 8 13 6 4 1 0 12 11 10 
1740265472 1.5 9 3 13 6 4 8 15 5 9 3 14 
10554950398 1.5 3 3 17 7 9 
7295495000 1.5 9 8 11 4 5 18 16 3 1 15 17 
10718223783 1.5 9 3 15 19 7 3 1 18 6 12 4 
6691199324 1.5 3 3 5 0 1 
4021772248 1.5 6 4 14 3 4 10 0 13 
8944555181 1.5 4 2 6 15 16 8 
5831724664 1.5 7 3 19 8 9 7 3 12 18 
1558895910 1.5 9 6 4 19 9 11 1 10 6 5 7 
10555907778 1.5 9 3 17 14 6 13 15 7 19 12 8 
9602861008 1.5 3 2 9 10 15 
4472029131 1.5 7 4 8 12 17 11 6 9 5 
9714295443 1.5 9 8 14 13 3 4 1 11 17 7 18 
1013302594 1.5 8 8 11 18 19 12 4 15 0 5 
3280451901 1.5 4 2 11 6 7 16 
922252618 1.5 7 7 1 3 7 12 16 15 10 
1454227619 1.5 7 5 11 13 3 19 17 12 10 
8165190462 1.5 4 3 13 7 5 8 
4337738701 1.5 6 5 14 3 2 13 0 17 
9005363563 1.5 5 4 1 4 13 8 2 
204815190 1.5 5 2 13 19 0 8 2 
1472144051 1.5 6 6 5 2 11 13 19 3 
5508100924 1.5 5 3 18 19 16 10 5 
5328282379 1.5 5 3 18 11 13 6 15 
6779682019 1.5 8 6 16 19 5 7 13 18 12 0 
2312513210 1.5 3 3 7 3 16 
9871222293 1.5 6 4 4 5 18 6 19 9 
5620764633 1.5 9 5 0 18 8 2 10 4 19 17 7 
477771292 1.5 8 5 2 10 1 14 19 15 12 9 
2590173747 1.5 8 3 19 17 15 10 8 16 3 5 
5818375926 1.5 3 2 15 2 10 
7025163672 1.5 5 3 9 0 14 17 4 
4326945974 1.5 9 4 4 17 7 6 9 3 10 11 2 
6855593820 1.5 9 7 9 6 16 19 3 1 15 0 4 
8352967655 1.5 9 7 12 2 6 0 8 7 17 14 15 
2505786703 1.5 5 5 14 5 4 15 2 
10160899073 1.5 8 6 1 11 13 7 16 8 18 4 
2709426817 1.5 4 3 12 4 17 8 
6615053943 1.5 7 6 12 14 0 2 3 15 13 
8486790229 1.5 5 4 16 11 12 15 6 
3443276724 1.5 6 6 17 13 9 6 0 5 
8765961883 1.5 4 3 16 19 13 0 
6517642684 1.5 6 5 15 9 5 0 3 13 
8331818904 1.5 4 2 13 10 16 17 
2304195181 1.5 6 6 5 11 10 18 16 7 
3668129393 1.5 8 3 10 1 4 5 3 6 7 11 
8455879853 1.5 8 3 2 0 15 17 5 1 3 13 
10590159096 1.5 3 2 17 18 5 
8558542018 1.5 9 4 14 15 7 10 2 18 8 19 1 
117881552 1.5 4 4 9 10 1 8 
310698634 1.5 4 2 7 10 6 2 
174534065 1.5 7 7 18 6 0 15 12 16 9 
227867032 1.5 8 6 8 14 13 0 1 5 15 10 
1018639598 1.5 6 6 15 18 5 8 10 19 
9833102886 1.5 5 4 17 10 0 3 19 
8708164628 1.5 5 3 16 17 9 1 3 
2983243138 1.5 9 8 16 8 0 10 5 4 11 18 3 
3709763916 1.5 4 2 12 17 6 1 
9654208175 1.5 4 4 10 9 3 13 
698102320 1.5 4 3 3 5 17 18 
9659819311 1.5 6 6 16 9 3 4 14 18 
67172663 1.5 9 7 15 8 5 14 9 10 6 4 2 
5311096205 1.5 6 3 15 0 1 10 8 2 
1751506585 1.5 9 6 2 13 5 7 8 17 0 9 1 
563328634 1.5 9 5 14 0 3 1 10 11 19 5 4 
3255271063 1.5 4 3 7 14 9 11 
3939625007 1.5 8 4 12 19 16 10 2 13 8 18 
3126435708 1.5 3 2 14 19 6 
5848666807 1.5 9 5 7 19 18 13 10 3 2 9 16 
82939228 1.5 7 7 9 19 13 18 6 16 17 
3441061757 1.5 9 9 6 7 11 12 17 4 14 19 0 
4785085331 1.5 3 3 7 1 8 
4417948572 1.5 7 3 11 16 19 17 2 4 18 
5589067287 1.5 6 4 6 13 3 18 1 4 
3995901939 1.5 8 2 14 17 16 18 2 7 12 1 
9403726357 1.5 6 4 14 17 6 9 2 18 
7682364143 1.5 5 4 11 16 18 13 6 
6904491310 1.5 7 4 11 9 15 0 18 10 7 
7311138019 1.5 4 3 6 19 0 1 
6087687254 1.5 9 9 8 1 15 9 6 3 4 11 10 
10667718928 1.5 7 7 18 5 12 6 17 7 9 
3600678838 1.5 5 3 4 3 9 11 16 
593128685 1.5 4 3 1 4 10 16 
2147100577 1.5 7 5 9 2 18 1 6 12 14 
1860523616 1.5 4 4 18 19 14 7 
3313616534 1.5 4 4 19 1 4 10 
5163961383 1.5 7 7 9 19 8 10 18 6 5 
59098863 1.5 7 6 8 7 6 2 17 12 9 
10113572525 1.5 9 3 14 1 9 7 5 11 18 15 3 
8180891442 1.5 5 4 0 18 14 12 5 
10008215345 1.5 9 4 18 5 19 1 0 6 17 16 14 
8974322647 1.5 4 4 9 14 3 19 
313112347 1.5 9 6 12 11 3 2 5 7 16 15 13 
3381187572 1.5 4 4 3 15 10 1 
878330371 1.5 4 2 16 11 0 6 
2629841131 1.5 8 8 5 19 6 9 10 7 16 11 
6112922250 1.5 9 4 13 14 12 8 4 0 10 2 1 
9813175740 1.5 7 7 18 3 0 5 10 14 13 
7231328335 1.5 3 3 4 7 11 
8960751107 1.5 5 4 9 6 16 5 13 
7447095179 1.5 8 7 1 18 6 3 4 9 15 12 
910897882 1.5 3 2 4 9 11 
7503008250 1.5 6 3 9 18 13 16 4 11 
3816905396 1.5 8 6 7 5 1 13 3 0 19 15 
1189016438 1.5 7 5 2 13 3 14 12 0 16 
1481687346 1.5 7 4 6 17 10 3 16 0 4 
2339616501 1.5 9 9 7 8 18 14 9 4 17 12 0 
3960013073 1.5 3 3 6 13 4 
4890860560 1.5 9 4 6 1 14 5 11 10 3 0 17 
9134728935 1.5 6 2 3 5 16 4 6 9 
3568652082 1.5 8 8 18 16 0 6 4 1 10 3 
1031636537 1.5 8 8 4 11 7 16 3 0 10 18 
9541182327 1.5 6 2 2 14 19 10 11 13 
2696749372 1.5 4 2 15 4 12 10 
10250368013 1.5 5 4 5 19 10 7 0 
7738612263 1.5 6 5 11 9 1 0 18 15 
1141238553 1.5 4 3 6 1 4 7 
10050612736 1.5 8 4 12 4 9 14 6 11 19 1 
7506206983 1.5 4 2 8 14 19 4 
7443603256 1.5 9 3 6 12 1 0 8 4 14 7 11 
5199699410 1.5 7 3 2 1 10 8 11 18 5 
4062862268 1.5 7 5 7 12 4 5 2 1 3 
8533531683 1.5 7 7 1 19 2 6 13 12 3 
3273169098 1.5 6 6 5 2 6 10 0 1 
4153664498 1.5 8 5 0 9 17 14 2 19 11 4 
1796379306 1.5 9 3 12 0 6 1 17 15 13 9 4 
864675307 1.5 8 2 9 13 4 6 12 18 0 17 
6414588470 1.5 5 2 13 8 16 6 5 
5630281051 1.5 4 2 18 2 15 7 
2312264797 1.5 8 7 15 16 8 0 4 10 14 9 
7351559707 1.5 5 4 10 0 9 1 5 
8074657905 1.5 3 3 17 7 15 
4953564659 1.5 4 4 12 11 13 0 
5552168388 1.5 3 2 11 15 5 
7811481396 1.5 6 4 10 8 18 14 9 13 
5132347512 1.5 3 3 6 16 12 
7515358014 1.5 9 4 3 4 17 1 19 18 14 9 8 
8037582457 1.5 9 5 8 5 3 12 17 6 19 16 13 
4666361659 1.5 5 3 11 6 19 13 16 
2604053843 1.5 8 7 7 19 3 18 15 10 14 16 
3964928766 1.5 3 3 6 14 16 
5097815099 1.5 6 2 8 12 1 7 6 0 
5454203871 1.5 4 2 9 1 13 11 
5666154750 1.5 5 5 14 6 2 10 15 
6358156364 1.5 3 2 3 8 0 
2394403554 1.5 3 3 9 16 17 
6925979292 1.5 4 2 5 9 16 17 
9263914269 1.5 4 3 5 16 3 9 
10365469640 1.5 5 5 3 10 8 4 0 
8334886025 1.5 7 6 9 8 12 17 6 0 4 
6597535865 1.5 7 4 13 8 9 17 19 10 12 
9448197483 1.5 8 4 15 2 5 7 12 14 8 16 
9921596941 1.5 3 3 9 4 18 
3702540279 1.5 6 3 4 3 13 6 17 16 
202991445 1.5 5 5 13 14 11 17 8 
48701421 1.5 7 4 10 13 18 11 16 17 3 
4906734744 1.5 4 4 16 12 2 5 
5506146435 1.5 9 5 4 1 13 16 14 3 12 18 5 
6059281030 1.5 9 7 19 1 13 15 8 18 16 6 17 
8776576506 1.5 5 2 5 7 12 11 9 
2108852320 1.5 3 2 16 12 11 
7550646877 1.5 7 3 12 1 6 10 4 9 18 
8149015572 1.5 3 2 11 6 0 
7490047277 1.5 7 3 3 13 8 17 5 12 10 
5256810679 1.5 8 4 16 14 13 9 17 10 1 2 
5115171871 1.5 7 7 16 1 12 11 0 19 17 
3009306081 1.5 7 5 8 3 15 16 1 12 10 
437956678 1.5 9 9 16 17 8 10 14 6 3 12 0 
8430948286 1.5 9 7 12 19 5 9 10 13 0 7 8 
2767763525 1.5 8 3 13 0 6 3 9 12 14 2 
3096064021 1.5 6 2 10 8 1 9 5 14 
9873818685 1.5 6 4 6 8 10 12 3 9 
7075402312 1.5 4 3 16 11 8 0 
709966972 1.5 6 2 15 17 13 1 14 12 
5739443611 1.5 6 5 4 15 19 12 8 0 
1546193850 1.5 4 2 8 16 17 6 
4055526033 1.5 7 6 17 19 6 14 18 2 11 
6484392306 1.5 7 3 3 19 8 0 6 17 14 
9548904719 1.5 5 5 0 10 16 6 1 
1880722998 1.5 9 6 17 1 5 13 10 6 18 16 0 
5623840054 1.5 5 4 10 1 18 9 5 
288916880 1.5 4 2 2 18 11 6 
8403403246 1.5 5 3 12 19 11 5 0 
2189571579 1.5 6 5 16 8 5 6 1 7 
1831987842 1.5 5 5 17 13 9 8 18 
842761349 1.5 6 3 12 19 18 10 11 5 
6485444868 1.5 3 3 11 2 3 
1729607149 1.5 6 4 16 9 6 10 15 17 
1351414539 1.5 8 6 8 1 6 15 2 13 5 11 
5513831927 1.5 4 3 19 12 8 2 
2619082191 1.5 8 7 18 5 13 12 10 17 3 4 
6715427048 1.5 5 2 0 16 8 5 9 
7533495860 1.5 5 5 6 10 17 14 12 
9300191246 1.5 6 5 17 10 9 8 13 19 
2266831705 1.5 5 4 10 5 18 9 14 
8640397983 1.5 8 4 9 18 6 5 2 0 12 1 
2533917965 1.5 9 7 18 1 5 19 11 6 4 10 8 
1812265030 1.5 5 4 18 4 2 14 10 
7419169348 1.5 9 9 14 6 1 5 7 2 17 19 10 
2782944376 1.5 7 2 1 4 18 9 3 11 16 
5693527135 1.5 3 3 19 17 5 
4969903505 1.5 3 2 8 15 0 
8820051259 1.5 5 3 12 10 9 7 17 
6681877894 1.5 4 4 14 8 9 16 
6932157707 1.5 9 2 7 2 11 8 18 19 13 10 15 
759901577 1.5 8 2 3 17 19 15 4 16 9 6 
10545322876 1.5 3 2 19 5 8 
8727662654 1.5 7 5 15 7 5 4 1 11 13 
1520975495 1.5 6 2 2 1 5 6 14 19 
4901943956 1.5 7 6 6 8 9 11 4 17 10 
9023389495 1.5 6 5 12 7 9 11 5 17 
522535460 1.5 4 3 17 0 7 16 
2177434631 1.5 7 6 10 15 3 0 18 17 4 
5549065646 1.5 6 3 16 2 15 18 3 14 
10020834877 1.5 7 6 8 12 0 1 9 4 19 
483741505 1.5 8 8 4 1 17 13 5 10 3 7 
1232153180 1.5 9 2 6 10 1 17 3 4 0 12 19 
5770789963 1.5 7 3 1 4 16 17 0 3 13 
7997349925 1.5 6 6 8 19 17 14 16 3 
5798509435 1.5 5 3 6 8 3 11 13 
2442321376 1.5 3 3 0 12 9 
8541079251 1.5 9 8 7 8 16 9 19 17 10 1 12 
8175469753 1.5 6 3 19 13 17 16 5 11 
888899054 1.5 9 3 15 18 4 0 9 12 5 3 10 
4623157446 1.5 9 3 2 3 12 11 18 4 7 5 1 
9434632076 1.5 7 3 17 2 18 3 4 10 12 
1991787734 1.5 3 2 16 11 1 
9358340553 1.5 8 7 16 13 17 4 15 0 1 19 
5946946358 1.5 7 6 9 18 1 0 15 10 19 
7889387542 1.5 6 5 5 14 19 12 6 9 
684712491 1.5 8 6 16 15 10 18 0 12 5 2 
6648644817 1.5 5 3 3 14 8 7 1 
6826309818 1.5 9 9 7 17 2 6 13 1 18 10 11 
10392129363 1.5 6 2 4 0 12 8 17 7 
6289909397 1.5 7 6 5 11 18 1 7 12 4 
5915835000 1.5 8 5 6 7 15 12 11 5 17 3 
799689738 1.5 3 2 0 1 12 
2175009078 1.5 8 6 3 4 18 0 8 11 15 7 
4679230997 1.5 5 4 17 7 8 13 15 
1783440702 1.5 9 4 10 16 6 17 2 18 9 11 5 
6149517912 1.5 5 2 6 9 2 16 17 
2866407522 1.5 6 6 3 18 6 19 9 14 
7756355093 1.5 6 2 14 2 0 18 17 8 
10602674970 1.5 9 6 13 2 12 9 6 15 11 1 7 
7143016173 1.5 7 6 15 10 8 6 13 0 9 
4991109126 1.5 7 4 14 5 9 2 6 1 8 
8126514128 1.5 6 6 11 9 14 3 15 6 
8217906539 1.5 3 3 9 6 0 
7842364689 1.5 6 6 14 15 11 18 9 19 
7938229085 1.5 3 2 16 15 14 
5354520935 1.5 4 3 2 19 16 15 
1656418262 1.5 4 3 3 1 16 7 
5815855521 1.5 7 5 11 10 0 18 5 17 6 
154070133 1.5 4 4 19 13 1 14 
1740727189 1.5 9 7 19 4 10 12 2 15 14 3 18 
1361811696 1.5 3 2 5 3 15 
9749387891 1.5 3 3 10 18 6 
110671442 1.5 9 5 4 12 9 6 8 0 15 7 16 
2584434039 1.5 8 6 8 10 11 15 14 18 17 0 
8650176357 1.5 8 6 13 1 8 18 7 4 2 6 
9935001517 1.5 9 9 0 19 10 8 14 6 18 13 7 
5362202749 1.5 7 2 17 16 3 15 4 10 11 
2911020868 1.5 3 3 16 1 14 
3976648419 1.5 4 2 9 16 15 8 
3192810462 1.5 8 4 14 7 4 3 6 15 5 12 
6754782114 1.5 5 2 10 8 9 5 14 
8842194952 1.5 6 5 6 10 18 12 16 14 
8735571231 1.5 8 3 5 4 7 15 1 17 10 19 
9682559760 1.5 3 3 16 5 0 
7881476910 1.5 8 6 3 1 6 9 16 5 10 14 
1153956966 1.5 9 9 17 9 3 12 6 15 0 19 14 
1991193391 1.5 6 4 16 1 4 19 15 10 
785761615 1.5 8 5 5 16 14 15 6 17 19 0 
5689438453 1.5 4 4 5 1 6 16 
6979773171 1.5 7 3 1 7 10 6 15 3 4 
983700950 1.5 3 3 10 1 8 
3603489443 1.5 6 4 6 14 8 13 18 7 
7168165408 1.5 9 8 6 16 5 1 8 14 17 12 11 
2717641750 1.5 9 7 7 17 4 10 15 6 14 19 12 
10293935331 1.5 3 3 16 15 8 
6550456751 1.5 5 3 6 9 10 4 12 
7462058615 1.5 4 4 18 14 5 8 
10217807167 1.5 3 2 6 12 11 
4918369445 1.5 6 6 3 2 8 16 0 14 
6041496272 1.5 7 4 16 19 12 3 9 18 8 
9805317938 1.5 7 2 3 13 11 8 17 9 1 
2986427040 1.5 3 2 15 18 19 
516538744 1.5 9 4 2 8 6 18 10 7 14 16 15 
4719316483 1.5 8 4 8 4 3 6 9 15 1 13 
1478754478 1.5 5 4 1 2 5 14 17 
7028153775 1.5 4 2 13 2 1 4 
7519035743 1.5 7 7 0 16 19 14 12 6 9 
3262047183 1.5 6 5 17 10 7 11 4 12 
93141891 1.5 7 5 16 6 11 19 17 15 3 
8842260380 1.5 5 3 11 15 16 2 6 
9256995527 1.5 7 4 1 5 16 19 11 12 18 
10118879773 1.5 5 5 7 4 5 19 8 
1560274152 1.5 6 3 6 3 18 11 1 12 
2407281477 1.5 7 5 7 8 19 12 0 13 10 
7813125967 1.5 4 4 9 18 13 3 
3259063938 1.5 9 6 8 3 16 15 6 7 10 1 11 
292497924 1.5 5 5 8 16 18 13 17 
5052972561 1.5 7 2 5 18 8 12 15 0 7 
8418950423 1.5 3 3 13 6 1 
440650594 1.5 3 3 10 0 13 
3971903753 1.5 5 2 4 2 13 8 18 
2474651788 1.5 9 2 6 11 4 17 10 2 0 19 5 
288966189 1.5 9 4 5 19 0 18 2 13 17 15 4 
1146144746 1.5 9 3 16 13 17 6 3 0 1 5 8 
8413124937 1.5 8 6 8 17 19 1 18 15 0 10 
4168929546 1.5 8 5 5 14 8 16 2 7 15 13 
9195641285 1.5 6 6 4 3 0 18 16 7 
8493788046 1.5 7 5 15 17 0 2 3 11 1 
7141859103 1.5 4 3 1 12 7 10 
9486556410 1.5 6 3 11 16 12 9 5 1 
1066122414 1.5 8 6 10 19 16 7 9 6 13 11 
1601965809 1.5 7 7 13 0 9 3 11 2 14 
7921205605 1.5 8 7 18 7 4 13 10 5 0 15 
2151926012 1.5 4 3 10 7 5 6 
5331382516 1.5 3 3 8 2 14 
10245569121 1.5 7 2 17 5 12 8 10 11 19 
286644760 1.5 3 3 12 16 0 
5170203170 1.5 7 3 17 0 3 5 11 7 10 
9800940970 1.5 5 4 14 12 10 18 3 
6886580466 1.5 5 3 15 1 6 11 5 
6682013281 1.5 7 6 7 13 4 15 10 17 1 
6439605081 1.5 9 5 7 14 8 2 4 1 9 15 18 
2816732906 1.5 4 2 4 18 1 0 
5091484858 1.5 6 6 12 8 4 2 14 15 
6519989290 1.5 5 4 14 13 11 1 4 
9329157433 1.5 7 7 4 10 1 3 12 14 0 
1079403811 1.5 5 5 10 15 12 17 14 
9024586146 1.5 9 8 4 3 11 16 18 12 13 17 15 
7151939912 1.5 7 2 1 11 17 19 8 13 2 
6829174244 1.5 4 4 2 18 1 19 
10051837069 1.5 9 6 2 12 14 5 13 0 17 4 7 
9888175536 1.5 8 2 6 18 1 0 13 16 17 8 
10231802248 1.5 3 3 2 9 12 
9585388091 1.5 3 2 1 12 19 
6140632851 1.5 9 6 14 18 0 3 11 5 8 6 10 
4254889435 1.5 3 3 16 2 15 
9030627666 1.5 8 7 12 15 18 17 19 5 14 4 
9269161926 1.5 3 3 8 9 12 
9711307349 1.5 4 2 14 11 17 2 
1541546910 1.5 9 6 0 15 17 11 2 19 10 6 5 
9292853012 1.5 8 8 12 4 3 15 19 7 10 5 
5597735393 1.5 5 4 14 2 6 13 16 
32100686 1.5 4 3 9 18 16 0 
3629157033 1.5 6 4 9 6 12 2 3 1 
1220800075 1.5 4 2 4 6 0 14 
2493627170 1.5 8 4 7 19 9 0 12 18 5 14 
2387633258 1.5 8 4 8 15 0 6 17 7 11 16 
705239999 1.5 9 7 17 10 15 9 14 6 8 3 1 
1818508187 1.5 5 3 14 4 5 11 19 
10547702923 1.5 8 8 12 14 1 7 10 3 17 13 
4817651193 1.5 4 3 17 8 16 14 
5037979591 1.5 3 3 9 14 2 
1472424689 1.5 8 2 12 19 6 7 11 3 10 14 
573201963 1.5 7 2 12 18 8 2 15 3 17 
7735122389 1.5 7 7 13 17 12 9 16 11 4 
6014691443 1.5 6 4 19 6 5 12 17 8 
8789141185 1.5 6 5 18 14 11 1 10 12 
8476771677 1.5 4 3 3 12 5 8 
7059872371 1.5 5 5 16 12 5 8 1 
1160065193 1.5 8 4 4 17 8 3 14 11 10 12 
4959270018 1.5 4 3 6 8 9 11 
6799945652 1.5 3 3 11 0 2 
5937893562 1.5 7 3 13 14 19 6 8 7 11 
9505890102 1.5 5 4 1 14 17 18 9 
1298467708 1.5 4 2 14 17 9 3 
6186784038 1.5 8 5 3 16 5 10 19 12 7 1 
8898930738 1.5 5 4 16 1 15 14 10 
3713348486 1.5 4 4 11 10 15 0 
3466105781 1.5 4 3 13 12 10 6 
192252033 1.5 9 9 5 12 13 19 7 8 15 4 11 
8800336818 1.5 4 2 0 14 7 4 
4148467549 1.5 6 4 11 4 9 14 17 3 
5162144508 1.5 8 5 12 15 0 18 9 17 13 1 
1114928091 1.5 4 3 0 4 13 18 
4928217471 1.5 5 4 2 7 16 3 19 
7480162668 1.5 8 5 9 11 19 14 8 5 18 1 
5805562127 1.5 4 2 3 7 8 9 
4866346896 1.5 3 3 17 7 2 
7152735928 1.5 9 9 8 9 14 12 17 1 6 15 3 
1282128394 1.5 7 2 3 19 4 12 7 0 6 
7534957347 1.5 6 4 7 2 14 4 18 16 
7321540721 1.5 7 2 15 7 18 13 2 11 8 
5745700673 1.5 5 3 3 6 5 18 2 
4001620259 1.5 9 5 6 15 2 17 8 1 11 12 13 
7203151213 1.5 4 4 16 19 4 13 
484810051 1.5 4 4 5 9 12 15 
8504413998 1.5 8 2 2 0 7 18 17 4 3 19 
7056176294 1.5 8 5 1 11 4 8 2 12 13 15 
5900949153 1.5 9 9 14 7 12 19 6 17 11 0 4 
237087648 1.5 3 2 6 5 7 
622304133 1.5 4 2 11 8 4 10 
3703783649 1.5 5 2 12 7 4 2 9 
6907258419 1.5 8 6 6 4 16 18 19 9 2 7 
1783004105 1.5 9 7 3 7 16 8 17 0 19 12 13 
1367919402 1.5 8 8 7 11 14 3 2 17 5 6 
2111262807 1.5 4 3 3 1 11 5 
5445768721 1.5 9 4 2 7 1 5 3 13 4 10 16 
4741746993 1.5 8 4 0 19 18 9 5 6 3 14 
338446581 1.5 3 3 13 0 15 
2514741894 1.5 9 6 14 18 1 12 15 3 16 2 7 
3881590799 1.5 6 5 12 2 1 16 15 0 
248024624 1.5 7 4 9 18 13 17 12 7 6 
314814947 1.5 7 2 9 18 0 19 3 4 5 
9421157904 1.5 4 2 13 6 3 10 
10694055002 1.5 3 3 4 13 11 
9996528819 1.5 5 2 2 15 17 13 8 
3415581349 1.5 4 3 3 16 15 18 
2238295391 1.5 6 4 3 13 14 19 9 2 
2530149549 1.5 7 7 14 6 17 9 5 19 18 
3424907249 1.5 4 3 16 5 14 10 
3530972439 1.5 7 4 2 14 5 17 8 4 15 
1360448695 1.5 9 5 1 8 7 12 19 5 4 14 11 
4682050512 1.5 3 2 4 14 6 
4710117659 1.5 5 5 14 8 16 7 10 
10122892737 1.5 4 2 8 19 6 0 
5422022946 1.5 3 3 17 16 14 
7697108064 1.5 5 5 18 16 0 15 8 
5257861848 1.5 4 4 3 1 11 10 
1439155515 1.5 7 3 2 0 3 11 13 4 9 
8995660208 1.5 5 2 7 17 10 4 9 
8196337000 1.5 7 7 4 17 0 16 6 5 9 
5681273610 1.5 6 3 3 9 1 4 8 0 
4560010623 1.5 4 2 0 17 16 14 
12926136 1.5 6 2 3 12 1 18 5 11 
3983825480 1.5 7 6 18 0 8 3 13 6 12 
9851559032 1.5 8 4 10 0 18 1 2 12 9 6 
22961104 1.5 9 7 5 0 4 8 7 14 1 10 3 
500103191 1.5 6 5 14 2 3 10 0 17 
2385596108 1.5 7 7 4 9 18 11 12 14 3 
1434799693 1.5 6 3 13 4 15 1 8 2 
5572460441 1.5 6 6 4 16 3 19 11 12 
5445853791 1.5 9 5 3 9 7 10 1 2 6 16 18 
5812119262 1.5 5 5 1 11 2 19 6 
10402425063 1.5 6 5 19 0 17 16 4 5 
10169062489 1.5 9 2 5 6 19 17 3 13 4 0 15 
2265849557 1.5 6 3 13 16 14 17 7 0 
1164291580 1.5 6 4 19 0 6 16 5 1 
7438363931 1.5 6 6 8 15 2 19 10 17 
462492576 1.5 5 5 3 15 4 2 12 
6779419167 1.5 3 2 5 4 18 
1374863836 1.5 7 4 2 7 1 16 14 13 12 
8512539312 1.5 7 5 13 1 5 3 18 15 2 
5096416985 1.5 4 2 16 14 19 9 
1042153338 1.5 6 4 9 8 4 14 11 6 
3440503502 1.5 6 6 2 9 14 19 0 13 
5154057463 1.5 4 4 1 13 8 14 
9522047626 1.5 3 3 16 3 5 
8356076190 1.5 3 3 6 3 2 
3164596179 1.5 4 3 12 8 2 15 
2632808689 1.5 3 3 9 14 13 
8840121142 1.5 3 3 15 4 19 
8790871266 1.5 5 3 10 13 6 7 8 
1530817817 1.5 9 8 6 14 15 5 2 4 11 12 17 
701984069 1.5 5 2 17 18 7 13 0 
6651605015 1.5 9 8 1 17 16 13 14 9 7 2 8 
1185292170 1.5 4 3 8 16 11 2 
9041438491 1.5 6 4 19 4 9 7 5 1 
10513905715 1.5 8 4 2 5 4 3 18 9 8 7 
3921464761 1.5 4 3 5 3 10 2 
8151057853 1.5 7 5 5 4 16 6 15 9 8 
9117879809 1.5 4 4 9 13 6 0 
3464880965 1.5 3 3 12 4 6 
4739580402 1.5 7 2 5 19 17 13 6 8 12 
629342774 1.5 3 2 14 1 5 
7940110050 1.5 9 9 1 7 16 14 0 10 6 8 12 
6984589092 1.5 7 4 5 15 14 12 8 6 17 
9586838419 1.5 7 5 14 6 18 1 4 8 9 
1354669906 1.5 8 3 19 0 4 16 18 11 14 12 
8057804790 1.5 7 6 11 17 12 10 0 15 19 
2311874145 1.5 9 9 15 10 7 16 3 14 12 2 9 
10094271506 1.5 6 6 11 17 16 1 6 9 
575047348 1.5 5 5 8 0 5 19 11 
2964836015 1.5 5 3 18 4 3 8 13 
5962829339 1.5 8 5 6 4 16 10 1 8 0 14 
10220984033 1.5 6 5 15 4 10 2 5 1 
8880350618 1.5 4 3 17 10 3 9 
2472882807 1.5 7 4 5 9 19 0 17 15 3 
367428594 1.5 5 3 10 18 0 6 13 
7452202170 1.5 8 3 2 3 1 19 12 14 10 15 
6871054975 1.5 6 2 10 19 6 4 0 9 
9801889490 1.5 3 2 2 10 12 
998322171 1.5 4 2 16 1 19 18 
956716088 1.5 7 4 0 19 10 9 4 13 14 
2776760081 1.5 7 7 5 2 9 7 4 1 11 
2475087368 1.5 4 3 5 2 9 7 
7975269504 1.5 9 2 10 15 18 17 7 12 0 1 11 
9920510268 1.5 8 5 16 15 4 9 0 11 17 2 
551918937 1.5 6 2 1 8 18 6 9 0 
3206542389 1.5 4 2 6 16 0 19 
4657883190 1.5 4 4 4 7 13 1 
8263930260 1.5 3 3 11 5 3 
5071001229 1.5 6 5 17 16 7 18 14 9 
2597937091 1.5 8 7 11 13 3 1 6 0 7 17 
10321715466 1.5 7 4 4 18 17 10 9 2 8 
4862430873 1.5 3 3 6 9 17 
1488002399 1.5 4 3 4 19 18 3 
10358632806 1.5 9 6 5 2 17 12 9 3 8 1 7 
4550316950 1.5 9 8 8 10 5 16 12 2 9 18 14 
7531550037 1.5 9 4 1 3 8 10 0 4 6 17 15 
1975881801 1.5 7 7 12 8 4 11 16 17 1 
768874723 1.5 5 5 1 2 19 13 5 
3825568488 1.5 3 3 17 1 3 
9216001752 1.5 5 2 14 10 6 13 4 
2667577179 1.5 3 2 18 2 10 
7420382267 1.5 9 2 19 4 9 15 8 1 18 12 0 
9871982278 1.5 6 6 13 16 19 11 2 4 
394758272 1.5 9 8 7 11 9 12 6 19 8 18 16 
2486052140 1.5 9 6 17 0 10 1 13 6 19 18 11 
392963701 1.5 9 3 18 13 11 3 17 4 0 12 1 
5754392214 1.5 4 4 10 3 2 16 
4205115039 1.5 4 4 10 8 6 2 
8685307805 1.5 9 8 8 10 9 1 19 7 4 6 0 
4811030295 1.5 5 2 14 11 8 2 1 
4730248254 1.5 7 2 3 12 11 9 13 4 7 
9063109790 1.5 3 2 6 12 0 
3893847390 1.5 5 4 15 8 16 11 6 
5696136506 1.5 8 5 0 18 1 6 10 17 3 8 
10195484102 1.5 3 2 12 2 7 
5282624075 1.5 8 4 9 10 4 7 0 12 19 15 
892759102 1.5 9 8 12 17 14 8 15 0 7 3 10 
7285149152 1.5 7 7 6 8 10 9 18 14 17 
10586842419 1.5 9 6 4 0 15 17 9 3 7 11 14 
9313402750 1.5 8 2 6 2 18 15 10 7 4 14 
4442588855 1.5 9 8 10 1 15 16 6 17 2 4 0 
5023034268 1.5 9 7 0 5 2 9 4 3 18 14 8 
6637469878 1.5 9 6 16 18 2 1 10 15 13 17 11 
1108827108 1.5 4 3 3 1 10 11 
1875922709 1.5 7 2 9 14 3 5 12 8 18 
9844755977 1.5 7 3 16 4 9 18 7 2 13 
9020923876 1.5 8 7 2 18 13 19 9 16 8 12 
6184264367 1.5 4 3 6 0 15 5 
2492175021 1.5 5 5 13 2 0 4 16 
7552335112 1.5 9 2 9 18 5 0 15 11 6 14 4 
3774306462 1.5 7 7 19 17 12 3 4 8 5 
8617112218 1.5 8 4 1 14 5 4 6 12 2 11 
2834758043 1.5 9 5 10 16 0 11 13 1 6 17 8 
1771842013 1.5 5 2 13 3 4 9 8 
1106946689 1.5 8 6 4 14 10 18 2 13 8 0 
10107612344 1.5 5 2 15 10 19 12 1 
6336657991 1.5 9 2 13 4 17 6 3 2 19 0 8 
6755854873 1.5 8 5 15 0 6 9 7 5 12 19 
8102291092 1.5 5 3 1 17 12 5 8 
6057693372 1.5 5 4 5 15 7 9 19 
531647841 1.5 3 2 18 17 7 
5468795737 1.5 5 5 0 6 4 1 3 
5288459852 1.5 9 4 13 4 1 11 17 14 10 8 9 
4564485835 1.5 6 6 3 6 9 0 13 1 
625368574 1.5 7 5 12 16 19 5 11 14 7 
9273239145 1.5 6 5 13 4 8 0 5 15 
8829354172 1.5 6 2 9 14 8 1 3 4 
4948429902 1.5 9 5 1 0 14 12 10 3 9 5 19 
1519205952 1.5 8 3 16 13 5 1 6 7 9 19 
701754822 1.5 9 9 10 8 13 6 0 3 15 2 16 
9132821859 1.5 5 5 15 8 9 16 7 
2357933784 1.5 9 2 17 11 6 15 10 18 12 7 1 
898923721 1.5 8 2 1 17 8 3 6 11 0 13 
2078087374 1.5 9 4 16 1 15 8 19 12 7 10 3 
7365690857 1.5 9 6 0 5 3 12 19 10 8 16 18 
9520281085 1.5 7 6 11 10 18 15 5 8 17 
3273021722 1.5 3 2 19 1 18 
2689342381 1.5 6 4 3 17 2 8 19 7 
3448276621 1.5 3 2 14 12 18 
5970472254 1.5 8 3 1 6 16 18 14 19 12 4 
5110851605 1.5 4 2 12 14 13 8 
6777540071 1.5 4 2 1 8 14 17 
5376857443 1.5 4 2 17 6 13 8 
3559262193 1.5 7 3 5 0 2 3 13 18 16 
8834158089 1.5 4 3 12 8 2 1 
10718825926 1.5 9 3 15 14 13 4 9 8 19 1 18 
4001762135 1.5 4 2 6 16 19 7 
6898788826 1.5 6 2 18 4 17 0 13 12 
3807937620 1.5 9 4 4 2 5 8 14 11 12 13 1 
3067779925 1.5 5 5 4 1 2 9 18 
130394668 1.5 7 6 2 12 16 10 17 7 18 
6165860341 1.5 9 2 6 4 3 10 19 2 14 18 16 
1717780420 1.5 3 2 8 17 13 
7294575824 1.5 4 2 16 15 9 13 
4491362464 1.5 9 7 8 18 5 1 13 19 15 11 12 
9758506455 1.5 8 6 4 5 16 2 8 14 19 0 
10461566865 1.5 3 2 8 14 11 
2244567922 1.5 8 7 19 3 4 12 11 9 7 2 
10055976236 1.5 4 4 3 4 5 14 
4038756399 1.5 7 6 16 2 13 18 0 15 6 
2966062773 1.5 8 7 5 17 15 18 2 8 16 12 
4179029240 1.5 9 3 10 18 13 4 19 9 12 0 14 
6226056008 1.5 8 2 5 10 0 7 12 11 8 19 
5910517761 1.5 3 3 3 16 11 
7506646253 1.5 9 8 4 18 6 17 16 7 5 12 19 
4360027354 1.5 7 3 2 3 9 0 12 5 15 
10620719679 1.5 4 3 16 9 14 19 
14 518 9
9 225 31
0 361 8
15 650 35
15 967 28
15 199 34
7 18 24
2 981 27
3 944 36
5 999 3
8 236 26
17 146 30
4 449 17
18 174 34
14 625 45
11 629 40
12 261 10
15 881 36
11 31 22
9 85 33
7 445 15
2 426 45
1 290 11
6 883 37
15 305 16
11 236 46
17 47 39
13 377 49
5 184 40
7 803 2
9 827 5
16 778 35
4 901 33
17 643 50
11 257 18
7 576 39
14 403 21
1 865 13
0 112 4
17 888 0
18 409 4
12 365 44
16 563 1
7 909 12
17 615 6
5 741 38
5 618 32
10 836 46
7 964 7
0 416 41
19 444 50
17 643 45
10 564 16
18 64 42
1 429 42
9 333 33
15 915 36
0 500 38
18 623 15
11 252 30
16 976 43
2 756 46
6 909 33
3 856 44
18 886 7
17 741 23
19 737 21
18 813 12
14 244 9
12 203 17
3 872 11
13 63 1
19 123 1
4 202 43
10 583 34
19 297 21
9 941 41
17 371 42
10 258 13
9 788 26
13 553 45
3 335 30
12 789 44
3 981 42
7 967 31
15 729 15
6 98 1
7 740 42
6 530 37
13 628 22
0 717 3
16 367 43
17 459 37
12 781 2
5 488 33
4 531 49
2 125 48
14 131 47
15 189 19
2 113 34
