20 20 1000 100
1073741824 1073741824
1073741824 1073741824
1073741824 1073741824
1073741824 1073741824
1073741824 1073741824
1073741824 1073741824
1073741824 1073741824
1073741824 1073741824
1073741824 1073741824
1073741824 1073741824
1073741824 1073741824
1073741824 1073741824
1073741824 1073741824
1073741824 1073741824
1073741824 1073741824
1073741824 1073741824
1073741824 1073741824
1073741824 1073741824
1073741824 1073741824
1073741824 1073741824
1073741824
1073741824
1073741824
1073741824
1073741824
1073741824
1073741824
1073741824
1073741824
1073741824
1073741824
1073741824
1073741824
1073741824
1073741824
1073741824
1073741824
1073741824
1073741824
1073741824
6711190805 1.5 4 4 12 3 5 2 
1907803180 1.5 8 8 13 9 18 4 10 14 2 7 
2078011354 1.5 4 2 2 14 15 12 
6790697479 1.5 4 2 6 4 15 0 
3415774894 1.5 4 2 8 0 3 16 
998197868 1.5 8 8 1 10 3 17 16 8 0 4 
3887637000 1.5 7 7 13 6 15 18 14 17 5 
169050110 1.5 8 4 16 8 5 12 17 9 0 19 
8599563829 1.5 3 3 4 7 6 
7460889875 1.5 3 2 18 9 19 
3717692180 1.5 5 3 3 16 1 10 9 
97134874 1.5 7 4 13 19 15 6 12 2 11 
10663548052 1.5 8 8 19 6 18 3 10 9 12 15 
9374775606 1.5 3 3 14 0 5 
820643988 1.5 7 5 18 12 16 15 8 1 4 
3817992571 1.5 7 6 3 14 1 2 17 4 7 
5251602728 1.5 8 6 2 8 12 0 3 9 11 16 
9442014637 1.5 6 2 1 0 7 16 6 2 
6453371355 1.5 6 3 10 8 3 12 6 19 
8130133753 1.5 8 2 11 17 4 16 0 18 12 15 
7983521796 1.5 6 6 19 0 4 7 6 11 
9545598006 1.5 3 3 17 16 1 
5223648876 1.5 9 5 8 17 5 18 14 6 10 16 11 
10218184500 1.5 4 3 0 13 11 19 
8997957823 1.5 6 5 12 4 3 18 1 16 
790652519 1.5 9 8 4 6 15 9 5 12 14 7 0 
5560101724 1.5 7 7 6 19 2 15 5 0 8 
7281064064 1.5 3 2 3 5 14 
1121284772 1.5 5 4 1 13 10 7 6 
10497258868 1.5 6 5 9 11 17 5 7 15 
9160061679 1.5 7 6 8 10 0 19 18 14 3 
3721742409 1.5 4 2 2 13 15 7 
4134345532 1.5 6 3 15 8 7 5 2 19 
1421205290 1.5 4 2 13 4 1 16 
5804484125 1.5 3 3 1 8 11 
1628846014 1.5 3 2 5 6 2 
3254910774 1.5 5 3 4 15 14 17 2 
9862635468 1.5 7 5 11 6 5 14 7 2 13 
4417927805 1.5 7 7 2 4 9 15 14 10 19 
1798847344 1.5 7 4 16 14 15 5 2 7 17 
2943270434 1.5 4 2 10 9 8 3 
3722119206 1.5 6 4 12 3 14 16 19 5 
10388966616 1.5 9 6 15 11 1 13 5 16 12 19 3 
8142972670 1.5 5 2 17 19 3 11 12 
4449437956 1.5 4 3 2 15 19 7 
3901461529 1.5 3 3 16 13 3 
2636644082 1.5 4 4 16 3 10 12 
1201212174 1.5 4 4 11 15 1 14 
4984395278 1.5 4 2 13 7 16 1 
3375116618 1.5 3 2 10 9 16 
10187398502 1.5 5 4 5 18 15 13 0 
771414384 1.5 7 4 16 8 7 19 1 12 5 
9526582541 1.5 8 7 6 2 17 8 13 19 12 4 
1889523567 1.5 5 2 18 2 17 5 7 
5653596382 1.5 8 4 14 10 8 4 15 11 3 12 
8912090467 1.5 5 2 13 18 19 11 14 
10344947016 1.5 3 2 8 7 13 
8825325191 1.5 9 9 12 15 19 7 2 3 5 10 6 
2498784254 1.5 6 6 1 2 16 13 4 6 
8738703854 1.5 6 6 4 7 10 14 11 18 
5219500585 1.5 3 3 15 18 4 
10707189767 1.5 3 2 7 19 12 
4819557184 1.5 7 6 14 0 15 9 7 13 1 
9304096266 1.5 4 4 12 16 3 8 
4929995317 1.5 6 2 12 17 6 13 10 15 
5082892937 1.5 3 3 12 16 6 
9304437473 1.5 8 4 15 9 4 10 16 6 2 0 
8953082122 1.5 9 3 14 1 6 0 3 17 2 8 19 
5812106089 1.5 7 2 16 6 15 18 0 1 2 
8368096516 1.5 3 2 10 12 0 
101562092 1.5 9 7 15 10 3 14 4 12 8 6 2 
2120957472 1.5 8 4 11 8 17 5 3 1 6 13 
3564320147 1.5 9 9 17 0 5 4 19 15 2 10 6 
4627523279 1.5 6 3 19 6 9 5 1 4 
421091641 1.5 8 4 13 18 8 3 10 0 5 6 
152506647 1.5 6 6 11 0 3 2 6 10 
8404370663 1.5 3 2 12 17 11 
3856961203 1.5 3 2 0 7 16 
6635156751 1.5 7 2 1 14 12 0 16 8 5 
1919820524 1.5 4 2 9 1 8 5 
5231686190 1.5 4 4 12 0 3 2 
5845020291 1.5 5 4 6 4 17 10 2 
7407169308 1.5 9 5 19 3 16 9 12 8 10 2 4 
3148640769 1.5 6 4 16 17 14 19 2 6 
5205983919 1.5 7 3 0 9 4 1 8 3 12 
8988978104 1.5 6 3 9 4 10 15 5 18 
1106041856 1.5 9 5 18 13 4 10 19 6 0 16 14 
6155173587 1.5 3 3 9 13 7 
6354010571 1.5 3 3 3 2 4 
10500498039 1.5 5 2 17 12 19 11 13 
2637363456 1.5 5 5 6 16 5 14 2 
1758118736 1.5 3 3 7 9 3 
7516352431 1.5 9 8 16 0 17 19 7 5 3 10 15 
5280047643 1.5 3 2 11 0 12 
141726544 1.5 6 4 2 0 10 12 9 16 
3814269537 1.5 6 4 16 2 10 18 0 8 
1274512327 1.5 5 4 16 9 11 5 4 
4118685740 1.5 5 2 18 3 8 12 2 
5204971475 1.5 6 2 11 3 10 2 18 13 
10304341434 1.5 8 2 6 2 5 18 8 3 13 12 
4477454284 1.5 6 4 2 0 3 8 7 19 
9352045418 1.5 4 3 11 15 18 17 
2476700086 1.5 3 3 7 9 17 
6818461422 1.5 4 4 0 7 5 14 
2087056754 1.5 9 3 6 11 17 13 19 4 5 14 1 
5240646099 1.5 8 4 6 19 13 7 10 0 14 16 
6010052409 1.5 4 3 16 13 15 12 
8086562957 1.5 6 5 2 19 11 8 7 18 
4015869369 1.5 4 4 3 18 1 15 
879011974 1.5 7 3 2 8 11 10 7 9 12 
233159676 1.5 5 4 8 16 13 1 5 
6385847307 1.5 7 3 8 3 10 4 9 6 17 
8554465470 1.5 8 6 2 1 19 12 4 16 9 11 
889655052 1.5 8 6 1 19 14 13 11 8 18 12 
10540072083 1.5 7 2 6 9 16 3 0 4 10 
3386222986 1.5 4 4 2 5 1 17 
8648282352 1.5 9 4 5 15 10 1 6 18 7 13 14 
2399519587 1.5 9 3 14 10 16 7 19 12 5 9 18 
4884599524 1.5 9 9 19 15 9 13 12 11 14 7 1 
8432350792 1.5 8 5 6 17 10 9 14 19 16 18 
1093294955 1.5 3 2 11 12 14 
9508477616 1.5 7 5 1 8 13 16 2 14 10 
2798163221 1.5 5 2 4 13 2 1 18 
9304166716 1.5 6 2 18 15 16 2 12 0 
8120954364 1.5 7 4 10 17 5 4 13 3 8 
7075415871 1.5 7 4 8 9 17 6 4 18 1 
5295250965 1.5 8 6 12 1 5 19 7 3 9 10 
240148687 1.5 7 5 14 6 18 3 1 2 9 
10060629235 1.5 3 3 5 1 9 
8144202816 1.5 6 3 14 0 12 7 10 16 
3645158541 1.5 4 2 6 11 14 9 
6568363479 1.5 3 3 15 4 2 
5948648307 1.5 9 8 11 0 17 12 6 7 5 8 9 
9536080088 1.5 8 5 7 6 8 9 3 13 19 0 
5022071302 1.5 6 6 8 0 10 9 13 3 
5682845370 1.5 9 9 17 9 11 13 8 18 4 2 7 
7856298154 1.5 5 5 14 10 12 7 16 
1914343905 1.5 3 2 11 4 9 
7992972808 1.5 9 2 14 4 11 13 3 0 15 17 8 
3516934935 1.5 3 3 10 16 14 
6079994705 1.5 5 4 17 15 19 0 7 
7873106015 1.5 5 4 13 14 12 1 4 
6565354721 1.5 7 7 13 19 2 1 11 15 14 
8688317615 1.5 5 5 7 5 4 12 8 
2306064421 1.5 3 2 18 0 11 
10712522916 1.5 8 3 7 18 3 1 4 15 16 0 
4839032910 1.5 9 3 5 13 14 0 2 1 11 19 10 
9692946398 1.5 3 3 12 10 11 
2994307145 1.5 3 3 19 15 2 
5822578986 1.5 7 3 5 7 10 15 3 19 11 
4070218492 1.5 7 2 5 1 6 2 3 17 9 
6459530849 1.5 6 2 8 19 1 17 7 11 
270262292 1.5 6 4 5 15 0 18 17 16 
5502879951 1.5 3 3 13 1 8 
1607783015 1.5 4 4 14 2 11 7 
9513555678 1.5 4 4 4 15 2 10 
7548406365 1.5 3 2 2 8 17 
4650627551 1.5 9 8 18 15 7 11 9 4 10 8 17 
6792705616 1.5 5 2 18 0 13 12 8 
6809267623 1.5 9 8 19 5 7 9 16 0 12 6 11 
9447835818 1.5 4 3 19 1 15 11 
3082899137 1.5 8 2 6 13 14 3 7 17 12 10 
9936134107 1.5 8 6 5 10 6 11 18 1 16 13 
10441406167 1.5 5 2 16 12 18 14 17 
4350509024 1.5 4 4 18 14 7 12 
2575420471 1.5 6 5 9 6 7 17 8 15 
1540504951 1.5 3 3 5 4 2 
9762365972 1.5 5 3 6 14 17 4 19 
7306910343 1.5 7 2 18 0 16 9 12 1 7 
4958185151 1.5 7 2 8 12 14 5 18 19 17 
576906501 1.5 6 5 6 0 3 11 13 8 
5015414685 1.5 9 5 6 12 2 19 0 7 5 1 15 
2886107681 1.5 4 2 11 0 6 3 
5573785286 1.5 5 5 18 7 2 5 9 
1074847427 1.5 7 6 9 13 19 3 12 4 1 
7099718677 1.5 9 5 16 4 5 14 6 19 12 13 17 
9191163265 1.5 3 2 15 18 5 
7603106341 1.5 7 4 2 17 4 14 7 8 6 
5190002887 1.5 9 7 1 18 17 10 7 8 3 0 6 
10430445115 1.5 5 4 14 13 10 8 3 
3360959280 1.5 8 5 0 8 15 13 10 16 14 2 
18953075 1.5 7 6 2 18 13 4 10 15 17 
10034814953 1.5 9 7 11 1 13 18 2 14 19 10 0 
729714675 1.5 8 6 8 14 2 0 6 13 15 10 
10671037679 1.5 9 3 3 4 5 0 9 13 8 16 15 
3150142271 1.5 4 3 13 11 0 17 
5916194057 1.5 9 4 9 12 0 14 16 8 15 7 10 
2087293211 1.5 7 2 19 8 9 11 6 4 3 
4143492753 1.5 3 3 5 9 3 
7782352466 1.5 6 4 5 18 9 8 15 12 
4308052261 1.5 6 5 8 5 4 10 13 19 
4849818640 1.5 7 4 5 4 17 8 1 13 14 
8532106875 1.5 8 4 16 15 17 9 19 0 10 8 
2879109325 1.5 5 4 10 6 15 1 13 
9241422597 1.5 7 5 6 19 14 11 8 5 12 
6155305099 1.5 4 4 10 16 7 0 
7461699741 1.5 4 3 1 14 5 3 
3154162946 1.5 8 7 15 9 17 5 12 13 8 11 
5387448811 1.5 5 5 11 16 12 15 17 
8594270361 1.5 4 4 7 9 3 18 
4996432174 1.5 5 4 11 15 12 13 4 
6019425581 1.5 5 3 14 2 3 6 10 
5468658084 1.5 7 6 7 2 19 13 10 15 17 
3756118640 1.5 8 5 3 10 12 5 6 2 0 19 
4926894477 1.5 5 4 2 19 12 10 5 
4166154872 1.5 3 2 14 12 6 
4037347551 1.5 9 5 1 8 17 16 9 19 5 14 10 
8487200074 1.5 7 2 6 18 17 14 9 0 5 
2209638884 1.5 7 3 10 9 18 16 7 3 14 
2797511092 1.5 6 5 12 7 18 4 8 11 
7207309906 1.5 4 3 3 9 13 18 
9267819932 1.5 4 3 2 13 4 16 
3962392810 1.5 7 2 6 18 2 0 8 15 12 
4874582153 1.5 8 4 13 6 5 1 0 3 14 19 
499326792 1.5 5 2 18 14 6 1 4 
346964089 1.5 8 4 0 4 15 2 10 14 17 19 
346470337 1.5 3 2 5 15 10 
1316336014 1.5 7 2 7 12 16 5 3 9 15 
7927774272 1.5 9 6 10 15 16 11 7 19 1 4 17 
8789747409 1.5 7 4 1 18 6 10 16 13 14 
7375807843 1.5 7 2 12 11 3 18 5 8 16 
8883216556 1.5 6 5 14 8 4 5 10 7 
4160567141 1.5 3 2 6 8 15 
2690603089 1.5 3 3 14 2 16 
8141463823 1.5 9 9 15 17 10 6 0 1 18 4 16 
5427608642 1.5 6 2 9 18 16 5 19 2 
3361260682 1.5 5 4 4 0 7 10 8 
9321538421 1.5 4 3 7 6 1 8 
9064838248 1.5 9 6 1 2 13 17 14 7 5 3 18 
10231520696 1.5 6 5 2 11 14 13 10 3 
5760133670 1.5 8 6 2 14 1 19 8 9 13 18 
4489798243 1.5 6 4 0 19 2 5 16 17 
9686391672 1.5 9 8 15 2 13 4 10 17 6 7 8 
2950269082 1.5 3 2 6 18 7 
2590511036 1.5 3 2 18 19 12 
1640476867 1.5 6 3 0 9 8 19 1 2 
3084913580 1.5 6 2 3 11 12 16 15 4 
7253131553 1.5 9 2 4 15 13 17 19 6 12 7 2 
2753065168 1.5 6 5 18 7 17 12 9 5 
5728170326 1.5 3 3 15 17 8 
9507492150 1.5 3 2 8 16 6 
464059592 1.5 8 2 2 14 0 8 18 6 3 19 
4171553997 1.5 3 3 6 10 8 
2429095688 1.5 5 5 19 0 9 15 18 
4072023693 1.5 9 6 12 3 4 0 2 13 19 6 1 
3126212033 1.5 9 7 5 10 18 15 2 12 16 0 11 
2045776124 1.5 8 7 6 12 16 8 4 11 3 7 
5192063836 1.5 8 8 18 17 1 10 8 4 2 12 
8221809064 1.5 5 2 15 2 12 11 10 
8574911191 1.5 3 2 0 6 4 
729703652 1.5 8 6 14 3 17 5 4 12 9 0 
1993873321 1.5 7 2 14 13 19 18 1 2 7 
2789872560 1.5 3 3 15 16 14 
4219440705 1.5 3 3 11 16 0 
2551070344 1.5 5 3 4 7 16 17 6 
9643461706 1.5 4 4 13 9 17 0 
10204698781 1.5 8 3 0 4 3 10 17 11 12 6 
3573821179 1.5 5 3 1 13 19 5 2 
2798579414 1.5 7 5 3 5 8 15 12 16 1 
4857043681 1.5 5 2 16 12 13 3 17 
1489907478 1.5 9 4 9 13 18 15 4 0 8 10 7 
3732465965 1.5 7 2 1 4 9 7 0 10 3 
435985002 1.5 9 4 19 9 10 5 17 15 12 8 4 
4288713355 1.5 8 7 18 10 19 4 6 2 3 11 
9809519515 1.5 9 7 19 15 18 5 9 10 1 7 11 
8353396063 1.5 9 8 10 3 1 14 5 19 0 12 9 
8937853738 1.5 4 4 3 16 2 8 
5627471535 1.5 3 3 18 1 9 
6588547363 1.5 3 3 11 8 2 
7348303639 1.5 5 3 10 11 19 1 12 
6329092563 1.5 7 3 8 17 10 15 0 4 7 
1286109449 1.5 7 2 17 4 10 6 16 12 1 
8867880221 1.5 9 6 8 17 5 19 4 14 0 13 18 
6200602585 1.5 4 3 3 8 16 14 
8093429109 1.5 8 8 4 9 17 10 5 16 2 19 
8582979088 1.5 9 2 13 4 7 10 2 16 8 6 17 
6252703474 1.5 5 2 16 3 9 4 14 
9480077608 1.5 8 4 5 13 2 12 14 1 17 11 
9572621863 1.5 3 2 2 10 8 
3836670943 1.5 6 6 15 13 7 12 11 8 
1228548488 1.5 6 2 12 1 13 16 7 2 
10012291321 1.5 4 3 0 19 8 15 
3317872294 1.5 4 2 7 12 15 9 
7761979270 1.5 5 2 6 17 9 15 8 
3482113906 1.5 8 7 10 13 14 0 3 19 15 6 
1232260230 1.5 4 4 0 6 9 16 
3241539468 1.5 6 6 19 3 7 4 6 0 
3043852125 1.5 6 3 14 4 8 9 18 3 
10242235585 1.5 6 6 1 11 13 18 7 6 
3668111988 1.5 5 3 7 1 14 13 11 
3543526810 1.5 8 6 11 2 5 6 3 7 16 19 
9888227326 1.5 7 4 3 2 16 0 8 15 7 
2755130156 1.5 5 2 4 9 5 14 19 
4140994530 1.5 8 3 6 12 4 9 15 17 18 7 
10313182262 1.5 7 3 18 12 1 5 10 3 9 
3339334446 1.5 8 3 16 15 13 2 0 4 1 17 
3476777821 1.5 7 7 0 15 2 16 17 5 8 
4658224899 1.5 9 2 10 7 3 4 19 6 16 8 2 
10134898624 1.5 8 6 17 3 6 19 14 11 8 9 
5758395863 1.5 3 3 17 2 5 
10495371211 1.5 8 5 16 8 10 1 12 0 5 6 
157815246 1.5 3 2 8 13 19 
10375711644 1.5 8 5 19 17 7 14 9 2 1 0 
5313673 1.5 3 3 9 16 0 
7283995209 1.5 6 4 0 11 17 9 18 12 
6675131962 1.5 8 6 16 10 7 17 9 14 13 2 
9385412598 1.5 8 4 7 13 5 1 16 3 11 14 
3224768338 1.5 6 3 17 5 18 10 15 6 
9301144633 1.5 7 3 17 18 8 7 1 3 4 
1781067001 1.5 6 5 1 17 9 8 0 4 
2639909368 1.5 9 3 17 12 2 5 6 16 10 1 11 
5118815708 1.5 5 5 16 4 10 3 2 
4783503855 1.5 5 5 5 9 6 18 2 
6667081467 1.5 9 7 16 11 17 14 0 7 2 3 10 
5523433707 1.5 3 2 7 13 8 
7018521299 1.5 6 3 0 19 7 13 12 1 
7956515560 1.5 8 5 3 19 9 16 6 18 14 11 
6257216478 1.5 8 5 8 1 6 12 13 17 14 15 
2406049722 1.5 3 2 4 8 7 
4695548684 1.5 9 2 16 18 9 6 2 14 7 17 13 
1348805508 1.5 8 5 13 3 6 15 5 4 2 16 
4806760767 1.5 5 4 11 17 4 19 12 
9587430642 1.5 5 4 17 7 8 15 19 
6473008212 1.5 9 3 16 2 15 18 6 8 17 1 3 
3899470778 1.5 7 6 0 9 5 18 17 16 8 
9799657360 1.5 9 3 19 18 4 9 11 12 1 15 13 
5424730250 1.5 7 4 1 3 9 8 2 18 13 
565322153 1.5 7 2 7 3 2 4 15 17 8 
9300693773 1.5 5 4 2 6 10 11 5 
1334594488 1.5 4 4 14 2 18 6 
6918256065 1.5 3 2 14 11 12 
2561210558 1.5 7 2 9 18 13 12 17 2 16 
5866500380 1.5 8 7 18 16 5 1 9 4 17 15 
8253980503 1.5 3 3 8 6 19 
1058499743 1.5 7 7 19 8 4 0 12 18 15 
9355677850 1.5 6 5 0 9 13 6 17 14 
5991429070 1.5 3 3 4 8 7 
3102276557 1.5 7 6 19 6 17 12 10 11 9 
9501563368 1.5 7 7 17 8 12 14 13 11 15 
5090751313 1.5 9 8 13 7 16 17 12 2 4 6 11 
3724031591 1.5 9 4 8 12 4 6 9 3 13 11 15 
4189859981 1.5 9 8 19 18 14 7 4 16 6 12 3 
7163122063 1.5 5 4 2 14 15 7 8 
5226295528 1.5 7 6 0 8 14 5 13 11 4 
10217778152 1.5 7 3 0 10 6 1 13 12 18 
2003309770 1.5 3 3 16 19 0 
2470769965 1.5 3 3 3 5 10 
2980504231 1.5 6 5 13 11 6 4 0 19 
6510119856 1.5 4 2 14 18 11 16 
6735995795 1.5 6 4 1 12 0 9 18 16 
6525406227 1.5 8 8 17 6 12 2 13 8 16 1 
4730350632 1.5 9 5 6 14 3 4 10 15 17 19 11 
237524783 1.5 8 5 19 10 5 18 1 3 17 0 
10022811216 1.5 4 2 1 18 2 11 
2536452348 1.5 3 3 12 1 3 
6296532034 1.5 8 4 5 12 14 19 17 4 6 9 
1920697174 1.5 3 2 5 1 16 
1910133552 1.5 6 3 17 14 5 15 6 7 
8562677794 1.5 3 3 12 14 11 
5784509765 1.5 3 3 18 4 15 
4619514852 1.5 8 2 18 4 3 14 6 9 15 5 
2265502838 1.5 3 3 14 16 13 
7003694229 1.5 4 3 7 15 1 11 
8066798464 1.5 7 4 18 19 1 4 13 5 6 
33266503 1.5 8 5 9 0 2 19 12 1 17 15 
4259185217 1.5 9 5 3 17 13 18 5 6 12 2 4 
5801260428 1.5 9 3 17 19 11 15 10 12 9 4 8 
4068367403 1.5 3 3 19 4 7 
5885797429 1.5 8 2 5 19 6 8 12 18 15 17 
9217731813 1.5 3 2 16 11 7 
1999578354 1.5 9 5 11 14 19 4 9 12 18 3 0 
5638615337 1.5 9 5 2 14 12 7 11 18 0 5 10 
4452343030 1.5 5 5 16 10 2 0 8 
1206422875 1.5 6 6 18 12 1 11 17 7 
7349633055 1.5 3 2 16 11 3 
5468170280 1.5 4 2 14 9 1 6 
2823776255 1.5 4 3 13 14 19 3 
3713948789 1.5 8 4 8 11 13 17 16 7 9 19 
7353242118 1.5 3 3 4 15 7 
10313790643 1.5 7 2 9 15 6 10 4 5 12 
5373937611 1.5 7 7 12 7 15 9 6 8 14 
6742038752 1.5 7 6 5 4 14 1 15 16 11 
9419196349 1.5 5 3 1 0 16 9 14 
4970535196 1.5 5 4 3 13 10 16 9 
1213838745 1.5 4 2 12 0 7 8 
5128766569 1.5 3 3 13 17 18 
6511725319 1.5 8 6 1 0 19 11 18 8 14 16 
3591854411 1.5 8 4 18 7 13 3 14 0 8 19 
8970732535 1.5 4 2 3 4 11 12 
1442966471 1.5 7 4 16 19 10 0 7 15 13 
1666379495 1.5 9 7 10 17 13 14 8 5 11 12 4 
9508566089 1.5 5 2 12 1 2 9 16 
3362521091 1.5 6 6 2 18 17 6 15 14 
5755517528 1.5 3 3 6 12 9 
2396822365 1.5 9 2 11 7 8 15 18 5 14 19 16 
4357813660 1.5 3 2 16 10 11 
6368659555 1.5 5 4 0 13 8 9 6 
6857600227 1.5 6 3 14 15 19 2 3 6 
6439740964 1.5 7 3 1 7 19 13 4 8 9 
3110976871 1.5 6 3 16 9 2 14 5 4 
907042868 1.5 5 2 11 0 14 4 19 
2662604238 1.5 7 5 1 13 0 11 17 6 9 
6557094072 1.5 9 5 5 2 16 12 4 7 17 14 15 
3001823966 1.5 8 2 0 10 16 17 9 4 6 3 
2221294390 1.5 7 3 19 18 6 17 8 14 11 
6481251478 1.5 9 2 18 0 15 17 6 12 8 9 14 
7296430556 1.5 9 3 2 19 4 8 13 16 5 7 10 
8220307637 1.5 7 3 12 14 19 2 15 11 6 
5282381127 1.5 7 6 9 12 10 17 2 18 16 
2827273991 1.5 8 3 18 0 7 15 14 8 11 13 
563708284 1.5 7 4 8 15 10 11 6 9 3 
4699361551 1.5 3 2 1 10 3 
9055341743 1.5 9 4 16 11 9 6 10 3 17 14 13 
3656161534 1.5 3 3 15 8 14 
8386715376 1.5 8 6 1 15 4 16 0 12 10 18 
6080232880 1.5 3 2 13 3 7 
6153972028 1.5 4 2 15 11 3 19 
6449564766 1.5 7 2 11 1 2 12 18 9 3 
6715111515 1.5 8 4 14 11 12 16 4 19 15 17 
1095696274 1.5 3 2 14 11 17 
1033735702 1.5 4 3 0 12 8 15 
357058012 1.5 7 7 19 18 2 14 5 15 3 
4547298497 1.5 7 6 3 13 9 19 16 10 6 
10379500444 1.5 3 2 4 19 18 
1792663430 1.5 4 4 7 6 9 13 
8433833534 1.5 3 3 18 1 3 
7351776976 1.5 7 2 8 19 5 3 15 16 7 
8713128921 1.5 3 3 7 19 6 
5113318803 1.5 4 4 3 14 9 6 
244948678 1.5 4 4 6 3 4 9 
3053304035 1.5 4 4 6 14 2 5 
7500035107 1.5 3 3 1 17 5 
9321305751 1.5 8 7 4 9 16 17 15 13 11 10 
1433344995 1.5 4 2 8 0 10 14 
7369312011 1.5 6 4 10 9 14 5 18 19 
7970964509 1.5 5 2 1 15 18 13 11 
833769518 1.5 3 2 5 19 6 
8035411879 1.5 9 5 10 0 17 15 9 16 1 7 8 
173261275 1.5 3 2 19 10 15 
509177710 1.5 3 3 2 5 16 
8524375452 1.5 8 8 3 11 8 15 1 4 5 9 
4037979375 1.5 3 3 10 0 16 
8709469621 1.5 4 4 2 9 12 1 
1525095629 1.5 5 2 14 13 1 0 16 
8677622171 1.5 4 3 18 7 14 0 
10576196860 1.5 3 3 8 19 11 
8458968406 1.5 5 2 11 19 7 2 5 
4929628831 1.5 3 3 18 10 1 
380283649 1.5 7 6 7 1 2 0 6 16 11 
529859715 1.5 6 5 14 9 15 18 6 10 
7343241695 1.5 3 2 19 5 9 
9046450495 1.5 8 4 15 18 10 6 0 9 19 3 
6630040129 1.5 6 2 9 14 2 10 17 8 
9194270259 1.5 7 2 2 17 12 13 16 15 7 
4048180045 1.5 9 7 17 2 4 1 8 6 7 19 10 
5175837731 1.5 8 7 12 10 7 2 1 18 4 0 
7337565513 1.5 4 3 9 18 19 8 
10001321313 1.5 8 8 1 12 0 18 5 15 8 13 
853822479 1.5 3 3 19 6 4 
10472341666 1.5 3 2 12 1 11 
2279646666 1.5 9 7 11 8 1 5 14 13 2 3 9 
696432276 1.5 4 2 14 9 18 11 
4171822978 1.5 3 2 11 5 9 
5965289684 1.5 8 6 18 11 5 10 14 7 4 1 
1949292314 1.5 5 2 3 5 8 18 11 
10072922887 1.5 3 3 10 19 2 
7079984746 1.5 3 2 6 17 7 
5020506211 1.5 9 8 13 5 2 11 7 15 3 16 8 
429027201 1.5 7 5 4 13 6 10 2 3 14 
207984694 1.5 4 2 10 3 8 11 
6961124723 1.5 4 2 5 2 18 11 
3032459792 1.5 7 4 18 5 11 8 7 16 0 
5721230858 1.5 4 3 16 18 8 0 
2104441689 1.5 5 3 14 1 12 17 7 
4366069816 1.5 4 4 8 19 9 16 
4289276763 1.5 9 4 11 2 0 14 5 6 8 19 18 
1003669645 1.5 6 5 3 9 16 10 7 1 
5801022500 1.5 6 3 0 12 7 5 9 14 
4567173694 1.5 6 4 4 17 11 5 6 1 
10414909857 1.5 9 7 15 13 14 5 16 2 6 8 9 
324757209 1.5 7 3 1 16 15 17 9 18 0 
9507816064 1.5 9 8 10 7 8 5 6 12 18 1 19 
7327932266 1.5 9 5 1 8 13 19 18 15 12 4 9 
863164204 1.5 4 2 14 12 3 16 
8244636737 1.5 3 3 19 2 13 
3809190305 1.5 7 5 12 0 18 2 9 5 3 
1414099507 1.5 7 6 14 13 4 5 11 7 15 
221429682 1.5 4 2 1 9 16 10 
8631130162 1.5 5 2 7 4 11 9 15 
4811632396 1.5 3 3 19 9 4 
5869406900 1.5 3 3 5 9 7 
450277013 1.5 9 8 4 17 11 18 16 0 19 8 15 
8928974304 1.5 4 4 12 1 4 11 
5592895202 1.5 8 5 4 9 2 12 13 5 14 15 
4502016602 1.5 9 3 10 2 12 7 9 16 3 18 11 
894438545 1.5 3 3 13 10 17 
1613984224 1.5 7 7 8 14 5 16 12 13 11 
7674601998 1.5 5 2 17 10 16 19 15 
3828982392 1.5 7 4 2 17 11 14 19 16 4 
9439663104 1.5 3 3 3 15 16 
9962055613 1.5 7 3 17 15 9 11 8 5 16 
1626108002 1.5 7 7 14 7 9 0 3 10 18 
9765137244 1.5 7 6 2 10 5 0 17 15 6 
9277261684 1.5 3 3 11 3 0 
6385419526 1.5 4 3 13 15 5 2 
8961198476 1.5 3 2 11 15 12 
668007216 1.5 5 3 4 7 17 2 1 
10382211275 1.5 9 9 8 10 3 16 1 12 13 4 19 
5147864507 1.5 5 2 5 3 6 0 1 
2772394399 1.5 3 3 8 12 5 
8222827111 1.5 9 4 16 8 18 6 17 13 5 7 12 
1282487524 1.5 7 4 3 12 18 17 1 9 10 
7666241341 1.5 8 5 3 4 7 6 10 8 15 19 
414480102 1.5 3 2 6 2 16 
1092391333 1.5 8 7 5 16 4 1 3 13 6 0 
10370787919 1.5 4 4 16 0 11 17 
10660377083 1.5 7 4 4 3 14 8 0 6 12 
7025549571 1.5 6 5 1 4 10 2 19 18 
9510598966 1.5 9 8 1 5 10 6 15 9 4 8 2 
4253445800 1.5 3 2 4 3 1 
8516448494 1.5 3 2 5 10 14 
4950061047 1.5 8 3 3 15 16 17 8 1 14 12 
5659739413 1.5 4 2 4 14 16 8 
3676758320 1.5 6 2 12 13 8 1 0 3 
5564164596 1.5 9 2 7 14 2 1 5 13 17 3 6 
2698724216 1.5 3 3 13 16 5 
6413961911 1.5 9 7 17 12 6 13 16 5 15 11 3 
10087976869 1.5 7 2 5 0 14 9 11 1 8 
169509503 1.5 6 4 6 15 2 17 18 0 
9961656713 1.5 3 2 5 18 19 
1835084365 1.5 6 3 10 12 16 2 0 17 
4697795059 1.5 6 4 6 0 12 8 1 14 
9781997518 1.5 9 7 7 19 11 5 4 12 18 16 6 
7435454789 1.5 5 2 9 8 1 5 11 
2861579452 1.5 4 3 1 11 15 10 
7800518221 1.5 8 8 15 8 17 16 9 10 3 0 
2410358592 1.5 6 2 17 6 4 13 18 8 
4627262043 1.5 3 2 5 18 7 
3893916059 1.5 9 9 12 4 18 0 14 3 8 11 7 
5703430893 1.5 5 3 3 16 17 12 6 
4701837450 1.5 8 4 6 16 9 5 2 10 11 13 
9584090646 1.5 3 3 6 15 10 
846129177 1.5 3 3 16 6 7 
8430710873 1.5 5 5 0 11 5 12 18 
5535595067 1.5 5 5 0 7 1 2 5 
5165387250 1.5 9 2 17 8 15 1 3 18 11 4 7 
4616597855 1.5 7 4 5 9 15 10 18 4 12 
7298074696 1.5 7 4 10 12 11 7 0 15 18 
2752937214 1.5 3 2 16 11 4 
201400375 1.5 8 8 1 16 5 4 13 9 18 2 
157858023 1.5 4 2 18 11 15 12 
8907864131 1.5 6 6 10 12 2 18 11 8 
5839819699 1.5 4 4 15 4 5 0 
2987395626 1.5 5 4 3 1 5 6 15 
5972025292 1.5 5 5 8 1 10 5 14 
2167145801 1.5 3 3 8 1 7 
3500918090 1.5 3 2 7 8 5 
8014450882 1.5 9 9 4 0 15 10 2 8 1 16 3 
9409999523 1.5 7 6 10 1 17 16 3 12 6 
959425060 1.5 5 4 17 4 5 18 1 
5486182447 1.5 9 9 0 14 2 9 10 17 19 18 11 
9794526638 1.5 6 2 14 4 3 6 8 7 
4349995561 1.5 7 4 9 2 15 12 8 5 17 
5484699060 1.5 5 5 9 16 3 1 10 
10586631156 1.5 7 6 11 19 8 10 13 18 0 
10255716553 1.5 4 4 7 6 11 1 
468538609 1.5 4 2 13 6 7 9 
1273080576 1.5 8 6 18 0 19 14 12 7 15 3 
9462412460 1.5 6 3 17 3 16 15 19 4 
5610289653 1.5 4 3 8 10 18 6 
5867610948 1.5 6 2 12 14 5 4 13 9 
3061052284 1.5 7 3 0 4 15 19 1 7 5 
10628628552 1.5 3 2 3 15 5 
2036562337 1.5 7 3 18 5 7 8 10 0 14 
7243273248 1.5 8 4 2 19 3 9 18 11 14 12 
1843705910 1.5 7 7 2 7 13 9 5 17 4 
6835621702 1.5 3 2 10 7 9 
5214521387 1.5 3 3 18 7 1 
2141344078 1.5 9 9 0 18 12 15 14 17 4 7 16 
6370372708 1.5 3 2 14 3 15 
8985990464 1.5 7 4 0 13 17 18 8 5 9 
5493756950 1.5 5 4 7 3 5 19 11 
2831307865 1.5 6 3 6 7 16 9 0 8 
4886245961 1.5 7 5 13 12 4 11 6 1 17 
3575019685 1.5 4 3 4 12 0 14 
216076094 1.5 9 6 16 0 5 7 19 15 17 2 6 
4408500845 1.5 5 3 2 8 16 9 15 
6589834312 1.5 3 2 4 12 15 
1904301777 1.5 5 5 3 15 5 6 2 
6624129555 1.5 4 3 18 0 3 7 
1118968294 1.5 4 2 9 2 3 17 
2535700489 1.5 3 3 2 12 4 
5729815637 1.5 7 2 5 2 14 13 0 19 15 
415847061 1.5 7 6 17 7 5 11 10 16 18 
3364774941 1.5 7 2 4 16 18 7 14 17 9 
2812948183 1.5 9 7 8 6 14 7 13 0 11 4 16 
10352501355 1.5 5 4 10 0 7 18 5 
1092398601 1.5 6 2 3 14 9 4 17 8 
8602857493 1.5 6 3 4 7 18 1 12 11 
3700345079 1.5 9 9 18 0 5 7 10 6 11 1 13 
6112380865 1.5 5 5 9 17 15 5 18 
104727749 1.5 6 4 9 2 8 16 4 1 
9318355044 1.5 7 7 5 4 1 16 15 18 9 
1543268367 1.5 6 6 16 13 14 2 3 4 
3487046531 1.5 3 2 16 19 10 
7295809788 1.5 6 5 19 18 2 1 0 3 
8771993137 1.5 5 2 4 11 19 18 14 
9907696014 1.5 5 2 5 8 3 7 17 
470383746 1.5 4 2 15 13 7 10 
9143752994 1.5 8 8 0 2 6 8 5 14 17 9 
4337181138 1.5 3 3 12 0 16 
3223622105 1.5 9 6 6 14 11 17 2 3 18 10 13 
5742129034 1.5 3 3 19 0 13 
9539920665 1.5 8 5 15 7 6 12 10 1 8 11 
7117385918 1.5 8 8 3 17 19 13 11 6 1 7 
3632366244 1.5 6 5 10 9 7 3 1 5 
2710244065 1.5 5 5 13 10 5 9 12 
9799659889 1.5 8 7 14 10 8 18 9 0 4 13 
420715828 1.5 3 3 14 5 17 
4967147939 1.5 7 2 18 7 4 13 19 11 0 
3425585505 1.5 5 4 17 6 7 13 14 
10551471827 1.5 9 9 6 11 19 8 12 17 1 5 2 
3065691685 1.5 3 2 7 14 13 
6378187182 1.5 3 2 4 10 8 
9295786088 1.5 9 5 16 13 1 19 8 6 11 0 4 
8155444476 1.5 6 6 3 6 19 11 12 10 
8598591607 1.5 8 4 19 4 8 14 17 7 3 13 
8643994298 1.5 9 8 1 4 9 6 17 13 10 19 0 
410824960 1.5 8 5 7 9 6 8 3 17 11 14 
10574396736 1.5 3 2 19 11 14 
5362484762 1.5 5 2 11 16 4 17 13 
6965193236 1.5 6 4 8 15 5 10 19 17 
3700125109 1.5 8 8 9 3 17 11 4 10 14 5 
2593059991 1.5 4 2 5 4 6 12 
6285797123 1.5 4 2 4 11 16 14 
3582402604 1.5 4 4 9 8 0 18 
4059174180 1.5 6 6 16 9 7 17 5 2 
4476870591 1.5 7 7 0 19 13 16 2 11 12 
4283152265 1.5 9 3 4 15 19 17 2 5 10 13 11 
3391562133 1.5 9 4 4 19 7 1 13 2 9 16 10 
4493196805 1.5 9 3 6 7 4 10 2 16 11 18 1 
8346032380 1.5 9 6 11 4 8 1 13 2 7 18 5 
1116380247 1.5 3 2 16 9 0 
10202827886 1.5 4 2 10 12 17 2 
4542907190 1.5 6 6 2 1 7 13 8 4 
10487032469 1.5 3 3 15 8 2 
6714856212 1.5 7 3 13 3 17 1 12 6 5 
3143642903 1.5 3 2 17 7 16 
3507420518 1.5 9 2 19 11 6 9 4 2 13 12 7 
6957231153 1.5 5 3 16 12 10 4 8 
3790845622 1.5 5 5 7 5 11 3 10 
787729038 1.5 8 2 13 5 17 12 9 7 3 6 
10491165126 1.5 4 3 2 13 19 3 
5833400972 1.5 9 7 1 18 13 0 11 5 19 15 9 
5444789427 1.5 6 3 13 1 15 7 11 8 
10369477513 1.5 5 3 5 18 17 15 19 
5367680710 1.5 8 4 8 2 13 17 12 19 16 4 
2626407203 1.5 7 2 9 6 19 1 14 17 4 
2689296871 1.5 4 3 15 1 10 8 
5694863762 1.5 5 4 3 18 6 19 14 
2737478601 1.5 9 5 11 18 5 17 16 14 2 10 1 
1569113849 1.5 6 3 9 1 13 16 14 6 
255289138 1.5 8 3 6 17 14 12 4 16 15 2 
8433172451 1.5 4 4 17 14 0 8 
2147360430 1.5 9 8 9 3 18 19 11 16 7 4 2 
7209156010 1.5 8 2 17 14 11 1 7 3 10 16 
6589729678 1.5 4 4 15 6 3 11 
1618278033 1.5 5 2 19 10 17 4 14 
10021831731 1.5 4 4 17 7 10 19 
5828698771 1.5 9 7 7 15 12 11 5 16 1 2 8 
1446165889 1.5 5 4 11 15 1 6 7 
8348226946 1.5 8 2 19 11 13 0 6 2 1 8 
1054545743 1.5 7 3 11 1 13 3 0 19 6 
3729961076 1.5 4 3 19 8 0 12 
10438148589 1.5 6 2 2 18 6 1 7 12 
1273884172 1.5 5 2 12 3 0 17 9 
4861172304 1.5 7 4 14 11 9 1 17 4 16 
9823096117 1.5 6 3 5 16 14 19 17 10 
5055199787 1.5 7 6 9 16 5 14 1 4 11 
2756907302 1.5 8 2 15 7 1 17 18 19 9 6 
4838399909 1.5 5 4 15 1 9 10 12 
5556218247 1.5 6 4 10 13 18 11 6 14 
8722141472 1.5 3 3 18 0 3 
5700015508 1.5 9 9 8 5 19 10 12 1 15 6 16 
5457162798 1.5 6 2 1 6 16 2 10 0 
10263184886 1.5 6 6 5 11 10 0 6 17 
3627487398 1.5 8 4 11 8 18 2 12 7 5 13 
1422332934 1.5 7 2 1 8 3 10 14 13 5 
6605463955 1.5 3 3 4 18 12 
4110086955 1.5 7 2 13 0 16 18 15 1 12 
58550742 1.5 8 2 13 10 12 1 7 6 8 0 
3212301238 1.5 6 2 7 16 2 15 17 9 
7319281406 1.5 5 3 16 12 10 15 4 
10664323570 1.5 6 5 7 8 3 18 14 6 
1016766018 1.5 5 3 16 2 0 3 5 
3493689447 1.5 3 2 5 13 7 
8000189690 1.5 5 4 8 1 11 17 12 
6421036721 1.5 4 4 1 13 3 15 
6637316802 1.5 9 5 8 3 11 5 14 6 19 16 0 
8499118359 1.5 7 4 12 13 17 14 4 8 0 
3650929063 1.5 5 4 4 17 14 16 8 
5916986142 1.5 3 2 0 2 1 
3163856313 1.5 9 9 6 19 4 17 11 15 9 18 13 
10008805833 1.5 4 3 1 8 18 16 
4747573078 1.5 8 4 1 15 14 11 13 2 12 5 
10469906971 1.5 6 6 11 5 13 16 19 3 
5436673119 1.5 7 2 9 1 8 17 7 0 15 
7966309150 1.5 9 9 2 16 3 15 12 5 7 9 6 
5550754406 1.5 7 2 8 3 9 7 11 6 16 
2878891350 1.5 9 4 10 14 4 1 13 2 18 9 15 
7016726274 1.5 6 5 12 4 0 8 5 13 
5868370805 1.5 4 3 7 14 4 6 
272595340 1.5 8 5 4 17 19 12 8 7 16 11 
6525180647 1.5 8 2 3 9 1 13 15 6 0 17 
9285554762 1.5 6 5 15 2 1 10 3 11 
9842144238 1.5 3 3 8 9 2 
5723279692 1.5 9 4 12 1 10 16 13 4 2 14 5 
246922876 1.5 3 3 15 14 2 
1480182934 1.5 5 2 4 15 7 3 9 
4689530220 1.5 5 4 19 3 8 0 10 
3464227178 1.5 6 6 0 9 10 7 4 17 
7118603099 1.5 4 2 16 8 13 18 
2635209676 1.5 4 2 2 11 19 3 
7034725098 1.5 4 2 17 2 11 9 
10511604166 1.5 9 2 17 8 13 3 16 11 19 7 12 
4641931830 1.5 5 2 11 19 13 10 2 
1168601297 1.5 3 2 18 4 7 
69062950 1.5 6 2 7 14 17 16 0 2 
10537091736 1.5 4 2 15 17 18 1 
7213479088 1.5 4 3 2 6 10 14 
5280537385 1.5 6 6 2 6 13 12 3 8 
681591334 1.5 9 3 13 18 5 17 6 4 7 14 19 
8427220450 1.5 5 5 2 13 6 15 11 
6192155784 1.5 6 6 8 3 7 17 0 11 
4572922716 1.5 9 9 12 11 4 19 13 16 10 7 3 
4069953240 1.5 7 2 8 5 18 19 0 10 14 
1597188022 1.5 3 2 17 12 8 
10144690431 1.5 9 6 17 6 8 16 10 5 4 13 18 
9630027271 1.5 7 5 2 0 16 15 3 17 19 
10327871279 1.5 7 5 12 10 13 19 14 0 4 
784440086 1.5 4 4 14 10 5 11 
3182975259 1.5 6 2 6 1 9 8 7 0 
9956648183 1.5 3 2 16 2 9 
1341450529 1.5 7 3 7 2 0 10 6 8 19 
8865021403 1.5 4 3 7 16 5 17 
1043144494 1.5 8 6 17 0 15 14 1 11 2 19 
5820312569 1.5 5 5 8 10 16 1 4 
2147781858 1.5 4 2 3 0 15 2 
9519523817 1.5 9 2 10 15 8 18 7 6 2 14 17 
4633810200 1.5 5 2 12 6 16 8 1 
6707181870 1.5 4 2 1 14 13 9 
9431771860 1.5 3 3 4 5 19 
4550482269 1.5 4 2 5 0 16 19 
3726407786 1.5 4 4 19 0 2 4 
7511477535 1.5 6 3 6 15 17 7 5 3 
8725051120 1.5 8 6 9 3 11 8 16 12 10 7 
2421136128 1.5 7 2 1 9 8 19 11 15 12 
1130738332 1.5 8 6 10 3 18 1 8 6 14 4 
1624413180 1.5 3 3 6 0 5 
8256238485 1.5 5 5 10 0 12 8 18 
2888903612 1.5 5 5 12 11 18 19 7 
3733842570 1.5 7 2 18 8 15 2 12 4 5 
3862100878 1.5 8 4 5 15 14 12 10 19 11 0 
4885848331 1.5 9 5 13 10 8 1 9 14 4 2 6 
9968695686 1.5 4 3 10 8 7 4 
7421004053 1.5 5 4 4 7 17 6 1 
2984820665 1.5 5 4 2 7 5 12 14 
10553787299 1.5 8 2 3 17 11 2 4 0 18 7 
5006812257 1.5 9 2 14 19 16 18 15 10 17 0 11 
8614061284 1.5 5 5 15 4 3 5 12 
6072733159 1.5 3 2 5 18 15 
954151454 1.5 3 2 1 3 5 
5464881140 1.5 5 5 7 15 4 18 2 
5392531958 1.5 4 2 6 14 3 7 
7483917908 1.5 9 4 4 17 1 3 16 10 8 2 11 
8458306857 1.5 3 3 8 11 3 
2629221355 1.5 3 3 17 12 18 
7884849453 1.5 3 2 0 19 2 
2490727513 1.5 7 5 7 17 0 15 1 19 13 
6404885085 1.5 5 2 3 17 16 12 2 
5657746548 1.5 3 2 19 16 8 
8722796487 1.5 7 6 9 10 11 14 19 5 7 
5916116861 1.5 3 2 17 10 16 
7886063756 1.5 3 2 0 1 19 
1422408323 1.5 6 4 3 0 16 15 1 11 
320098191 1.5 7 6 18 7 17 13 11 8 14 
1007490002 1.5 3 2 0 15 8 
8892634616 1.5 6 6 5 2 8 10 15 12 
5431033113 1.5 9 6 19 9 5 6 7 8 0 4 16 
113768759 1.5 4 3 3 2 0 17 
8262152593 1.5 5 4 4 13 10 2 8 
6255240314 1.5 9 2 3 11 1 12 6 16 9 13 18 
6226748602 1.5 5 3 0 5 6 4 12 
1699721286 1.5 9 5 18 14 19 3 17 0 12 5 7 
7816621123 1.5 3 2 17 19 7 
5980736703 1.5 4 3 19 8 2 17 
1650196731 1.5 6 2 4 5 8 3 9 12 
8088048575 1.5 4 4 11 15 9 6 
5082907450 1.5 8 8 16 6 13 2 7 3 8 9 
2933274938 1.5 9 5 12 11 0 15 18 13 17 8 6 
4920364734 1.5 4 2 3 16 19 10 
1630082268 1.5 6 3 3 13 11 2 6 8 
3242377864 1.5 7 6 13 6 12 15 14 16 19 
1139553778 1.5 6 6 4 13 12 6 10 15 
6073314962 1.5 5 3 12 6 15 14 4 
2309698821 1.5 8 5 9 11 2 17 5 13 3 14 
9603395381 1.5 8 3 10 2 15 12 13 18 19 1 
9548443103 1.5 6 5 11 15 5 3 6 12 
141945492 1.5 3 2 7 18 11 
5481496749 1.5 4 2 19 4 10 8 
1272554511 1.5 6 2 8 19 5 0 18 10 
10725286109 1.5 7 4 12 4 6 9 8 10 11 
10510068927 1.5 7 4 11 6 1 12 16 14 4 
289453911 1.5 7 5 4 1 19 3 6 0 12 
2858094193 1.5 3 3 5 0 19 
7460789014 1.5 3 2 4 19 7 
5023252980 1.5 9 9 7 18 3 11 15 19 1 14 12 
9693523175 1.5 5 5 10 4 17 9 16 
4569479476 1.5 7 7 6 1 7 9 3 8 18 
8915343960 1.5 4 3 12 11 6 7 
7800466543 1.5 6 4 10 18 13 16 4 5 
2423234406 1.5 7 5 16 17 7 19 11 6 2 
6790730894 1.5 5 2 8 6 5 12 14 
4189662871 1.5 7 4 17 1 4 12 5 19 2 
3836546410 1.5 6 3 11 4 10 16 13 1 
4176953013 1.5 4 2 18 10 19 4 
3337509246 1.5 3 3 19 10 0 
531081877 1.5 4 2 12 1 10 15 
5476945461 1.5 7 5 11 1 16 3 9 2 18 
4046272093 1.5 3 2 11 16 6 
8527775405 1.5 7 4 19 7 4 12 8 13 6 
8642356367 1.5 6 5 16 1 11 8 10 13 
6374748966 1.5 5 3 17 11 7 3 2 
7548337055 1.5 5 2 18 7 10 3 4 
204305479 1.5 4 3 17 8 9 1 
3047542061 1.5 8 7 8 11 9 13 6 12 16 18 
5051475705 1.5 3 2 15 12 1 
2357693392 1.5 9 4 2 9 6 15 5 14 4 19 18 
2960919794 1.5 6 2 9 5 19 13 2 11 
6484009803 1.5 8 5 14 16 8 10 9 19 4 7 
50066321 1.5 7 4 10 18 3 17 1 0 4 
8065683519 1.5 4 2 16 8 14 2 
10417496222 1.5 7 7 7 10 9 1 6 17 14 
10005907148 1.5 4 3 0 7 16 4 
8816093697 1.5 6 4 18 9 10 2 8 19 
3585026303 1.5 6 6 2 11 13 10 19 7 
8243107264 1.5 9 2 10 12 0 6 11 14 13 3 15 
76774965 1.5 7 6 5 4 10 17 8 18 9 
3119978792 1.5 9 3 6 4 17 12 9 3 1 11 15 
2435694059 1.5 9 4 2 9 16 8 11 17 12 18 7 
8157085176 1.5 8 8 15 6 0 17 12 7 16 1 
1339154700 1.5 8 8 14 2 5 1 8 13 18 4 
9382594712 1.5 9 7 2 11 4 8 10 15 1 16 6 
6712111928 1.5 4 4 13 16 19 14 
9446357001 1.5 4 2 3 0 15 1 
5981417930 1.5 6 4 10 6 0 13 18 2 
8547075572 1.5 4 3 12 6 1 0 
877293413 1.5 3 3 3 0 5 
9471472389 1.5 3 2 9 15 19 
7841553757 1.5 5 5 18 13 11 4 7 
6961836257 1.5 4 4 13 19 16 12 
7654981980 1.5 6 4 13 2 17 18 10 16 
6532762087 1.5 5 5 14 2 19 17 11 
1463615229 1.5 5 4 6 8 16 12 11 
4560646762 1.5 6 4 2 13 4 7 19 15 
480798955 1.5 5 4 2 1 11 14 19 
6763255985 1.5 5 5 3 11 15 17 6 
7218821968 1.5 9 2 4 16 13 5 10 15 18 3 2 
8161197658 1.5 5 5 11 6 16 17 8 
1276125722 1.5 8 4 13 0 10 19 18 6 1 11 
9986857052 1.5 6 6 13 17 7 14 1 4 
1887047630 1.5 5 2 6 5 9 2 15 
2657808689 1.5 6 6 16 11 9 3 14 8 
9122571001 1.5 9 3 15 12 11 1 3 14 0 5 19 
510124323 1.5 9 5 17 5 1 11 19 0 13 8 7 
5461788963 1.5 8 8 9 8 6 14 12 1 2 19 
8542296688 1.5 7 2 15 5 10 6 19 7 17 
499123842 1.5 5 3 7 0 15 11 3 
5368533237 1.5 9 9 15 17 2 6 9 5 1 0 8 
653511328 1.5 8 4 13 18 4 9 14 0 12 1 
86493958 1.5 6 2 5 2 18 19 16 6 
10269946240 1.5 7 4 8 15 18 10 7 11 6 
8379683512 1.5 6 6 19 2 10 14 16 9 
8047300357 1.5 3 2 18 1 16 
2423592363 1.5 6 2 4 13 1 5 6 15 
3666326605 1.5 7 5 19 8 7 16 0 15 14 
8945364042 1.5 6 2 9 13 8 19 1 3 
10434145329 1.5 6 3 2 0 11 14 12 8 
10442474027 1.5 4 2 17 2 7 0 
3636392608 1.5 6 6 5 15 3 6 16 8 
9579320739 1.5 7 2 8 17 19 3 5 11 1 
6528345324 1.5 6 2 12 17 7 19 4 6 
9516568767 1.5 9 4 16 0 10 6 13 2 19 18 7 
9802118151 1.5 5 5 9 17 6 18 13 
382209880 1.5 3 2 2 16 0 
4246003424 1.5 7 4 2 9 15 3 18 5 7 
6399434863 1.5 9 2 0 1 2 18 13 5 7 3 6 
7242574910 1.5 7 4 7 10 16 2 15 14 8 
1651124868 1.5 9 7 6 0 17 10 15 16 19 9 7 
8568448050 1.5 3 2 10 13 5 
1290743550 1.5 5 2 4 2 5 14 12 
5816233561 1.5 5 3 17 6 7 16 0 
6063787628 1.5 4 4 7 0 13 2 
2341844087 1.5 5 2 1 2 12 17 6 
4624292192 1.5 5 5 17 4 11 12 6 
1630823724 1.5 3 3 8 18 15 
906015832 1.5 3 3 2 13 12 
5788040938 1.5 8 4 12 10 18 0 13 1 9 17 
291465968 1.5 4 4 9 12 5 7 
2352313751 1.5 3 3 18 1 6 
6070439384 1.5 3 3 0 11 6 
7121573184 1.5 9 7 8 14 7 17 10 5 6 18 19 
2022923593 1.5 5 4 0 1 18 14 12 
5074574239 1.5 4 3 9 8 13 19 
3990333160 1.5 9 3 8 3 0 18 5 12 2 13 9 
3682379836 1.5 7 2 0 15 18 8 13 6 12 
9536506440 1.5 5 4 1 7 17 5 13 
427377085 1.5 4 2 5 13 8 15 
6569044196 1.5 7 2 1 17 19 0 11 16 14 
10283178815 1.5 4 2 16 10 19 5 
7724209254 1.5 8 5 10 0 8 2 12 9 14 5 
8895143646 1.5 4 4 7 17 4 15 
2070561496 1.5 8 4 7 1 4 6 9 17 18 19 
5835762643 1.5 4 2 16 13 15 17 
5850664588 1.5 3 3 3 17 5 
1854368057 1.5 4 4 17 2 8 12 
8234024960 1.5 9 6 1 14 19 15 0 6 11 10 5 
8157033078 1.5 4 4 11 4 14 19 
5586032880 1.5 6 6 16 3 11 4 19 2 
2236507034 1.5 6 3 3 10 4 11 9 6 
1541934580 1.5 8 7 19 11 12 5 1 17 13 6 
5281371994 1.5 4 4 9 6 2 15 
3305115492 1.5 7 3 11 13 19 0 14 18 2 
4528442079 1.5 6 2 14 18 16 11 12 5 
4770584540 1.5 6 3 16 7 3 18 15 2 
8454579074 1.5 8 4 2 12 10 8 0 6 13 14 
9535969647 1.5 9 7 15 8 17 7 4 11 16 1 3 
9441265905 1.5 3 3 12 2 10 
2831415616 1.5 7 3 0 6 4 17 18 19 15 
4264473712 1.5 7 4 8 1 17 16 15 2 4 
6725399742 1.5 3 2 15 2 10 
411284376 1.5 8 5 11 12 0 13 19 14 8 6 
2577808894 1.5 4 2 9 18 1 17 
6318390024 1.5 4 3 17 5 13 2 
1147630754 1.5 9 9 9 17 19 7 8 3 10 4 2 
8625517794 1.5 5 4 14 19 3 17 0 
2127492330 1.5 6 4 15 4 9 0 5 17 
9415252445 1.5 3 2 0 15 19 
2559586361 1.5 3 2 0 15 19 
6589301984 1.5 9 2 18 7 8 6 3 19 4 0 14 
6342147130 1.5 6 6 4 17 10 8 1 0 
5729927540 1.5 8 6 15 4 6 10 1 5 8 19 
2073732901 1.5 6 5 16 15 8 18 2 3 
9490621869 1.5 8 7 8 19 10 13 0 12 9 16 
10699577334 1.5 6 5 18 3 17 19 0 7 
5073816510 1.5 6 4 14 2 7 10 4 5 
5477809066 1.5 9 7 17 11 13 16 9 1 4 14 0 
7343865288 1.5 5 3 2 11 4 8 15 
7519550472 1.5 7 4 15 1 9 0 3 14 10 
7238353348 1.5 7 7 18 13 9 15 16 4 5 
6342180313 1.5 7 2 5 16 11 19 15 7 6 
4170694664 1.5 5 5 5 13 2 17 18 
10529563998 1.5 6 3 14 8 13 9 16 18 
2204081787 1.5 7 5 10 15 7 19 16 6 8 
6579507055 1.5 7 5 2 17 9 4 14 18 5 
3047602836 1.5 6 3 11 15 13 1 0 9 
7620890276 1.5 4 3 12 8 9 2 
4239185004 1.5 6 3 12 9 17 5 10 13 
7241916316 1.5 9 5 0 1 9 18 7 19 14 16 11 
2390099600 1.5 4 4 5 9 6 17 
4865588340 1.5 5 5 14 3 1 10 0 
8206503553 1.5 8 2 2 9 11 0 4 16 13 14 
6052474182 1.5 7 4 16 4 9 6 19 11 10 
9748265854 1.5 7 2 17 2 13 12 10 3 5 
6201479873 1.5 6 6 16 3 0 19 12 14 
4805290248 1.5 9 6 19 3 15 9 0 18 12 2 7 
473492386 1.5 7 7 1 17 15 9 0 5 12 
1346770422 1.5 5 4 10 7 9 14 12 
8375024010 1.5 6 4 3 7 16 4 17 11 
2351813196 1.5 6 6 14 1 10 9 2 11 
1350123317 1.5 3 2 1 9 4 
3053985452 1.5 5 3 15 9 3 12 4 
8194273017 1.5 4 2 7 11 17 3 
10360204781 1.5 8 6 14 7 13 10 15 18 2 5 
8871391143 1.5 7 7 8 0 14 16 15 4 17 
7682360824 1.5 7 3 16 13 4 19 5 10 14 
4845978189 1.5 3 2 4 14 17 
3288921486 1.5 3 2 5 17 10 
3101867368 1.5 5 5 3 6 12 2 8 
4652137863 1.5 7 4 14 6 5 12 3 1 2 
10491350442 1.5 9 3 12 17 2 7 8 15 5 13 14 
6738691620 1.5 9 3 6 13 14 11 1 10 3 19 0 
9979532951 1.5 6 4 8 16 6 15 12 7 
3899454342 1.5 6 4 8 2 17 0 11 1 
8357866397 1.5 8 7 11 1 4 15 9 8 14 5 
9564064292 1.5 6 4 19 4 0 16 2 5 
7264273212 1.5 7 2 5 9 15 13 3 10 18 
5091251979 1.5 5 5 14 19 10 0 1 
9764698394 1.5 5 2 3 15 6 0 8 
4438106366 1.5 8 6 5 9 8 0 18 13 15 14 
3 812 45
10 346 16
16 581 7
12 145 14
10 805 41
5 460 4
14 748 31
1 177 5
1 44 5
5 314 37
13 661 4
1 203 46
9 841 1
15 517 45
19 593 12
4 575 10
18 319 45
17 540 37
10 253 43
17 157 11
6 700 39
9 748 44
18 926 37
17 590 50
9 131 35
11 376 20
4 90 18
14 772 3
5 987 26
3 13 7
1 498 39
12 776 48
6 252 15
11 134 11
17 239 34
13 595 50
18 200 18
18 208 35
19 985 49
17 243 36
3 678 9
16 170 0
4 580 29
4 735 1
12 24 24
10 814 8
17 721 2
10 903 42
2 790 47
10 398 21
14 809 12
7 170 28
1 206 20
11 87 34
14 609 38
13 690 21
14 26 12
3 425 15
18 315 17
19 517 28
10 851 27
16 452 0
19 914 38
18 362 13
15 233 8
13 659 18
0 545 35
15 456 16
0 859 47
0 131 20
7 100 0
2 82 1
7 248 16
16 46 32
17 165 22
1 637 16
1 866 47
10 740 34
2 749 34
14 539 49
18 615 6
14 332 7
17 988 38
15 111 4
6 587 0
18 796 6
10 678 4
1 701 4
12 825 2
3 60 50
5 703 50
19 926 21
10 533 3
11 502 36
17 122 18
15 528 27
15 96 25
15 181 11
18 436 22
6 778 8
