20 20 1000 100
1073741824 1073741824
1073741824 1073741824
1073741824 1073741824
1073741824 1073741824
1073741824 1073741824
1073741824 1073741824
1073741824 1073741824
1073741824 1073741824
1073741824 1073741824
1073741824 1073741824
1073741824 1073741824
1073741824 1073741824
1073741824 1073741824
1073741824 1073741824
1073741824 1073741824
1073741824 1073741824
1073741824 1073741824
1073741824 1073741824
1073741824 1073741824
1073741824 1073741824
1073741824
1073741824
1073741824
1073741824
1073741824
1073741824
1073741824
1073741824
1073741824
1073741824
1073741824
1073741824
1073741824
1073741824
1073741824
1073741824
1073741824
1073741824
1073741824
1073741824
3198148330 1.5 5 3 14 2 6 15 10 
423200987 1.5 3 2 8 4 0 
6846569430 1.5 7 5 3 8 18 2 17 16 7 
7804389173 1.5 6 5 8 16 13 7 6 2 
7131976241 1.5 4 3 4 13 14 12 
695845865 1.5 6 5 6 9 15 0 13 3 
6611327051 1.5 7 3 1 15 16 19 6 0 3 
10523563977 1.5 3 3 5 3 14 
9110546235 1.5 4 4 11 18 6 12 
1997262566 1.5 5 5 14 7 6 1 2 
6867446467 1.5 5 4 12 10 17 19 3 
1430677165 1.5 4 2 14 1 10 5 
4998231769 1.5 7 6 11 8 17 16 3 19 5 
9587677314 1.5 3 2 8 2 5 
2663822924 1.5 3 3 17 12 10 
773940564 1.5 6 6 8 1 10 18 14 5 
7865203294 1.5 7 7 9 7 3 12 5 10 19 
4501196477 1.5 3 2 2 16 10 
3516827237 1.5 4 2 7 4 3 12 
9177826983 1.5 7 2 9 8 10 16 15 17 19 
1673250863 1.5 7 3 5 17 10 6 16 18 0 
5690148758 1.5 3 3 19 12 0 
6486402874 1.5 5 2 1 10 18 5 14 
10371533227 1.5 8 8 5 13 4 7 11 10 18 9 
6822231057 1.5 6 6 0 14 7 10 13 15 
9171840585 1.5 4 4 17 8 9 3 
1051556682 1.5 8 8 4 10 18 0 6 9 15 16 
330084079 1.5 8 4 11 4 14 2 12 18 13 17 
8932950221 1.5 3 3 16 15 8 
3844673275 1.5 9 6 7 18 16 17 8 2 12 1 0 
3522585698 1.5 8 6 14 1 18 15 9 19 0 11 
1552987438 1.5 3 2 4 10 0 
6613474385 1.5 3 3 19 15 9 
9694295874 1.5 4 3 17 14 10 15 
1279524258 1.5 7 7 8 9 5 11 6 0 7 
8185978735 1.5 8 5 12 4 1 15 18 14 19 16 
5877222276 1.5 3 3 4 6 7 
3590145228 1.5 9 7 14 19 13 8 7 5 2 1 0 
5619307802 1.5 3 3 15 4 12 
5383178107 1.5 3 3 1 7 5 
8736928766 1.5 7 6 13 8 15 1 0 19 18 
6267702086 1.5 6 4 3 6 4 17 7 8 
4917538327 1.5 8 7 9 1 2 12 5 16 4 18 
8248964472 1.5 5 2 0 13 17 6 10 
4800712912 1.5 3 2 2 10 13 
5585553217 1.5 5 3 19 14 4 13 8 
6032320951 1.5 9 8 3 18 9 5 17 16 1 13 0 
674576765 1.5 4 4 8 12 3 2 
10468775609 1.5 6 3 13 7 14 19 15 17 
2864288938 1.5 8 6 19 7 10 18 17 8 16 14 
5000841056 1.5 8 7 12 4 14 3 16 10 8 13 
575246356 1.5 6 5 6 16 9 11 4 12 
8108573887 1.5 4 3 17 19 18 13 
355077474 1.5 3 2 18 2 8 
948463859 1.5 6 2 18 6 5 19 16 9 
6479130401 1.5 6 6 1 10 14 3 18 4 
5041913372 1.5 8 7 19 1 10 18 6 8 9 13 
9514421185 1.5 7 6 19 10 16 0 13 18 9 
6195060491 1.5 7 4 3 14 18 5 4 8 6 
7662864018 1.5 5 3 3 1 17 9 11 
9832522916 1.5 7 6 7 15 12 14 1 16 10 
6350422717 1.5 9 7 15 8 3 19 7 9 2 0 17 
7069472866 1.5 6 2 5 19 11 2 15 8 
8006529455 1.5 6 6 13 12 3 8 15 16 
7752288988 1.5 6 3 5 9 0 17 19 1 
10716281740 1.5 4 2 4 8 15 10 
2037236013 1.5 8 5 7 12 16 1 4 6 0 5 
257619844 1.5 3 3 18 7 19 
3563569633 1.5 3 3 1 8 9 
7757665183 1.5 6 4 8 16 13 12 11 19 
5159689177 1.5 4 4 6 9 8 14 
5525563569 1.5 4 3 11 15 4 9 
3554241278 1.5 5 2 11 15 19 7 9 
8444341221 1.5 3 3 8 10 18 
5784619151 1.5 7 7 15 12 19 8 0 13 18 
7073989597 1.5 3 2 8 10 17 
979856493 1.5 3 2 3 1 8 
8835126671 1.5 3 2 1 11 8 
8558530835 1.5 5 4 6 10 4 14 19 
8696264940 1.5 5 3 11 17 5 16 7 
6271197178 1.5 9 8 1 7 2 19 10 14 18 6 4 
5365383499 1.5 3 2 4 6 19 
7585088980 1.5 7 6 12 1 3 6 13 5 14 
5522875155 1.5 6 3 10 11 15 6 17 3 
2934875262 1.5 5 5 0 5 6 16 4 
3863054583 1.5 3 3 9 4 19 
8932668213 1.5 8 3 2 14 0 10 12 16 15 18 
7195448922 1.5 6 5 17 3 14 13 19 8 
6323626573 1.5 7 5 3 6 2 10 4 11 12 
2109449997 1.5 4 2 9 5 1 3 
7172088110 1.5 9 8 5 3 8 11 19 7 9 12 0 
9211270600 1.5 6 6 7 1 6 18 5 2 
2971203793 1.5 4 4 14 7 4 17 
7733050993 1.5 9 9 9 4 18 16 13 3 15 0 5 
4047442691 1.5 3 3 18 1 9 
5730870054 1.5 3 2 15 4 2 
314855913 1.5 4 4 13 18 12 6 
6321428857 1.5 3 3 13 11 12 
5889095162 1.5 3 3 4 0 18 
9462176459 1.5 7 7 18 19 9 6 13 8 7 
7644808597 1.5 6 6 1 9 11 13 7 0 
4678453353 1.5 8 6 11 0 17 19 18 12 16 6 
3248611995 1.5 3 3 7 14 9 
3749967995 1.5 6 4 2 6 14 0 8 5 
8558288622 1.5 8 2 7 0 17 10 5 9 13 8 
6319518639 1.5 4 2 4 19 5 9 
7359007492 1.5 3 2 17 9 5 
1291265810 1.5 7 5 14 18 0 19 6 3 5 
5705932557 1.5 7 6 9 19 4 13 1 16 18 
9201925515 1.5 9 6 15 10 17 19 14 5 16 9 2 
8855997890 1.5 5 5 13 7 8 11 0 
3137411289 1.5 5 5 10 5 19 9 18 
2127158749 1.5 5 5 10 6 18 15 8 
4012750478 1.5 7 2 8 13 17 2 18 12 15 
2814707065 1.5 9 9 17 11 12 18 3 16 19 15 10 
2476987756 1.5 3 2 12 9 6 
6538303958 1.5 3 2 2 1 13 
8665597702 1.5 8 2 19 13 1 17 3 16 11 15 
7619530615 1.5 5 2 3 16 0 15 18 
5538515653 1.5 4 4 2 8 1 11 
109614832 1.5 3 2 4 7 3 
265274129 1.5 9 5 10 1 16 13 2 5 9 8 19 
7767152764 1.5 5 5 17 4 8 16 11 
4829885870 1.5 3 3 6 2 9 
6793361437 1.5 9 2 8 17 19 7 18 13 15 3 14 
10654185788 1.5 7 7 4 6 5 18 1 19 9 
10595039196 1.5 9 3 4 19 9 15 8 18 1 10 0 
384071252 1.5 5 2 9 6 5 1 19 
7358462556 1.5 9 2 18 8 15 1 7 0 19 13 3 
8578289217 1.5 3 3 2 3 15 
848439467 1.5 3 2 8 5 19 
9602127962 1.5 3 2 16 5 2 
7245269733 1.5 8 4 13 2 0 9 7 18 10 16 
2226513247 1.5 7 2 3 12 14 1 13 19 15 
8672449486 1.5 8 8 7 17 11 14 5 1 3 6 
3598330526 1.5 3 2 18 5 9 
6061818615 1.5 7 2 3 4 0 19 6 13 11 
273048211 1.5 4 4 18 9 7 4 
5339982340 1.5 9 6 13 15 4 16 0 2 1 17 5 
7512078958 1.5 9 7 7 14 17 4 2 6 12 10 1 
9609502924 1.5 7 2 3 1 8 15 19 11 12 
5129350505 1.5 3 3 11 12 2 
1312323534 1.5 5 5 7 17 10 2 15 
6230070249 1.5 6 6 0 1 8 3 12 2 
9628702671 1.5 8 2 14 4 5 16 11 3 9 13 
4697671392 1.5 5 3 14 17 13 8 7 
7309057286 1.5 4 2 8 10 16 6 
6470117747 1.5 8 7 11 13 4 8 14 0 9 15 
1631585874 1.5 8 4 1 13 12 6 4 7 9 8 
8672238428 1.5 3 2 12 9 0 
8102017640 1.5 8 7 16 7 5 15 9 8 0 10 
10453266931 1.5 6 5 16 19 7 9 1 13 
7690411095 1.5 6 6 12 18 16 14 10 5 
8951940173 1.5 9 5 3 9 15 16 2 7 18 8 11 
10393235788 1.5 9 2 2 12 7 6 16 1 9 14 8 
4871939754 1.5 5 5 5 12 7 13 19 
960973767 1.5 9 3 6 14 7 2 15 10 9 18 12 
5340958259 1.5 9 7 4 10 19 13 14 5 8 11 6 
3599482286 1.5 7 7 13 3 8 11 18 6 0 
6178317773 1.5 6 4 2 8 6 13 12 19 
10726532937 1.5 3 3 8 9 5 
10353656070 1.5 5 4 2 16 9 13 6 
7202857022 1.5 3 3 7 2 16 
9894741187 1.5 8 2 3 0 17 1 2 7 8 12 
9717094461 1.5 3 2 6 14 17 
1208671941 1.5 7 3 2 19 0 9 1 18 4 
626212433 1.5 9 8 2 14 10 13 12 19 18 4 9 
5254060633 1.5 3 2 13 18 16 
2193479630 1.5 4 2 18 9 17 15 
8448865325 1.5 9 9 7 0 6 1 14 15 2 5 18 
3928907108 1.5 9 5 18 16 10 0 17 11 15 6 4 
1819462946 1.5 4 4 11 6 13 19 
8937927201 1.5 6 3 10 8 0 5 7 15 
1371770005 1.5 8 4 10 13 1 19 15 3 6 7 
4605138030 1.5 3 2 17 10 18 
671874495 1.5 9 3 13 0 3 2 5 14 19 10 18 
9670567688 1.5 5 3 10 16 1 2 0 
5576096058 1.5 7 2 8 1 11 19 6 16 17 
5927693162 1.5 8 3 16 13 12 2 4 10 9 15 
2171140158 1.5 3 2 12 2 14 
6759979915 1.5 9 6 7 15 8 14 6 4 3 1 9 
2677594871 1.5 4 2 18 10 9 7 
4158054159 1.5 6 6 2 6 15 7 12 5 
1693335236 1.5 6 6 12 18 14 2 1 11 
6141595001 1.5 8 6 3 17 18 7 0 8 13 16 
8302830630 1.5 6 6 2 1 6 5 8 18 
6723311914 1.5 7 6 10 9 5 0 15 2 11 
3432916844 1.5 8 3 5 17 13 6 18 16 9 8 
116449160 1.5 6 2 12 6 0 17 19 5 
6622468017 1.5 4 2 16 12 19 1 
2109003341 1.5 9 3 0 9 6 18 19 2 14 16 5 
6611106060 1.5 3 3 5 18 2 
3658428169 1.5 6 3 9 13 11 19 10 6 
808637200 1.5 8 2 10 4 6 8 13 11 9 19 
8601210018 1.5 7 3 2 0 8 17 14 16 13 
10637402669 1.5 8 8 2 6 3 13 18 10 14 16 
159380274 1.5 5 3 0 3 15 11 7 
4903989610 1.5 3 2 5 8 15 
1408638082 1.5 7 3 6 14 5 19 3 12 7 
1140337426 1.5 3 3 6 10 2 
10681683638 1.5 5 4 13 17 0 18 9 
10290577515 1.5 6 3 12 15 3 9 2 0 
2690278674 1.5 8 6 3 18 10 1 2 11 16 13 
8787799733 1.5 9 6 7 4 18 16 17 13 8 1 19 
1447467678 1.5 3 2 2 12 17 
3570403262 1.5 7 2 2 8 12 10 9 7 0 
8528788797 1.5 6 6 0 9 12 5 6 18 
2159713293 1.5 4 2 3 15 9 7 
3988169025 1.5 5 4 8 14 9 4 6 
9905754219 1.5 7 6 9 11 7 4 3 15 16 
9404285537 1.5 7 4 16 4 17 13 8 14 9 
3609574882 1.5 8 2 14 3 7 15 2 9 17 1 
5721908425 1.5 4 3 18 3 2 15 
2166893159 1.5 3 3 18 14 4 
1237212120 1.5 6 3 3 18 2 1 17 8 
3251876847 1.5 4 4 2 3 12 9 
3201642772 1.5 7 2 15 0 17 16 12 1 5 
950415692 1.5 6 4 16 14 6 11 15 2 
8652439414 1.5 9 6 3 6 14 13 1 10 0 15 16 
3330556691 1.5 7 2 16 8 4 7 17 0 3 
7875796515 1.5 4 2 10 16 15 3 
521146997 1.5 4 2 19 4 11 16 
3422708515 1.5 7 6 1 14 15 6 2 0 19 
3901063591 1.5 6 2 2 0 12 15 9 11 
5231419378 1.5 5 5 13 4 19 0 9 
5528717794 1.5 4 2 8 14 7 3 
1425429714 1.5 8 4 10 1 12 3 4 15 8 0 
9915937347 1.5 7 3 17 9 5 13 18 4 0 
5733560142 1.5 7 2 1 5 11 18 6 15 12 
7454663126 1.5 6 5 5 14 19 4 12 15 
8769609725 1.5 8 4 16 11 2 1 14 17 9 12 
1140655569 1.5 4 4 15 0 5 16 
2381752270 1.5 4 2 12 5 9 0 
10322024560 1.5 8 3 13 3 7 5 19 9 16 10 
5599726542 1.5 5 2 13 8 15 3 12 
9684081636 1.5 8 3 0 18 12 15 2 8 5 7 
7973721116 1.5 5 5 10 9 4 13 11 
515028802 1.5 8 6 17 11 16 9 10 2 15 4 
3951283173 1.5 4 2 12 15 5 17 
5473690689 1.5 7 7 18 19 8 5 7 0 3 
10110856962 1.5 5 3 11 10 0 13 16 
531685387 1.5 3 2 9 5 7 
256360805 1.5 8 2 10 17 11 12 19 15 5 14 
1545512717 1.5 6 5 19 3 5 1 14 15 
7391532118 1.5 5 4 14 1 9 3 15 
2591901211 1.5 9 8 5 17 0 11 1 14 18 9 15 
10660882041 1.5 5 3 8 7 14 5 16 
1274935791 1.5 3 2 7 14 17 
1566201875 1.5 3 3 19 12 4 
4432490992 1.5 4 3 5 19 18 6 
9503233098 1.5 4 4 5 2 0 13 
2842448932 1.5 4 2 9 1 16 7 
2791197649 1.5 3 3 2 14 3 
8344296329 1.5 8 2 1 0 6 19 13 5 17 10 
1060279606 1.5 7 4 4 11 3 8 13 15 1 
276327558 1.5 9 9 18 0 19 15 11 12 8 9 16 
6374990236 1.5 4 4 0 8 16 18 
7229293951 1.5 9 8 8 17 11 5 3 9 14 16 12 
5008588105 1.5 5 5 15 12 7 8 0 
2302222999 1.5 3 2 1 15 16 
2855836827 1.5 3 2 14 19 4 
10493811630 1.5 6 6 5 19 10 4 13 2 
1580774390 1.5 5 3 14 1 19 15 8 
9807217162 1.5 8 3 5 7 12 2 1 16 9 0 
1404986695 1.5 5 2 1 16 14 13 2 
2003706320 1.5 6 6 16 19 3 15 1 0 
6446948803 1.5 3 3 7 8 18 
1210665564 1.5 8 4 2 0 15 4 1 17 13 10 
6895087440 1.5 3 2 10 1 16 
1156847482 1.5 7 2 0 10 17 2 14 3 5 
8741791938 1.5 4 3 13 18 10 8 
8478028838 1.5 3 2 19 8 2 
7637292213 1.5 9 9 5 2 16 11 8 3 17 18 4 
7833903509 1.5 7 6 19 5 15 8 2 3 1 
1843881104 1.5 8 7 11 15 19 12 10 16 9 7 
4015874527 1.5 4 4 9 15 11 0 
13319758 1.5 9 7 15 4 3 9 7 5 2 1 12 
7132781782 1.5 5 5 14 18 7 4 15 
6501898688 1.5 6 2 1 4 10 17 5 15 
5749771414 1.5 8 6 1 16 13 3 4 18 19 7 
6567053396 1.5 9 5 16 15 7 6 12 13 18 17 2 
772363061 1.5 6 3 5 2 13 4 7 1 
6803427623 1.5 8 6 18 3 4 7 2 8 9 14 
2916789336 1.5 4 4 2 8 15 0 
7444114381 1.5 8 4 0 12 7 8 19 6 4 14 
923279525 1.5 7 5 5 1 11 15 19 12 0 
6906788568 1.5 3 2 11 17 1 
2358496920 1.5 5 3 0 4 15 10 16 
4063736787 1.5 3 3 16 2 9 
325210893 1.5 6 6 13 9 11 15 1 5 
8124190937 1.5 6 3 3 14 1 17 11 5 
1687470049 1.5 6 3 15 6 14 8 16 17 
2323772749 1.5 3 3 4 6 10 
9020174750 1.5 6 5 18 2 4 5 10 6 
9480011249 1.5 9 9 5 2 12 4 11 13 14 18 17 
7996655762 1.5 3 2 14 13 8 
4480710903 1.5 6 4 17 2 16 9 0 6 
6585879859 1.5 8 3 3 16 14 12 11 1 0 4 
3711230685 1.5 8 8 1 6 11 16 15 14 2 7 
6523090020 1.5 6 4 6 18 4 0 3 12 
1133214837 1.5 8 3 5 17 1 10 14 2 12 6 
9934198567 1.5 8 5 12 15 17 16 10 19 14 11 
2394307963 1.5 6 5 13 7 16 17 4 1 
9632706948 1.5 8 7 17 3 7 19 12 0 14 13 
42778695 1.5 6 6 16 3 7 5 13 4 
8914512234 1.5 4 4 15 0 4 3 
4962071401 1.5 8 7 8 16 14 9 13 6 4 12 
9889815756 1.5 7 5 1 6 14 5 18 11 2 
6068916183 1.5 9 2 17 9 14 18 8 3 7 16 11 
9954640296 1.5 7 3 14 4 15 1 10 2 13 
3391853653 1.5 8 5 15 8 16 10 7 6 1 13 
2474721328 1.5 5 4 17 12 3 11 7 
1425003017 1.5 5 5 6 15 2 12 11 
4786143573 1.5 6 4 12 4 3 18 2 16 
413022025 1.5 9 4 14 5 1 13 15 18 8 9 10 
3624191367 1.5 5 3 17 5 6 0 2 
2802432319 1.5 4 4 5 12 6 7 
6590682684 1.5 5 4 4 19 13 17 10 
2200656127 1.5 5 4 8 1 4 17 13 
1246958906 1.5 5 3 7 18 1 9 15 
5900931915 1.5 4 3 16 5 9 7 
5029986074 1.5 3 3 1 17 7 
6576633374 1.5 3 2 8 17 15 
1109680362 1.5 5 2 19 11 9 8 7 
1414530341 1.5 6 6 2 10 0 7 19 8 
4154400538 1.5 3 2 1 14 6 
10090204624 1.5 7 4 18 3 1 2 13 5 8 
325046518 1.5 8 4 2 8 16 13 3 12 17 5 
3645198227 1.5 8 2 17 5 10 4 14 3 9 12 
7229148424 1.5 6 6 3 10 15 17 11 5 
9566792015 1.5 4 2 12 16 17 5 
9243119637 1.5 6 2 15 10 18 14 2 17 
10591301881 1.5 9 8 17 12 18 6 1 16 9 15 8 
939435950 1.5 8 6 4 9 14 8 11 17 13 5 
6937204597 1.5 7 7 10 6 9 4 1 5 13 
1580205227 1.5 9 6 2 17 10 8 4 14 6 5 15 
3034144722 1.5 7 7 2 1 18 0 12 13 11 
7651559218 1.5 9 8 15 14 16 4 2 12 8 13 11 
1659272111 1.5 5 4 10 4 19 11 12 
10514979518 1.5 7 7 4 17 18 6 1 10 8 
5039666082 1.5 9 5 0 2 18 15 13 7 14 11 9 
9045078676 1.5 4 2 2 13 3 17 
5751351832 1.5 4 3 17 14 3 9 
2879593651 1.5 5 3 4 15 10 7 14 
7564236137 1.5 3 2 2 3 11 
7401870764 1.5 6 6 11 4 17 10 18 9 
4692857897 1.5 7 2 17 12 14 1 4 3 8 
7478340922 1.5 5 4 1 14 0 8 11 
1421680573 1.5 3 2 16 18 12 
2769222965 1.5 7 7 1 7 8 12 2 9 0 
8694621688 1.5 4 4 15 10 16 19 
8093143995 1.5 4 3 0 12 1 18 
1292409162 1.5 4 3 19 11 7 4 
7488941283 1.5 5 4 7 19 11 17 6 
2211458054 1.5 8 6 8 10 6 7 3 11 4 13 
5456226941 1.5 9 8 15 3 16 9 17 13 2 14 6 
3910743301 1.5 6 5 13 17 6 9 10 4 
790437607 1.5 5 4 13 12 14 19 0 
4856733744 1.5 9 2 13 9 10 4 7 17 0 19 12 
6686809634 1.5 8 2 0 12 18 6 2 19 1 9 
8356064561 1.5 4 2 16 19 12 10 
782133842 1.5 8 2 13 16 3 2 12 6 14 7 
9475317623 1.5 8 7 6 0 5 1 14 17 8 16 
10685295786 1.5 3 3 11 7 2 
1740476434 1.5 3 2 15 10 3 
3194343933 1.5 3 2 14 12 13 
5555414156 1.5 5 4 11 8 14 16 3 
7808468748 1.5 8 5 11 9 18 12 4 5 3 0 
9551623444 1.5 8 4 2 3 11 6 12 17 13 19 
9630976656 1.5 7 3 16 0 19 2 7 9 10 
5137103045 1.5 4 2 9 16 15 1 
591813794 1.5 5 4 13 14 11 0 8 
5267798577 1.5 4 3 5 18 6 8 
7275772534 1.5 6 3 5 18 2 3 12 10 
4590968104 1.5 5 2 5 3 11 8 2 
7222901738 1.5 6 4 3 16 14 11 19 18 
5862010829 1.5 5 2 3 18 9 6 0 
5315593271 1.5 3 2 8 2 19 
5495431318 1.5 7 6 8 7 4 19 10 15 0 
4069022308 1.5 6 6 4 3 19 12 13 17 
7549557481 1.5 3 2 2 3 11 
3245632241 1.5 9 5 2 19 13 16 5 17 18 9 0 
7224409748 1.5 4 4 5 1 4 2 
10732588376 1.5 9 8 5 7 18 13 3 8 17 19 9 
4018498438 1.5 7 4 2 15 16 12 9 5 3 
8534121077 1.5 5 2 11 6 16 15 2 
43429591 1.5 6 5 3 15 2 10 9 7 
1509095115 1.5 3 2 13 18 3 
425904598 1.5 7 2 0 14 9 6 7 13 2 
2575591511 1.5 3 2 17 8 16 
1461781588 1.5 7 7 17 13 2 5 9 10 12 
10569349834 1.5 3 2 4 17 2 
6462614155 1.5 3 3 0 13 9 
6410463735 1.5 9 8 8 10 2 9 16 18 11 7 15 
6603153141 1.5 7 4 10 8 17 6 4 0 15 
6641382182 1.5 3 3 14 9 11 
8267941966 1.5 9 9 18 8 15 2 12 6 11 1 13 
683281208 1.5 4 4 10 16 12 15 
3501116392 1.5 6 2 10 1 9 6 4 16 
5527608086 1.5 9 5 8 19 12 10 6 9 18 14 1 
10099853542 1.5 7 5 0 19 16 6 10 1 15 
4354401412 1.5 5 2 2 5 10 11 12 
8999308418 1.5 3 2 7 2 11 
9244088489 1.5 9 4 17 5 15 3 7 8 1 6 9 
1501902485 1.5 6 5 14 8 7 15 13 5 
5467082348 1.5 9 2 10 12 14 0 6 8 9 13 3 
2803821073 1.5 9 2 19 15 14 9 5 0 12 18 13 
7703841803 1.5 8 6 14 3 19 17 16 1 11 12 
2053011457 1.5 6 6 14 6 11 10 0 13 
6744412611 1.5 6 4 5 13 0 12 6 19 
7547982701 1.5 6 4 14 6 1 12 2 11 
1383200554 1.5 6 6 8 13 4 2 12 18 
593427273 1.5 6 2 11 16 19 7 0 9 
210972514 1.5 8 4 14 6 18 11 10 15 5 0 
3511881831 1.5 8 4 2 7 9 12 14 18 10 5 
5786050785 1.5 7 5 18 6 14 16 3 9 1 
2260508329 1.5 6 4 17 3 14 5 7 15 
3087595582 1.5 5 4 13 16 0 10 18 
2801904689 1.5 8 8 17 4 13 14 3 2 10 12 
5117304698 1.5 4 2 0 13 19 15 
1108258727 1.5 9 3 17 1 7 19 3 8 11 4 15 
2784927406 1.5 8 8 5 12 1 2 18 9 7 10 
4126138796 1.5 5 5 13 14 11 3 17 
9317714962 1.5 9 4 11 8 19 2 18 17 4 14 12 
7598074444 1.5 3 3 2 4 12 
6448859384 1.5 3 3 5 19 17 
2629028492 1.5 3 2 17 18 10 
6006348885 1.5 5 4 11 16 9 7 8 
3948756444 1.5 3 2 4 11 8 
3518900141 1.5 6 3 9 7 15 10 2 1 
4171062242 1.5 4 2 2 17 12 7 
7007497319 1.5 7 3 0 13 8 17 18 5 16 
5106634396 1.5 9 8 0 9 8 4 13 5 2 12 14 
4209334410 1.5 6 4 3 5 2 12 17 13 
5553457341 1.5 5 4 12 2 17 16 1 
5152190289 1.5 8 7 9 11 6 7 17 0 4 1 
3730402568 1.5 4 4 19 16 0 10 
5191928283 1.5 9 8 14 9 8 2 18 11 19 17 16 
5786085016 1.5 5 3 0 10 5 8 16 
4566134913 1.5 7 2 4 12 0 15 9 3 6 
7889114233 1.5 3 2 0 11 9 
3615000672 1.5 7 4 5 6 7 4 17 19 18 
7370505455 1.5 7 7 19 13 2 6 4 0 1 
1176904655 1.5 6 3 14 12 17 16 15 0 
9475335026 1.5 5 2 11 7 14 9 4 
2453481365 1.5 5 5 6 9 18 13 11 
2855003674 1.5 3 2 4 11 19 
307195047 1.5 6 4 12 15 0 13 10 6 
2894523445 1.5 4 2 6 9 4 13 
1818668071 1.5 5 3 11 17 16 4 5 
10117263717 1.5 4 3 18 17 16 12 
1128592303 1.5 8 6 4 0 10 7 13 9 15 19 
5404785582 1.5 7 3 16 15 0 18 1 11 7 
3433490868 1.5 7 2 9 8 0 5 19 17 15 
4579826637 1.5 4 3 17 7 4 18 
2849792338 1.5 8 3 5 15 13 7 18 6 8 10 
4936001387 1.5 7 2 18 19 9 15 12 4 8 
627698102 1.5 3 2 15 8 9 
10349663239 1.5 9 7 17 10 0 6 3 12 18 13 15 
281292887 1.5 4 3 5 11 19 0 
278134999 1.5 8 5 13 1 16 15 5 0 7 3 
1400426343 1.5 7 3 6 9 14 5 12 3 19 
1612496676 1.5 4 3 7 8 9 3 
5484676912 1.5 7 6 15 11 8 9 14 0 17 
10608548022 1.5 9 4 9 15 1 19 13 10 12 2 18 
15179558 1.5 3 2 15 1 10 
1939668521 1.5 8 6 12 13 7 3 5 17 15 19 
8935964807 1.5 8 3 8 18 11 6 10 15 3 2 
9884653815 1.5 8 4 10 13 14 2 9 12 18 16 
10449087419 1.5 5 3 6 19 10 12 8 
4796185828 1.5 7 5 18 17 3 13 5 14 4 
10135142614 1.5 3 2 3 9 2 
4148901570 1.5 4 4 10 6 0 4 
5147734090 1.5 6 4 12 7 19 0 4 3 
4680476391 1.5 3 3 3 9 18 
4740125639 1.5 8 4 19 4 18 17 13 5 15 3 
10115441078 1.5 3 2 5 0 3 
1703932516 1.5 8 7 6 12 3 13 7 2 16 1 
5562931721 1.5 9 8 4 1 5 18 11 10 2 0 17 
1282384705 1.5 4 4 8 17 1 3 
8356000618 1.5 3 3 19 11 18 
6868752223 1.5 7 5 2 3 9 5 11 8 13 
4521779375 1.5 7 6 12 17 10 5 15 13 9 
4346467853 1.5 5 3 15 10 19 6 18 
4321364813 1.5 3 2 14 19 1 
4358387325 1.5 8 4 7 19 0 8 5 3 13 16 
4921760046 1.5 3 2 18 11 19 
3747551009 1.5 7 7 18 12 2 7 6 1 3 
5026645312 1.5 5 2 10 16 12 19 13 
4875819255 1.5 9 7 13 16 6 7 1 14 4 8 17 
1258863766 1.5 7 7 19 2 13 18 12 0 7 
9871374700 1.5 3 3 17 3 15 
5834810998 1.5 9 5 9 2 7 6 8 10 15 14 16 
176715124 1.5 7 4 6 2 13 0 19 14 17 
5455557810 1.5 6 3 17 19 11 6 1 2 
1395333369 1.5 8 4 18 4 11 0 12 8 19 3 
5358069018 1.5 3 2 0 15 8 
5626991553 1.5 3 2 13 15 5 
986868064 1.5 5 3 7 4 5 16 8 
120575712 1.5 8 6 2 14 10 6 16 0 8 17 
8961870550 1.5 4 3 6 15 7 11 
937411236 1.5 3 2 6 3 18 
4821744308 1.5 8 3 5 6 1 18 9 3 13 11 
4799465758 1.5 5 3 1 11 0 18 6 
6921189971 1.5 3 2 5 19 17 
6310687805 1.5 7 6 17 0 19 15 4 7 16 
7919933147 1.5 3 3 4 8 10 
9253273328 1.5 6 6 6 7 11 4 14 17 
10606577910 1.5 6 5 7 5 2 4 16 18 
7530311002 1.5 9 5 12 4 7 15 17 2 3 8 19 
1585677019 1.5 8 8 17 14 19 1 8 9 7 5 
1850862692 1.5 3 3 3 11 5 
5057808268 1.5 6 5 17 4 11 3 2 14 
9640612187 1.5 5 4 1 18 17 9 0 
5380016743 1.5 6 2 14 19 18 11 3 7 
2317096151 1.5 6 3 7 3 6 4 2 11 
10398325720 1.5 4 2 14 12 9 5 
9946348087 1.5 4 3 11 13 16 5 
2091037053 1.5 5 5 11 14 2 8 5 
4493214919 1.5 5 3 3 4 7 14 16 
5310150256 1.5 4 4 6 16 4 12 
4419792916 1.5 7 2 8 4 9 19 5 13 17 
9963802811 1.5 8 5 6 4 11 8 15 14 5 0 
3188839400 1.5 8 2 1 6 2 14 7 19 13 4 
10284719199 1.5 7 2 11 2 1 10 8 17 19 
7040611359 1.5 8 2 10 7 4 14 5 17 9 19 
8979642489 1.5 6 6 5 0 11 18 15 7 
2424622870 1.5 8 4 10 17 8 19 15 11 13 1 
5902628078 1.5 5 3 9 15 10 6 11 
10024635623 1.5 7 5 4 6 3 19 14 13 18 
2743455907 1.5 5 4 0 5 3 17 11 
3694281025 1.5 9 9 2 19 5 9 0 10 17 1 7 
10340157124 1.5 8 5 6 18 12 16 17 3 5 8 
10615181444 1.5 7 4 15 17 13 10 5 11 18 
2721786700 1.5 8 6 1 16 17 12 15 18 0 11 
7515280630 1.5 8 4 18 9 7 13 2 0 12 14 
7720837494 1.5 9 2 5 2 15 14 18 7 3 4 11 
4899861442 1.5 6 3 6 13 7 16 17 12 
1911310171 1.5 5 4 7 18 2 8 11 
6636385031 1.5 6 2 19 18 11 7 13 8 
6736348343 1.5 7 6 0 12 14 7 8 18 9 
6734602598 1.5 8 3 2 12 16 11 9 4 14 5 
9877084082 1.5 6 3 5 19 13 6 17 14 
490745243 1.5 6 5 15 9 16 3 10 19 
10211044698 1.5 9 9 9 8 0 12 15 11 10 16 13 
5532767506 1.5 8 5 17 3 16 0 10 11 6 9 
10649432539 1.5 8 8 7 9 2 14 3 10 11 5 
6711120596 1.5 7 7 10 14 8 1 16 5 13 
4658227529 1.5 8 5 13 14 1 9 19 16 18 11 
1833938222 1.5 5 2 17 3 18 10 19 
6500666140 1.5 4 4 19 15 7 16 
6594770675 1.5 6 6 9 4 12 1 10 11 
4374278074 1.5 5 3 13 12 1 19 7 
716643993 1.5 7 3 13 4 11 7 16 15 17 
542546535 1.5 3 3 9 4 14 
10026305105 1.5 7 5 17 11 0 16 12 9 8 
8788470772 1.5 9 3 10 6 2 5 17 15 3 11 9 
7266833735 1.5 7 6 14 9 8 12 17 5 16 
7610655925 1.5 4 3 19 11 9 3 
9222604637 1.5 3 3 16 15 9 
7785867862 1.5 5 5 0 18 5 13 15 
8873142189 1.5 3 3 11 0 14 
9562591032 1.5 6 2 19 14 3 4 0 12 
6455521046 1.5 9 4 9 12 18 10 16 15 2 5 1 
2154431930 1.5 7 5 19 18 0 8 2 7 1 
8995483123 1.5 5 3 2 16 6 3 11 
10345421161 1.5 6 3 7 3 17 0 2 9 
86844722 1.5 9 4 11 19 2 1 6 3 14 12 16 
4803306766 1.5 6 6 6 12 7 17 16 19 
5551789995 1.5 4 2 6 18 16 11 
3475514011 1.5 8 8 0 9 12 13 16 19 17 2 
492345977 1.5 8 7 6 3 9 13 10 18 5 14 
1600105469 1.5 6 6 8 18 19 10 14 17 
8323838018 1.5 7 7 10 3 5 19 12 7 0 
2591540132 1.5 3 3 2 0 14 
4673295974 1.5 5 3 14 16 0 17 6 
9990121564 1.5 7 6 18 3 11 0 9 1 15 
10488603805 1.5 8 4 8 7 0 2 11 13 16 14 
7071148303 1.5 3 3 6 14 1 
369019640 1.5 4 2 1 9 17 0 
9241417937 1.5 8 8 13 15 17 9 18 19 0 2 
731121464 1.5 6 2 2 5 11 18 4 0 
1048365590 1.5 3 3 2 16 17 
10059703488 1.5 5 5 4 8 2 15 17 
2060426244 1.5 9 7 18 2 5 16 11 1 3 15 9 
9388683356 1.5 5 3 15 7 4 19 17 
10111100145 1.5 8 5 13 6 8 18 10 4 17 2 
7694435452 1.5 4 2 6 9 19 10 
856353834 1.5 6 3 11 19 12 9 6 7 
2808970270 1.5 8 2 3 5 7 19 18 12 15 6 
3721855027 1.5 6 2 11 9 15 4 2 5 
9630106394 1.5 7 2 2 8 17 18 9 19 7 
8028939569 1.5 5 5 15 12 4 16 5 
10477399767 1.5 8 4 13 14 0 17 18 15 11 7 
1547680295 1.5 7 6 10 4 1 6 18 12 13 
9041284844 1.5 6 4 7 18 4 17 2 0 
6695544521 1.5 7 4 16 11 18 3 0 19 6 
8282619964 1.5 4 3 2 13 17 15 
2171273906 1.5 7 4 3 1 0 2 8 12 11 
3636396356 1.5 7 6 1 6 13 9 14 11 18 
3069861775 1.5 6 4 5 6 9 0 11 10 
2257848738 1.5 3 3 8 0 13 
8536610834 1.5 8 3 5 8 2 4 10 11 12 18 
4073256358 1.5 9 6 10 1 18 9 4 19 7 3 0 
7273397271 1.5 9 5 9 6 13 11 0 12 10 2 17 
2370928357 1.5 7 3 2 6 17 13 8 18 14 
98035250 1.5 6 5 7 13 2 17 12 4 
5152937966 1.5 5 2 19 6 9 7 11 
5896677514 1.5 6 4 17 4 14 16 15 0 
825153579 1.5 5 3 3 15 16 0 5 
8196366936 1.5 9 4 1 18 11 17 8 2 15 3 0 
5913470929 1.5 8 8 16 10 13 3 12 5 7 9 
7990700702 1.5 4 3 5 19 4 6 
3153333410 1.5 9 5 18 1 5 11 19 9 14 8 2 
9901258487 1.5 5 4 6 4 10 19 18 
5862277367 1.5 5 4 17 13 14 15 7 
482137840 1.5 5 5 14 13 1 6 8 
9224558497 1.5 8 2 14 0 5 1 9 13 16 4 
6244771895 1.5 4 3 16 14 19 11 
4562042748 1.5 4 4 10 16 14 13 
5091377202 1.5 8 4 1 7 17 13 3 11 14 12 
4610905174 1.5 8 3 13 17 4 9 14 18 12 3 
7388013113 1.5 3 2 9 1 7 
1914408787 1.5 9 6 4 12 19 5 7 3 10 17 1 
2707536833 1.5 8 5 17 1 14 5 7 2 6 9 
5449549878 1.5 3 2 2 14 7 
7659458388 1.5 3 2 14 16 10 
2695225171 1.5 6 3 10 18 8 11 5 3 
6756516244 1.5 5 4 14 7 8 10 0 
6224428471 1.5 8 8 4 14 12 6 15 16 13 2 
1384927680 1.5 3 2 16 14 10 
930611164 1.5 9 5 2 7 19 18 10 15 17 1 11 
4526766945 1.5 8 8 3 7 5 17 10 12 15 0 
4387519566 1.5 7 7 3 7 4 15 5 1 2 
1888679545 1.5 7 5 7 9 18 15 3 0 5 
7329343100 1.5 4 3 5 1 8 13 
1785465319 1.5 9 8 17 10 3 4 8 19 14 16 5 
6433664688 1.5 5 2 15 19 5 8 18 
3332398711 1.5 5 5 11 5 9 2 19 
1411206333 1.5 7 2 2 19 9 6 17 18 8 
6978199188 1.5 9 3 8 18 4 14 1 5 7 19 0 
217879431 1.5 4 4 0 1 18 2 
7856566217 1.5 7 3 5 11 3 18 4 0 7 
9136015468 1.5 5 3 19 2 15 5 18 
4035727815 1.5 7 5 1 12 11 0 6 2 8 
1863885133 1.5 5 4 11 0 2 17 19 
5703435690 1.5 4 3 0 16 5 7 
352891337 1.5 5 4 12 11 8 16 2 
4545225826 1.5 3 2 17 9 14 
5770431431 1.5 8 6 6 15 10 4 9 11 3 2 
3245050578 1.5 7 2 2 16 19 4 10 7 13 
3034027646 1.5 3 3 10 6 19 
2349380439 1.5 7 5 8 19 3 7 18 5 11 
4053699697 1.5 9 2 8 17 3 13 18 6 15 1 10 
5770392803 1.5 9 5 0 19 4 15 3 17 7 9 5 
2718556529 1.5 4 2 16 1 3 18 
550626453 1.5 4 3 6 16 3 18 
5480312363 1.5 8 7 2 8 0 19 10 18 14 6 
5891298078 1.5 9 2 4 18 5 0 8 1 17 19 13 
5120704225 1.5 7 7 9 14 15 18 16 6 2 
2328593881 1.5 8 3 0 7 4 19 9 8 17 2 
6966414152 1.5 6 6 2 13 16 4 17 0 
8819246004 1.5 8 2 10 4 16 0 13 8 9 11 
1901691575 1.5 9 2 8 14 15 1 0 3 17 2 19 
2426432091 1.5 5 4 17 1 0 11 4 
585726153 1.5 6 4 9 19 16 15 11 8 
5981761197 1.5 7 7 6 0 9 15 7 19 14 
6720560151 1.5 3 2 3 13 4 
9588551648 1.5 8 3 9 8 11 10 0 3 6 17 
3778965569 1.5 8 8 15 2 7 8 9 10 5 11 
5919367563 1.5 9 6 14 15 16 6 12 4 10 8 13 
6574840735 1.5 7 4 7 18 17 6 16 1 4 
9150875948 1.5 5 5 11 3 5 7 14 
8107160531 1.5 6 5 14 16 8 0 2 1 
644392573 1.5 4 4 10 19 17 12 
1010331075 1.5 9 8 1 13 11 7 3 14 10 19 15 
5442002093 1.5 5 5 13 7 16 12 1 
1649759350 1.5 9 6 16 3 1 13 14 17 0 6 12 
6856550427 1.5 5 3 11 7 8 1 17 
7633522699 1.5 9 3 13 7 11 6 10 1 4 8 16 
10554379116 1.5 9 2 14 7 12 8 6 15 0 19 10 
3934979923 1.5 9 7 8 13 1 9 3 15 4 16 5 
1138017725 1.5 6 6 7 1 6 17 19 16 
115429144 1.5 3 3 8 13 16 
5437086037 1.5 7 4 2 4 16 5 17 8 10 
3337494714 1.5 6 5 1 8 7 2 5 12 
1090299806 1.5 4 2 10 5 12 16 
4600170 1.5 8 6 15 7 5 18 11 6 2 16 
10557327631 1.5 9 7 7 8 3 10 15 17 0 6 5 
10186050944 1.5 9 5 11 6 19 8 4 12 1 14 3 
4118975363 1.5 9 7 16 0 12 5 1 6 11 19 7 
8783707288 1.5 3 3 15 13 6 
5419726919 1.5 7 2 6 17 5 10 9 19 18 
7935279778 1.5 7 4 10 12 8 9 14 6 18 
1224284728 1.5 3 2 19 5 0 
2147515874 1.5 4 3 9 10 4 3 
2222062234 1.5 4 2 8 16 7 13 
7270848361 1.5 7 2 4 18 7 2 19 13 6 
498787217 1.5 7 3 1 8 2 14 16 0 11 
4821318114 1.5 3 2 5 6 11 
1711464105 1.5 8 8 14 12 7 19 11 18 6 17 
7900351141 1.5 4 4 13 6 4 15 
4666916038 1.5 7 3 17 14 7 10 9 8 11 
8874606053 1.5 5 2 9 0 10 15 8 
6065422966 1.5 6 3 18 9 0 8 12 14 
9716947211 1.5 7 4 8 2 14 15 18 11 3 
8821416403 1.5 8 6 3 4 10 16 5 7 15 13 
5672100115 1.5 3 2 12 9 17 
6599507347 1.5 5 3 14 5 18 8 3 
4226455813 1.5 8 8 2 18 8 14 10 6 1 4 
10665751432 1.5 8 4 2 1 19 17 4 14 8 3 
2463277616 1.5 9 8 14 17 16 2 10 4 19 5 12 
4607487105 1.5 3 2 16 13 6 
4587210210 1.5 8 2 19 15 9 13 12 5 2 18 
4899376192 1.5 9 4 13 10 3 5 17 15 1 16 14 
9564224248 1.5 6 4 11 9 19 3 17 8 
3722207093 1.5 4 2 10 5 18 16 
8295564973 1.5 4 4 15 8 7 4 
2866234639 1.5 6 6 5 4 14 18 3 8 
756777709 1.5 3 3 11 1 13 
2075896196 1.5 7 2 4 16 15 11 6 5 9 
6131980351 1.5 4 4 11 13 9 8 
4177386726 1.5 7 3 6 1 0 19 15 14 12 
4219832282 1.5 5 4 16 8 15 10 14 
8152631304 1.5 8 2 11 4 12 2 9 18 16 15 
2423457991 1.5 3 3 6 0 13 
3796169533 1.5 8 7 14 10 11 7 18 5 8 3 
5164518798 1.5 6 2 10 14 2 19 5 9 
7548775975 1.5 7 5 2 9 10 14 13 0 1 
5218268638 1.5 3 2 15 6 19 
343660176 1.5 4 4 19 14 17 7 
8090656663 1.5 5 5 10 9 18 15 2 
4210384373 1.5 6 6 2 10 16 9 8 5 
10606815628 1.5 4 3 0 9 13 6 
692724701 1.5 6 2 11 18 17 1 5 4 
1383010819 1.5 8 2 2 14 13 4 1 6 15 18 
3516254067 1.5 3 3 14 9 7 
6358042709 1.5 7 6 11 2 8 19 4 0 17 
7522947282 1.5 7 4 17 12 6 16 2 7 15 
5006223892 1.5 7 2 16 4 1 5 15 18 12 
2194546743 1.5 4 3 7 12 4 2 
6857106642 1.5 3 2 16 17 3 
288858099 1.5 3 2 17 16 15 
3665317177 1.5 3 2 3 12 18 
2600154082 1.5 8 6 17 15 7 12 4 18 6 5 
3681979294 1.5 8 8 3 9 10 13 8 17 6 16 
9959091820 1.5 8 6 1 7 8 14 0 5 10 4 
7323045061 1.5 8 4 16 7 11 8 0 9 5 13 
6830200766 1.5 9 5 8 4 5 13 15 16 19 10 17 
7244176224 1.5 6 6 18 3 12 2 15 7 
5281848321 1.5 6 4 4 10 18 13 12 8 
8083312514 1.5 9 5 1 18 3 19 13 15 5 9 12 
381911039 1.5 5 3 5 0 10 16 14 
3729154297 1.5 4 4 15 8 6 1 
437067593 1.5 8 5 7 18 3 0 14 16 11 19 
296707842 1.5 8 8 16 9 19 1 15 17 13 2 
8035436997 1.5 6 2 13 9 8 17 6 14 
6403280918 1.5 8 6 13 3 8 10 11 2 7 0 
6044304578 1.5 3 2 2 13 1 
9116934428 1.5 4 3 17 0 14 16 
7936518845 1.5 6 3 4 11 8 13 3 12 
8306738319 1.5 3 3 15 16 18 
3503239224 1.5 7 3 2 0 5 17 16 10 14 
546710455 1.5 6 2 16 2 12 3 18 14 
1762471249 1.5 7 6 11 7 5 14 19 17 18 
3389867688 1.5 6 4 15 3 5 17 14 4 
5422036623 1.5 9 5 19 3 18 4 9 11 14 17 10 
10354217277 1.5 8 4 3 0 12 4 13 14 16 18 
9510690320 1.5 6 5 10 1 14 18 5 3 
9259214539 1.5 4 2 10 5 6 18 
6435431505 1.5 9 9 11 18 4 9 2 12 19 13 10 
6264160151 1.5 7 3 3 5 15 12 14 13 7 
8383821146 1.5 7 5 9 8 12 7 15 3 16 
6785757572 1.5 5 3 9 6 13 11 3 
6398974626 1.5 8 7 8 12 3 13 11 18 7 10 
6608944984 1.5 7 6 13 4 11 2 1 5 16 
2857475723 1.5 6 5 19 13 16 18 1 3 
4819606936 1.5 3 2 14 3 2 
3313387152 1.5 9 6 4 12 14 11 3 10 13 9 7 
1345198859 1.5 8 8 2 11 14 10 4 18 17 6 
2675697589 1.5 6 3 18 8 11 19 3 17 
4830034163 1.5 7 7 13 1 15 9 6 4 12 
8897426657 1.5 5 4 7 0 2 11 15 
8889644161 1.5 9 9 10 19 3 4 13 2 16 18 8 
414298538 1.5 9 5 9 0 10 6 16 2 19 13 15 
4649427550 1.5 8 8 1 6 17 2 8 3 13 14 
6282463328 1.5 4 4 9 17 11 4 
6068077290 1.5 6 4 16 4 13 11 3 18 
7146507961 1.5 5 4 19 14 13 5 16 
9674652163 1.5 9 7 16 17 6 3 14 9 15 13 1 
8709301139 1.5 5 2 5 13 6 19 3 
4871817167 1.5 3 2 14 19 18 
6589474148 1.5 4 3 0 10 15 2 
4654627733 1.5 9 4 5 19 13 4 10 18 17 12 3 
5339969859 1.5 3 3 1 19 15 
4790971727 1.5 3 3 2 16 5 
5704728779 1.5 5 2 9 5 2 15 11 
1202653730 1.5 8 2 6 3 12 17 8 2 0 11 
3722521263 1.5 3 2 17 0 12 
8775720218 1.5 9 3 5 19 0 7 12 15 10 18 9 
9673551140 1.5 7 7 5 1 7 11 2 19 13 
7824127420 1.5 4 2 12 16 15 0 
3748566154 1.5 7 3 9 0 11 18 2 16 4 
1948074762 1.5 5 2 9 6 5 13 12 
6385989027 1.5 6 3 13 8 17 5 0 12 
5924006714 1.5 9 2 16 2 13 14 3 1 11 8 10 
9396386374 1.5 3 2 7 12 16 
4605068814 1.5 5 3 15 3 2 10 12 
829997897 1.5 4 3 15 13 0 12 
6770335975 1.5 7 6 2 13 6 0 7 4 10 
6022140574 1.5 7 3 4 17 3 1 14 2 19 
1431609631 1.5 3 2 9 4 1 
5523317333 1.5 3 3 3 10 7 
4092253019 1.5 5 2 16 13 10 14 6 
3363796648 1.5 5 2 4 13 15 10 16 
937657638 1.5 9 3 17 18 13 5 14 3 4 1 10 
7457806202 1.5 3 2 17 2 8 
5619648188 1.5 4 2 4 6 9 3 
7105998418 1.5 6 6 15 5 14 0 16 4 
5704940749 1.5 6 4 11 10 6 15 13 1 
5215055776 1.5 8 7 4 17 1 14 13 0 7 6 
2946490476 1.5 5 4 5 19 4 3 2 
4312891105 1.5 7 6 14 2 0 11 5 13 16 
1874955935 1.5 7 4 14 3 12 13 18 0 5 
1184366237 1.5 8 2 9 16 15 1 6 10 4 5 
2595637035 1.5 5 3 1 7 16 14 13 
6794939877 1.5 3 2 19 9 4 
9590414927 1.5 8 6 8 12 13 7 14 16 2 17 
2780881031 1.5 3 2 14 16 11 
9921487497 1.5 5 2 14 1 17 4 13 
3489917306 1.5 3 3 7 17 18 
8984387663 1.5 9 2 2 7 9 6 18 14 15 4 10 
5744826036 1.5 6 3 10 4 8 3 16 0 
9937828291 1.5 4 2 18 7 10 4 
3512133907 1.5 3 3 13 10 8 
8831414746 1.5 5 2 16 0 1 8 9 
1958539212 1.5 3 2 0 15 18 
4254793154 1.5 7 2 12 1 13 6 18 8 7 
7767275933 1.5 3 2 19 8 11 
6938731805 1.5 4 4 19 13 9 4 
1309854973 1.5 7 2 1 17 11 3 4 18 5 
10362745861 1.5 5 5 17 4 1 18 0 
9313953423 1.5 8 3 12 0 19 18 2 8 3 13 
9070574573 1.5 6 3 1 6 12 11 16 18 
464840928 1.5 9 5 3 14 0 6 19 15 9 4 13 
1034290546 1.5 6 4 16 15 11 3 1 5 
3583397181 1.5 7 7 9 19 4 14 17 1 10 
6471091633 1.5 6 3 11 9 6 12 19 13 
2206938186 1.5 5 3 12 1 10 4 18 
7356576071 1.5 6 3 18 19 17 2 10 1 
4966068449 1.5 8 6 16 6 14 1 19 18 7 0 
7923425162 1.5 7 4 0 7 8 9 10 4 5 
8411899593 1.5 3 3 16 1 13 
2572088417 1.5 5 4 18 8 14 0 16 
6916552603 1.5 3 3 14 9 19 
434571323 1.5 6 5 15 9 18 14 10 3 
1946567049 1.5 8 4 2 5 17 18 9 14 10 12 
1063186106 1.5 8 7 16 2 14 7 18 13 6 15 
65120262 1.5 3 3 4 6 13 
3187271581 1.5 9 2 0 7 3 10 13 5 15 11 2 
3168209745 1.5 3 3 2 16 19 
8902807914 1.5 6 3 0 8 1 6 15 14 
1365333791 1.5 8 4 5 13 12 0 2 4 3 11 
8311111604 1.5 6 6 6 8 16 0 7 12 
9771264763 1.5 7 7 1 10 5 16 18 11 2 
4990798228 1.5 6 4 1 12 7 2 13 19 
10416728665 1.5 7 6 0 19 11 16 18 17 8 
2723403354 1.5 4 4 19 18 0 8 
4973916838 1.5 6 3 3 17 12 2 5 6 
3974306442 1.5 6 4 0 9 6 17 12 10 
6300040237 1.5 4 4 13 15 17 12 
951980625 1.5 5 2 10 19 14 0 9 
2016212066 1.5 7 4 9 4 1 2 13 19 3 
8306081954 1.5 7 3 3 6 12 14 11 7 17 
12669781 1.5 3 3 3 10 9 
7187977986 1.5 4 2 10 17 1 12 
10630383124 1.5 7 3 7 16 14 8 13 4 3 
3998490775 1.5 3 3 16 2 19 
679096995 1.5 4 3 15 5 19 4 
2082265503 1.5 3 2 14 12 17 
668629987 1.5 5 4 1 9 2 8 11 
120236380 1.5 7 7 0 19 8 4 17 15 3 
2207896566 1.5 8 7 7 4 10 17 11 13 3 14 
8898224245 1.5 9 3 2 7 8 14 10 13 12 0 9 
10114500890 1.5 3 2 10 14 8 
1301693284 1.5 8 6 19 10 9 16 3 1 8 6 
2031833283 1.5 8 5 4 19 5 11 2 12 7 3 
1524314072 1.5 8 5 10 15 17 0 1 4 18 6 
10412740678 1.5 5 3 15 7 3 16 10 
751531210 1.5 9 7 5 1 6 16 2 18 7 17 4 
4947728962 1.5 4 4 4 10 6 13 
8420383542 1.5 4 4 7 8 14 12 
8161175695 1.5 3 2 14 3 2 
3573941612 1.5 9 3 15 4 3 11 7 14 10 1 13 
7955608814 1.5 4 4 5 0 15 11 
2782395588 1.5 6 5 9 12 4 0 1 8 
9319321739 1.5 9 5 6 2 11 15 13 7 17 19 10 
435837809 1.5 7 4 16 5 13 8 1 10 7 
6691648166 1.5 7 6 2 3 11 7 17 15 18 
8372014185 1.5 5 2 13 3 7 18 10 
7673498459 1.5 3 2 10 17 2 
3075505155 1.5 7 6 15 18 17 13 5 2 14 
7645936405 1.5 4 4 10 13 19 5 
5219574300 1.5 3 2 17 4 19 
7094374605 1.5 9 8 1 5 12 10 13 4 14 11 15 
4398038023 1.5 8 6 0 4 17 13 14 16 6 7 
6790044304 1.5 7 7 3 4 14 8 15 6 13 
515871056 1.5 9 3 11 1 7 19 9 18 15 13 3 
6223707556 1.5 8 6 0 5 19 14 16 6 15 2 
3070708140 1.5 7 4 3 17 11 9 13 0 14 
10146852353 1.5 5 5 13 2 6 16 11 
8368892411 1.5 6 2 5 19 3 13 15 0 
8570578054 1.5 8 6 12 4 15 16 7 8 10 6 
2683504803 1.5 9 5 9 12 11 1 19 2 3 8 15 
5213872756 1.5 5 3 9 0 19 6 15 
10083090551 1.5 9 7 1 18 3 10 13 15 7 5 12 
4193633976 1.5 9 9 1 13 15 16 5 2 7 19 6 
10705788719 1.5 3 2 19 1 8 
8734044025 1.5 8 7 18 11 15 16 6 19 10 5 
362627936 1.5 8 3 8 9 10 17 1 16 6 2 
4035056240 1.5 3 3 16 13 9 
4714422870 1.5 3 3 4 13 16 
160554550 1.5 3 2 1 2 13 
7990518423 1.5 6 2 16 8 1 19 6 17 
8609305145 1.5 4 4 1 8 10 16 
9097028658 1.5 6 6 14 4 5 7 10 12 
992046450 1.5 4 4 8 5 17 2 
4822762358 1.5 5 3 19 2 7 17 8 
8698000841 1.5 5 5 0 11 6 17 16 
2048871198 1.5 6 6 1 9 18 6 12 13 
2216048163 1.5 7 4 5 9 13 14 2 16 18 
7371326816 1.5 7 5 18 10 14 13 1 2 4 
5340182304 1.5 9 7 4 3 8 5 0 18 19 14 7 
9020548962 1.5 3 3 2 17 5 
5989451416 1.5 7 6 13 16 6 1 3 18 2 
3663399054 1.5 7 3 12 0 1 11 10 2 8 
7377880301 1.5 6 2 14 3 9 1 6 0 
10355083160 1.5 7 6 19 9 11 4 18 7 16 
1044558268 1.5 5 2 13 16 5 14 0 
9099657712 1.5 5 2 19 9 15 4 18 
2006067215 1.5 6 2 0 13 10 17 2 5 
8169063504 1.5 6 6 18 15 13 7 19 9 
575122446 1.5 3 2 0 5 1 
1626993850 1.5 6 3 7 19 14 5 16 2 
7501058166 1.5 7 5 19 2 18 17 14 11 8 
4798398930 1.5 4 2 10 5 0 8 
385292916 1.5 5 4 16 0 19 7 17 
8392627286 1.5 9 8 5 2 19 11 0 9 4 12 16 
7079976232 1.5 5 3 10 19 16 12 9 
1956069931 1.5 7 4 0 8 9 18 7 12 15 
6669788241 1.5 3 2 2 18 9 
6017519285 1.5 6 5 0 3 1 19 2 13 
8603636785 1.5 8 6 0 14 8 16 4 2 13 7 
9103469748 1.5 6 3 10 9 3 6 11 19 
5297429032 1.5 5 2 11 0 3 9 1 
2075915747 1.5 7 5 13 1 19 9 14 8 0 
463679053 1.5 8 3 1 3 12 0 9 5 2 4 
9149063520 1.5 4 3 10 18 0 16 
1783464893 1.5 6 2 11 15 10 3 13 12 
7377169118 1.5 9 4 14 2 11 6 17 3 18 0 8 
4708088808 1.5 5 4 11 12 1 0 7 
8827372421 1.5 3 3 18 14 5 
9636383348 1.5 8 2 19 13 3 7 4 9 6 5 
1018192933 1.5 4 4 5 2 6 16 
3748975191 1.5 3 2 5 4 12 
321018113 1.5 9 4 15 2 17 14 8 12 16 13 9 
7151392769 1.5 9 4 4 5 1 14 7 15 3 2 10 
8702572102 1.5 3 3 19 9 7 
8612909424 1.5 8 2 7 2 16 0 11 15 4 14 
9065468318 1.5 6 5 11 4 13 0 5 18 
8940600572 1.5 6 5 15 19 12 5 18 9 
2770704731 1.5 3 3 3 13 10 
4982433487 1.5 8 8 15 10 19 14 16 6 17 18 
5066600951 1.5 9 8 19 17 4 2 1 7 13 3 0 
4842872568 1.5 6 3 16 12 2 0 14 7 
2583814907 1.5 7 5 16 1 10 13 3 5 11 
4309072358 1.5 5 3 13 4 18 8 7 
4601659313 1.5 3 2 9 0 14 
8758700696 1.5 7 6 5 14 11 18 17 3 0 
7977315476 1.5 4 4 11 13 3 1 
1389551726 1.5 4 3 14 4 10 7 
9732673241 1.5 3 3 18 13 11 
583463788 1.5 7 7 3 18 19 14 15 17 9 
7203625810 1.5 5 2 8 14 18 0 10 
538598402 1.5 3 2 11 5 12 
3423297244 1.5 7 2 11 4 7 18 16 3 6 
9082679195 1.5 4 4 8 14 12 2 
8898910114 1.5 4 3 10 9 6 16 
2288190109 1.5 8 4 5 11 6 0 18 9 19 2 
992706193 1.5 8 7 10 16 5 7 18 17 2 9 
5341697151 1.5 4 4 9 8 13 2 
4088626444 1.5 3 3 10 4 13 
3202823751 1.5 8 8 8 12 4 11 14 3 6 0 
9164607819 1.5 8 8 12 3 0 13 1 4 10 6 
7802297054 1.5 8 4 15 18 8 3 2 5 6 7 
8598839856 1.5 3 2 17 16 4 
5741258796 1.5 9 5 0 12 13 14 9 10 15 1 3 
6290832834 1.5 7 5 1 6 8 3 4 10 7 
2736006663 1.5 3 3 9 2 18 
464920046 1.5 4 2 12 10 16 3 
19 73 32
10 430 35
13 226 40
10 915 20
5 915 40
12 677 8
7 9 17
9 548 18
1 310 10
2 861 18
1 666 8
19 338 32
9 439 2
1 292 33
6 10 4
12 102 40
6 624 20
18 462 49
18 78 35
6 356 26
15 753 42
9 209 19
11 358 20
5 698 10
16 284 39
6 843 25
9 32 16
16 163 29
16 538 10
18 642 0
16 488 45
9 868 34
17 749 4
5 48 3
8 770 49
17 59 2
9 277 1
0 681 25
13 965 33
7 725 33
12 428 6
2 65 36
16 688 34
14 202 46
19 662 39
19 361 7
7 386 45
8 237 50
11 115 38
10 77 34
13 499 27
10 207 39
17 987 26
15 24 6
5 20 35
3 35 21
15 562 21
9 962 41
12 278 28
8 32 16
14 765 15
19 349 37
2 864 2
11 629 8
12 919 1
11 563 26
18 798 29
5 833 31
1 52 33
15 492 18
15 324 8
9 338 27
2 789 17
16 97 13
13 279 48
11 342 13
6 709 3
18 94 48
19 431 46
16 351 44
6 212 19
13 979 3
7 966 44
3 367 24
9 702 36
0 56 39
3 900 29
10 578 35
9 976 50
8 276 49
1 852 46
15 344 44
1 603 8
1 847 20
15 359 25
4 858 33
10 519 33
19 83 28
9 617 41
15 61 4
