20 20 1000 100
1073741824 1073741824
1073741824 1073741824
1073741824 1073741824
1073741824 1073741824
1073741824 1073741824
1073741824 1073741824
1073741824 1073741824
1073741824 1073741824
1073741824 1073741824
1073741824 1073741824
1073741824 1073741824
1073741824 1073741824
1073741824 1073741824
1073741824 1073741824
1073741824 1073741824
1073741824 1073741824
1073741824 1073741824
1073741824 1073741824
1073741824 1073741824
1073741824 1073741824
1073741824
1073741824
1073741824
1073741824
1073741824
1073741824
1073741824
1073741824
1073741824
1073741824
1073741824
1073741824
1073741824
1073741824
1073741824
1073741824
1073741824
1073741824
1073741824
1073741824
873883496 1.5 7 4 8 14 13 0 19 1 12 
5281014930 1.5 8 7 9 8 16 12 13 10 11 4 
7452543593 1.5 6 6 15 1 5 13 12 19 
6869706707 1.5 5 4 15 5 16 9 1 
3159914827 1.5 6 6 17 18 10 3 7 14 
1389758236 1.5 6 3 12 4 18 16 6 9 
2584738510 1.5 8 4 4 14 10 7 1 2 17 11 
1329446683 1.5 3 2 9 0 3 
1874879065 1.5 5 4 13 4 7 17 9 
9436677354 1.5 6 3 10 15 9 3 6 4 
8650370442 1.5 3 2 2 6 19 
3745946648 1.5 7 7 19 0 9 4 1 16 3 
5557104996 1.5 7 5 10 18 0 16 14 17 13 
656039602 1.5 9 8 14 4 11 7 3 18 0 2 8 
1919188739 1.5 8 5 3 15 13 14 18 11 1 17 
1969631825 1.5 8 8 15 10 6 14 9 16 4 1 
1918909501 1.5 4 4 9 17 19 12 
9258992146 1.5 7 5 7 5 17 9 11 4 13 
10729121633 1.5 3 3 4 8 18 
4977260018 1.5 3 3 15 9 10 
884572522 1.5 4 3 8 19 9 2 
2781573809 1.5 8 4 4 16 18 15 14 10 12 11 
10065060628 1.5 9 7 1 16 4 15 19 10 6 14 3 
8227110825 1.5 8 3 9 2 0 13 4 14 15 12 
6431224076 1.5 4 3 3 5 18 15 
5119602084 1.5 4 2 7 2 13 19 
6160696333 1.5 9 9 19 6 8 0 12 3 10 16 7 
9552437080 1.5 4 4 19 8 18 0 
4125146291 1.5 6 5 8 13 7 14 17 2 
9274710458 1.5 8 5 13 0 19 5 11 4 2 17 
1607140071 1.5 5 4 11 16 2 6 9 
3296456815 1.5 9 7 6 7 5 2 0 12 3 4 16 
10422294813 1.5 3 2 15 12 7 
2353848642 1.5 8 3 2 0 9 19 18 6 14 11 
813788254 1.5 8 6 3 0 8 11 19 16 1 9 
6247339239 1.5 3 2 13 12 4 
6318063289 1.5 6 3 8 2 5 7 16 18 
4668896974 1.5 4 3 17 6 13 12 
5216650972 1.5 8 2 17 15 19 10 16 5 14 8 
2129457482 1.5 7 6 16 17 7 12 5 1 15 
7783376382 1.5 5 5 2 5 7 9 8 
2501785088 1.5 3 2 17 6 5 
6608803020 1.5 7 7 7 15 14 8 0 9 5 
2685971335 1.5 5 3 14 2 16 4 13 
9320361271 1.5 6 3 9 7 19 13 12 4 
4755068806 1.5 8 4 11 17 18 15 5 2 13 10 
9392701381 1.5 8 7 4 1 8 13 19 0 3 15 
9565165578 1.5 7 4 10 9 12 8 16 6 14 
870257697 1.5 3 2 16 3 12 
1384779340 1.5 6 2 18 10 2 19 6 7 
6974578100 1.5 9 2 16 18 17 3 8 1 13 14 6 
10572847796 1.5 7 7 12 10 8 18 19 13 6 
84817201 1.5 7 7 9 18 14 4 1 3 17 
10459734564 1.5 6 2 12 19 1 16 14 7 
1697277259 1.5 6 3 18 1 6 7 9 5 
5088993762 1.5 5 5 15 17 12 8 3 
2109340585 1.5 6 3 12 3 10 19 16 17 
2601113989 1.5 7 5 7 2 5 8 17 9 0 
6565310973 1.5 3 2 9 13 12 
9331165006 1.5 5 2 3 4 18 5 9 
5558936732 1.5 8 8 13 14 16 18 2 4 5 17 
8558421986 1.5 3 2 16 12 15 
6394541939 1.5 7 5 1 0 13 14 19 7 5 
8616495371 1.5 3 2 9 11 2 
1391137251 1.5 6 2 10 18 14 12 5 3 
7572677587 1.5 3 2 4 3 16 
1777984685 1.5 9 9 1 6 15 17 5 14 16 18 0 
1295268595 1.5 7 3 3 4 16 19 9 11 15 
3109598180 1.5 9 7 1 11 17 10 0 4 7 2 6 
3897189725 1.5 6 2 16 1 17 3 2 9 
1996668188 1.5 9 3 16 8 19 3 12 15 0 10 11 
3570929865 1.5 4 4 15 18 14 8 
2773484495 1.5 6 2 10 9 12 8 17 5 
9706729986 1.5 4 4 2 10 8 12 
8720648274 1.5 5 2 4 5 15 3 8 
6181335328 1.5 9 8 16 0 12 7 15 5 6 11 9 
164019678 1.5 3 2 1 4 17 
6970225147 1.5 5 4 13 7 16 5 12 
10086289771 1.5 9 2 4 1 14 3 12 7 13 17 19 
2480461338 1.5 8 3 9 6 1 10 11 14 18 4 
8569903879 1.5 9 9 10 2 13 18 7 15 3 9 17 
676165346 1.5 8 7 10 12 4 1 7 18 3 19 
1660248064 1.5 6 3 15 2 18 11 6 7 
10488548484 1.5 3 3 15 16 5 
3290155027 1.5 8 5 12 13 6 11 17 14 16 10 
2849576931 1.5 4 3 12 11 16 4 
7395475343 1.5 4 2 15 5 14 13 
6059359171 1.5 6 2 14 12 4 10 1 11 
7672874837 1.5 5 4 6 7 0 4 19 
3027825417 1.5 4 3 10 19 13 2 
8816684938 1.5 7 7 19 6 5 10 11 8 2 
9538030694 1.5 8 4 4 13 8 15 18 6 16 0 
6877622760 1.5 6 4 5 7 11 13 6 10 
10495089713 1.5 4 2 7 3 0 6 
1945450073 1.5 6 5 12 4 5 2 11 13 
144360655 1.5 5 2 13 6 11 4 16 
1717801408 1.5 9 4 12 13 1 5 14 2 19 6 8 
1749474945 1.5 6 6 13 17 11 15 4 14 
9148728000 1.5 8 4 7 13 8 2 17 4 19 12 
1999999401 1.5 4 4 0 10 15 11 
2593995182 1.5 9 4 14 6 5 19 8 12 2 3 10 
135302780 1.5 3 3 0 8 11 
6040171675 1.5 5 2 13 6 12 19 0 
4095039188 1.5 6 6 10 6 8 0 18 14 
9243935744 1.5 9 8 8 19 10 5 11 9 3 13 2 
9425123352 1.5 6 5 13 8 3 6 14 18 
6244291367 1.5 4 3 11 15 18 10 
7443679948 1.5 6 6 7 12 3 1 6 13 
10697151192 1.5 6 5 18 11 15 13 17 1 
1238388886 1.5 7 2 9 10 11 19 8 18 3 
3165385159 1.5 7 6 13 3 10 11 19 2 0 
5381227607 1.5 3 3 7 15 12 
6715823540 1.5 8 4 5 12 16 2 4 19 17 14 
7648779927 1.5 6 3 0 2 14 15 4 12 
7330538961 1.5 7 4 13 2 0 9 18 17 16 
5566465322 1.5 3 3 11 13 1 
10369418942 1.5 3 2 0 3 11 
6015040568 1.5 6 5 6 16 4 0 8 13 
5458599098 1.5 9 9 19 12 17 8 9 15 16 6 2 
668230462 1.5 7 7 10 6 14 3 15 0 1 
10227301272 1.5 7 7 3 12 0 19 14 17 7 
5753641479 1.5 5 2 17 0 3 8 18 
9189539564 1.5 4 4 9 6 5 1 
1578201432 1.5 4 4 5 7 4 6 
5269564980 1.5 6 6 5 9 14 7 1 15 
9265141915 1.5 3 2 5 19 0 
9718720896 1.5 7 3 1 18 4 15 10 2 8 
10394917089 1.5 9 8 15 10 16 4 19 11 18 13 9 
1302488090 1.5 7 5 8 2 0 6 10 15 16 
5161286045 1.5 5 5 3 6 17 12 11 
5759859017 1.5 9 2 18 11 10 6 2 4 0 3 5 
9324970815 1.5 8 5 6 3 11 15 9 2 8 13 
7692225884 1.5 8 4 15 13 8 4 11 1 3 17 
9531021457 1.5 9 7 11 16 19 13 2 17 4 14 9 
6489429667 1.5 4 4 14 10 12 11 
4904484759 1.5 4 4 11 15 16 10 
1686703732 1.5 9 2 0 16 17 10 3 9 8 7 13 
4952615393 1.5 3 3 8 18 4 
1554974822 1.5 8 5 9 4 2 18 15 11 6 3 
4542935565 1.5 3 3 14 10 5 
3511646165 1.5 6 4 8 14 9 6 12 16 
184493510 1.5 4 2 0 5 3 15 
3556968401 1.5 6 2 12 0 10 16 17 5 
2430193239 1.5 5 2 14 1 3 8 10 
8879806032 1.5 5 5 12 19 7 15 8 
9395271989 1.5 7 7 10 3 15 14 2 6 9 
3708606996 1.5 4 4 3 2 0 7 
6711841816 1.5 5 4 14 5 10 0 15 
259062727 1.5 7 4 3 7 8 6 12 5 2 
2071683379 1.5 5 5 1 15 14 13 9 
1005126499 1.5 9 8 13 6 14 10 3 18 0 9 2 
8294950242 1.5 6 3 11 1 19 15 0 12 
2920624343 1.5 4 3 15 14 13 3 
3301366842 1.5 8 4 0 5 19 11 18 7 15 4 
9946574794 1.5 5 4 4 9 18 10 2 
5686972287 1.5 3 2 7 18 15 
8985177804 1.5 8 5 13 15 8 7 18 1 17 6 
4837697665 1.5 9 9 1 6 19 0 16 18 9 11 3 
48443421 1.5 6 5 4 1 19 7 13 2 
7437338203 1.5 3 3 15 11 6 
3553739468 1.5 9 2 2 10 19 13 18 14 4 11 9 
8180348060 1.5 9 2 1 11 13 12 6 7 19 15 10 
5708885899 1.5 9 3 3 2 12 4 15 9 0 8 14 
4405438343 1.5 3 2 16 10 1 
8359175634 1.5 9 8 9 11 19 6 0 5 12 14 4 
1819844292 1.5 6 3 12 13 4 17 8 9 
8943286546 1.5 5 3 8 10 1 4 11 
9207096749 1.5 6 4 7 10 5 17 6 8 
5323186234 1.5 8 2 12 0 13 18 19 11 10 14 
4131090023 1.5 7 2 2 14 6 17 0 11 5 
3026977934 1.5 5 5 7 15 10 0 16 
6192111251 1.5 7 2 16 13 15 8 14 19 9 
2528461941 1.5 5 5 13 2 15 12 14 
3288223255 1.5 3 3 17 2 5 
3363942672 1.5 5 4 1 7 19 5 14 
1595547042 1.5 4 3 10 9 1 16 
274401908 1.5 3 3 14 16 12 
5920994835 1.5 8 4 10 12 6 7 14 2 4 17 
8472116723 1.5 5 4 7 10 3 2 6 
8559711062 1.5 7 7 6 9 14 0 16 8 4 
331831130 1.5 6 5 0 14 19 4 10 15 
2476463723 1.5 6 2 14 4 15 16 19 2 
6653343968 1.5 9 7 11 10 18 13 19 15 17 6 4 
163877530 1.5 4 3 8 7 19 10 
2771068405 1.5 8 6 19 2 13 1 0 3 17 5 
261787696 1.5 5 3 6 5 4 15 13 
6301923773 1.5 9 6 14 6 7 12 8 11 15 9 10 
3836028160 1.5 5 5 18 17 13 4 0 
1407486993 1.5 7 6 8 9 19 4 5 6 14 
5758741961 1.5 9 6 18 9 3 12 15 4 2 7 16 
3946743363 1.5 4 4 8 3 5 7 
4137847499 1.5 3 3 0 11 8 
2771532030 1.5 4 2 19 7 6 2 
9811908799 1.5 5 2 15 5 0 11 14 
9200551543 1.5 8 2 0 10 8 16 12 2 11 17 
8990314821 1.5 7 7 3 1 16 19 6 14 10 
1075182854 1.5 9 4 8 7 19 9 12 5 18 1 13 
191814292 1.5 4 3 17 11 7 0 
7065118796 1.5 8 4 1 11 14 13 7 4 18 5 
3586547486 1.5 8 3 9 7 4 10 2 8 0 3 
3309757733 1.5 6 2 19 13 4 6 5 17 
2139867969 1.5 9 4 7 15 6 8 11 1 0 17 5 
6123547968 1.5 5 5 14 11 9 12 15 
7750696659 1.5 3 3 7 14 16 
936604328 1.5 4 2 8 18 3 7 
8694571295 1.5 6 6 17 15 14 7 0 18 
8282531800 1.5 7 3 4 18 16 9 10 2 3 
10463867761 1.5 6 6 0 11 8 13 16 9 
7063051297 1.5 9 4 7 11 6 17 16 13 18 8 2 
872594801 1.5 6 5 11 17 14 15 6 5 
5111985600 1.5 5 2 6 0 18 7 14 
2743013945 1.5 7 3 1 11 18 10 9 12 8 
7851666855 1.5 4 2 6 8 1 2 
2352943746 1.5 9 2 11 10 4 8 19 18 3 14 6 
2727714355 1.5 3 3 0 5 3 
7826424516 1.5 8 6 2 13 11 5 18 12 17 19 
4227262345 1.5 8 8 6 8 1 2 11 16 12 14 
4795678374 1.5 5 4 17 8 0 14 11 
214921263 1.5 8 3 10 9 14 7 4 18 13 1 
4405264380 1.5 8 2 17 6 19 11 1 5 0 4 
6416176816 1.5 4 4 12 1 6 3 
3356759657 1.5 6 2 6 3 1 4 2 7 
2232882225 1.5 4 3 10 11 4 13 
7492937948 1.5 8 6 19 5 11 6 8 18 2 14 
4946546652 1.5 4 2 14 4 17 13 
9829627598 1.5 3 2 4 19 10 
2121990553 1.5 3 2 19 17 10 
780172736 1.5 7 6 5 18 14 15 0 7 8 
3200329766 1.5 9 7 0 13 5 8 12 15 3 10 9 
2341633641 1.5 4 2 3 6 8 16 
8867756910 1.5 9 4 15 11 7 17 18 14 9 8 10 
8941207652 1.5 9 5 12 11 2 13 4 3 16 15 6 
10417651048 1.5 9 3 7 14 18 3 6 17 5 10 4 
8491268661 1.5 8 6 11 4 19 16 13 1 0 17 
2819563181 1.5 8 6 8 6 19 18 4 10 5 9 
10247128510 1.5 6 3 18 16 6 2 14 8 
1455871730 1.5 6 5 12 7 10 4 9 13 
8395101708 1.5 6 5 0 3 12 9 11 2 
6007065556 1.5 7 3 9 11 13 14 1 8 5 
373064494 1.5 7 2 19 9 7 4 12 3 1 
3138575359 1.5 5 3 14 0 12 3 13 
3868295376 1.5 9 6 18 1 8 17 10 5 3 19 11 
4449141332 1.5 5 3 14 9 4 6 19 
8864774055 1.5 7 6 19 8 11 16 1 13 10 
5393097353 1.5 6 2 3 16 8 5 17 6 
8862089708 1.5 9 2 8 14 10 13 7 4 2 1 0 
6365839015 1.5 9 8 3 12 5 1 16 13 9 19 17 
10263045575 1.5 8 4 1 7 3 16 18 11 14 9 
8204381340 1.5 8 3 7 2 1 13 19 16 5 8 
6080382910 1.5 6 2 9 8 11 3 4 18 
4384952527 1.5 8 2 5 10 13 1 11 9 7 12 
9455697920 1.5 6 2 5 14 9 8 19 17 
2303883859 1.5 4 4 14 12 3 16 
5338237474 1.5 4 2 17 2 4 14 
1643434826 1.5 4 2 7 10 11 18 
7258051850 1.5 5 2 10 0 3 2 14 
8759970755 1.5 9 7 3 7 14 12 18 9 5 1 13 
9353820789 1.5 4 4 5 18 7 17 
7125330628 1.5 3 2 13 1 3 
8363162742 1.5 5 4 7 16 1 18 9 
4616507796 1.5 8 5 5 10 13 1 2 6 19 17 
4987185498 1.5 6 5 1 9 3 12 0 5 
8973891465 1.5 9 5 17 2 8 12 4 13 5 7 6 
9936709063 1.5 4 4 10 12 0 3 
10211217909 1.5 7 5 12 16 11 19 6 8 4 
7609133663 1.5 9 9 17 6 16 7 14 8 12 19 1 
6638408790 1.5 3 3 5 12 16 
6915177851 1.5 7 7 14 5 2 1 10 11 7 
94691236 1.5 7 5 6 10 3 5 16 13 0 
8791305181 1.5 6 5 14 6 4 18 7 19 
9103852870 1.5 6 2 3 0 17 8 5 1 
5224218096 1.5 5 5 5 16 17 8 10 
1413485790 1.5 3 3 10 13 12 
6654386322 1.5 3 2 18 14 4 
7936926343 1.5 8 5 4 11 2 16 3 6 8 10 
9824255478 1.5 8 2 1 19 13 11 14 17 0 5 
9690933987 1.5 5 2 3 4 18 1 5 
3815626316 1.5 5 3 14 1 2 18 8 
10084881488 1.5 4 3 18 1 17 6 
8717043168 1.5 7 5 1 8 9 11 0 3 10 
6048420342 1.5 3 3 0 6 13 
4646058066 1.5 3 2 1 11 16 
10115339899 1.5 9 5 12 3 5 18 4 11 7 9 16 
5195723247 1.5 7 6 7 13 9 6 0 19 4 
295869642 1.5 6 4 8 16 5 11 12 19 
8109356508 1.5 4 4 9 7 1 11 
1427710894 1.5 9 5 13 15 0 4 7 1 5 9 2 
3824067563 1.5 4 2 2 9 3 11 
8876289205 1.5 8 2 12 13 19 18 10 2 9 3 
4156970046 1.5 4 3 13 14 3 4 
10277015224 1.5 8 7 10 14 7 16 19 0 9 8 
5072715319 1.5 7 2 10 18 19 11 16 1 3 
509576540 1.5 5 5 0 15 6 5 12 
424977484 1.5 7 7 11 8 10 19 0 7 3 
2076166336 1.5 4 2 11 4 14 2 
8200362469 1.5 9 7 9 11 6 7 3 0 14 1 8 
10554916861 1.5 8 2 14 12 4 10 0 3 15 19 
8666931672 1.5 9 3 18 11 1 3 6 4 9 5 17 
6477548428 1.5 3 3 3 15 1 
360057431 1.5 6 2 2 0 8 1 9 16 
6430480971 1.5 8 8 2 7 1 12 6 15 5 0 
6137764877 1.5 4 2 13 16 1 19 
3901755328 1.5 9 5 3 18 16 17 8 9 7 11 14 
8748388933 1.5 7 5 12 1 0 3 5 19 18 
6699234067 1.5 6 5 4 19 9 3 5 14 
6575075534 1.5 5 5 18 5 14 13 10 
10347223789 1.5 5 5 10 15 3 12 7 
8046179821 1.5 4 2 12 11 10 15 
228545867 1.5 9 5 19 1 12 9 13 6 15 0 5 
5936702891 1.5 6 5 6 17 3 7 4 5 
2212321323 1.5 8 5 3 5 2 15 8 18 14 11 
4894712376 1.5 6 2 12 8 1 15 10 17 
7755433726 1.5 4 4 15 17 18 8 
870564382 1.5 3 2 5 0 9 
6257846900 1.5 3 3 3 18 15 
36560419 1.5 3 3 10 16 4 
1006386166 1.5 5 3 14 4 10 3 11 
8822850768 1.5 7 6 14 13 18 17 11 3 10 
3737640102 1.5 7 4 5 2 14 16 7 13 12 
5975613906 1.5 4 2 18 19 11 0 
4392644546 1.5 8 4 9 14 15 6 0 17 8 10 
211406040 1.5 9 4 5 9 3 4 11 10 1 0 8 
7181425285 1.5 4 4 15 10 16 3 
1068338325 1.5 4 3 6 14 15 4 
4518962126 1.5 7 3 1 15 12 14 0 4 8 
4027752053 1.5 3 2 5 1 17 
9841422879 1.5 8 8 2 18 16 4 3 9 10 6 
8660756718 1.5 7 7 5 6 2 1 7 0 14 
7189417708 1.5 9 3 11 19 18 12 6 5 9 10 7 
4062779805 1.5 7 6 16 7 10 14 18 11 13 
6395642068 1.5 4 3 19 2 11 4 
6084331346 1.5 5 5 11 14 0 10 5 
362434596 1.5 5 2 12 8 2 5 7 
20140314 1.5 4 3 0 7 13 1 
7774463655 1.5 8 3 7 12 1 4 6 18 5 8 
9273227297 1.5 7 2 10 15 13 3 5 2 14 
9089254466 1.5 3 2 8 0 4 
2862458288 1.5 8 4 8 2 10 7 13 6 16 17 
5958763728 1.5 3 3 13 18 6 
7319539309 1.5 5 2 1 12 6 18 13 
4937093232 1.5 7 3 12 6 1 9 0 5 17 
9734270137 1.5 3 3 6 12 4 
6567154977 1.5 3 3 0 1 3 
8742320653 1.5 3 2 6 14 17 
7064850521 1.5 6 6 7 6 13 12 17 5 
5893979534 1.5 4 3 8 7 11 15 
9493792311 1.5 5 3 13 17 2 5 3 
8823107850 1.5 9 2 7 9 5 18 3 13 6 2 10 
1869346830 1.5 5 2 13 6 16 19 5 
3262761933 1.5 5 3 11 1 7 2 10 
9110868199 1.5 5 2 12 19 4 16 6 
5135646143 1.5 4 3 9 3 13 16 
2891184172 1.5 5 3 16 15 1 2 7 
3298005929 1.5 3 2 6 15 4 
3201959158 1.5 4 4 3 11 17 14 
3076677929 1.5 9 4 7 11 5 3 17 13 1 4 0 
5479622389 1.5 8 4 8 16 6 5 1 0 13 18 
7902979850 1.5 5 4 13 3 15 4 8 
527119960 1.5 4 2 7 13 1 15 
6529211214 1.5 6 6 1 5 17 7 0 13 
4118976812 1.5 3 2 0 3 14 
5835235230 1.5 7 6 10 6 0 13 5 19 1 
6517490668 1.5 3 2 15 19 17 
3300955013 1.5 7 3 18 14 15 3 1 11 0 
10321526461 1.5 3 3 7 16 13 
3299902421 1.5 8 4 7 4 13 0 8 17 2 1 
3989657597 1.5 7 3 12 7 0 10 6 4 11 
3893005234 1.5 5 2 8 15 2 4 9 
4730217348 1.5 8 7 18 4 15 11 0 14 1 13 
1611704478 1.5 3 2 0 5 17 
5273998092 1.5 9 2 7 19 3 1 10 18 17 16 2 
9269821914 1.5 7 7 4 3 17 14 6 7 16 
2688923018 1.5 4 4 13 0 11 9 
2441375979 1.5 5 5 5 2 3 7 4 
5541288249 1.5 9 5 9 19 13 18 1 8 6 17 0 
1119693262 1.5 8 5 2 16 18 4 17 12 8 19 
684060486 1.5 4 3 15 3 5 17 
1814229818 1.5 3 3 1 14 6 
968106380 1.5 3 3 12 14 5 
10396702018 1.5 8 4 19 14 11 10 2 8 3 0 
7721218469 1.5 8 7 9 0 4 19 18 12 15 6 
822326716 1.5 3 2 7 1 2 
5558511965 1.5 3 2 18 8 3 
2568423496 1.5 4 2 1 16 5 7 
1102901818 1.5 8 7 15 13 5 10 12 17 8 3 
8597176364 1.5 8 8 19 16 18 14 11 15 0 13 
784594539 1.5 3 2 12 6 11 
2960912214 1.5 8 4 9 18 2 12 17 3 6 8 
6428390513 1.5 7 5 17 8 10 5 4 6 11 
6166350359 1.5 3 3 12 13 7 
7022135096 1.5 5 4 11 2 17 10 0 
4314742878 1.5 8 8 7 18 1 0 11 6 19 10 
3240703083 1.5 9 9 15 2 16 3 1 12 8 7 0 
5855925334 1.5 5 4 4 7 8 6 3 
7782575184 1.5 3 2 16 5 14 
889185791 1.5 8 8 18 16 19 2 7 6 17 3 
5465731012 1.5 4 3 7 3 12 5 
2535555189 1.5 3 3 17 15 18 
7501632307 1.5 9 2 9 11 4 6 12 5 15 2 17 
1757141128 1.5 9 6 11 10 12 7 4 14 0 9 2 
4202571075 1.5 3 3 18 11 8 
10557494644 1.5 6 5 0 19 3 16 17 13 
4266493257 1.5 9 2 0 3 2 8 15 14 19 6 7 
6351510742 1.5 7 5 2 0 4 10 19 8 15 
10680921039 1.5 5 3 9 8 16 19 14 
3775052724 1.5 6 6 7 8 2 15 3 19 
10108700294 1.5 4 4 11 15 1 6 
8903280427 1.5 3 3 7 16 8 
4193918218 1.5 8 2 7 4 1 11 17 15 18 19 
3732702859 1.5 6 6 16 7 9 11 1 10 
2783578968 1.5 8 2 8 16 1 2 13 18 12 3 
156692997 1.5 9 7 16 18 15 4 19 7 17 2 5 
4947619789 1.5 3 2 8 6 7 
1348781716 1.5 9 3 12 9 15 6 0 1 18 19 7 
4975828843 1.5 5 2 7 12 14 10 0 
8868927862 1.5 8 3 10 1 7 14 6 5 3 13 
4543987719 1.5 8 2 0 5 17 3 1 11 6 14 
5324751473 1.5 6 3 11 0 10 17 7 3 
3061270451 1.5 5 4 16 5 3 1 9 
5175514639 1.5 5 3 18 7 9 13 0 
1786065041 1.5 3 3 14 17 11 
3689830178 1.5 5 5 7 8 4 13 0 
2475424341 1.5 4 2 9 8 5 12 
8393551519 1.5 9 6 6 1 17 9 19 12 8 2 18 
9372475747 1.5 6 6 4 14 5 15 8 6 
4185117234 1.5 9 4 18 14 4 0 12 15 6 9 5 
1531316027 1.5 5 2 8 11 3 15 10 
10359238539 1.5 7 4 18 1 13 4 6 7 16 
7996988914 1.5 3 3 6 11 8 
3429604652 1.5 9 2 5 8 10 18 1 6 4 2 11 
6513151939 1.5 7 6 12 16 8 19 14 5 9 
1991627475 1.5 6 2 15 14 4 2 8 13 
6558034998 1.5 5 2 19 3 11 12 1 
7375158745 1.5 4 2 17 14 18 8 
4559614095 1.5 4 2 7 17 0 16 
8436837591 1.5 4 2 1 16 17 6 
9881200683 1.5 9 4 5 19 17 12 0 9 8 14 2 
254328451 1.5 9 5 17 3 12 6 8 10 4 7 14 
660379960 1.5 8 3 11 9 4 17 13 16 3 12 
1072825307 1.5 5 5 1 16 9 7 4 
3056518876 1.5 6 3 3 10 0 18 19 2 
10620766759 1.5 5 3 8 13 12 16 5 
9385835085 1.5 7 3 1 2 4 19 12 6 7 
6676141788 1.5 8 2 16 19 0 11 14 12 4 9 
4503371689 1.5 7 7 5 15 2 14 6 4 19 
71171488 1.5 9 4 17 14 6 13 9 7 3 8 16 
1548354257 1.5 9 9 8 13 3 2 4 19 1 10 12 
867166239 1.5 5 5 4 3 12 15 14 
284417385 1.5 9 8 16 1 18 5 8 13 19 3 6 
4571877055 1.5 9 3 15 18 13 1 17 10 14 9 16 
1764651525 1.5 3 3 10 11 0 
2959480987 1.5 4 2 12 9 17 15 
8121840133 1.5 9 2 3 18 2 12 10 5 14 16 1 
10415585275 1.5 5 3 19 8 6 11 9 
5783854210 1.5 6 6 13 16 0 12 14 19 
1420719504 1.5 9 6 4 18 11 9 6 3 19 2 5 
4922664712 1.5 9 4 3 0 19 8 5 6 10 17 14 
4810598532 1.5 8 5 7 3 11 19 8 0 16 6 
3671489725 1.5 3 3 14 9 5 
9755070374 1.5 9 8 3 8 17 4 1 13 7 18 11 
2268166057 1.5 3 2 9 2 8 
7419844247 1.5 4 4 6 2 18 3 
4274839032 1.5 4 4 16 17 12 15 
5497242837 1.5 6 5 7 2 3 9 11 17 
3873113753 1.5 7 3 2 19 14 0 17 1 7 
6946345337 1.5 6 2 1 11 0 10 12 8 
5431841017 1.5 9 4 10 17 8 16 12 11 6 3 18 
5764328413 1.5 5 4 16 12 18 7 2 
6250937525 1.5 8 7 17 12 0 19 18 5 8 14 
4347452765 1.5 9 5 2 4 18 8 19 1 14 6 16 
10296506215 1.5 4 3 18 7 11 5 
7439468325 1.5 3 2 3 12 6 
5980825348 1.5 8 4 16 5 3 0 8 17 12 13 
5620499720 1.5 6 2 16 11 7 6 13 17 
8050932580 1.5 5 4 0 10 16 14 13 
3988102364 1.5 4 2 5 8 13 4 
1975832429 1.5 9 9 14 18 8 19 16 15 10 4 6 
6729887075 1.5 7 6 17 19 8 10 13 6 15 
5991503658 1.5 6 5 6 19 10 11 12 15 
5887409119 1.5 3 2 6 4 11 
8499341960 1.5 3 2 3 19 14 
1663185906 1.5 6 5 0 14 2 8 13 17 
4647704385 1.5 4 2 0 5 15 17 
6318804030 1.5 5 3 13 12 6 8 7 
8350501856 1.5 9 9 1 8 10 9 7 15 11 6 4 
116653964 1.5 4 2 6 3 12 16 
4074551420 1.5 6 3 17 12 3 8 5 15 
9552032193 1.5 9 4 1 13 16 6 10 4 14 8 2 
19396294 1.5 3 2 17 10 15 
6751016883 1.5 3 3 13 5 6 
6162152783 1.5 8 2 4 13 17 19 5 12 18 2 
10483040189 1.5 6 6 14 1 13 17 0 3 
1836966896 1.5 6 5 5 14 12 3 11 10 
3685124537 1.5 9 4 12 13 19 2 18 8 9 3 15 
1971127792 1.5 3 3 14 12 0 
5347200552 1.5 7 7 16 8 15 14 6 19 0 
8076860184 1.5 5 3 9 1 4 8 14 
10388685323 1.5 5 2 15 12 11 9 16 
9836630266 1.5 6 3 15 9 14 8 3 18 
10168190639 1.5 5 2 5 6 7 9 8 
1747468525 1.5 7 3 6 15 13 1 19 18 3 
760507823 1.5 7 2 8 19 15 12 16 4 10 
9118676531 1.5 9 3 11 5 15 14 3 2 18 16 0 
4614661134 1.5 4 2 10 15 8 17 
5703226068 1.5 7 4 6 18 19 13 0 10 12 
3827518089 1.5 7 7 9 1 19 14 3 8 11 
10291482870 1.5 7 3 13 5 9 11 18 15 12 
8186665771 1.5 6 5 5 9 12 11 14 2 
4344318056 1.5 9 7 14 0 3 17 10 6 19 5 15 
10346434885 1.5 8 2 13 0 9 11 14 17 15 16 
4904422004 1.5 6 5 18 16 14 19 7 3 
2211887584 1.5 4 3 17 9 2 10 
9590954375 1.5 9 4 8 18 2 1 9 10 12 11 13 
551112471 1.5 6 4 11 18 3 9 10 2 
1695826281 1.5 3 3 10 19 5 
2065795258 1.5 3 3 15 12 1 
5604650798 1.5 8 8 3 18 10 16 7 9 6 19 
3366145069 1.5 8 3 19 2 13 14 3 9 17 15 
306353520 1.5 6 5 13 7 14 10 5 2 
2413936420 1.5 4 2 13 8 12 2 
1651358522 1.5 3 3 16 18 10 
3460811386 1.5 6 6 18 10 8 14 3 4 
1646409478 1.5 4 2 4 0 15 9 
6680692427 1.5 7 3 18 14 6 8 10 4 16 
4522006714 1.5 4 2 11 14 19 18 
5824686887 1.5 9 6 4 6 9 16 8 0 3 13 17 
9005856650 1.5 9 4 16 9 1 19 3 4 17 15 8 
5800048629 1.5 4 2 18 17 14 16 
10331009145 1.5 7 3 2 11 5 17 12 1 16 
1058961512 1.5 4 4 9 17 7 10 
1832736836 1.5 3 3 16 9 17 
6460651975 1.5 7 7 7 19 3 14 2 1 8 
2372422484 1.5 4 3 4 6 7 8 
9023660682 1.5 3 2 9 0 11 
4237000137 1.5 9 9 4 7 9 3 12 0 19 8 5 
8027423849 1.5 3 2 15 14 13 
1519691421 1.5 5 3 2 1 6 17 10 
6307720863 1.5 3 3 18 13 2 
658136809 1.5 9 3 10 16 9 15 17 12 4 13 19 
7707788082 1.5 9 8 8 5 14 9 2 19 6 16 13 
565295213 1.5 7 3 9 2 16 19 4 0 6 
4724046064 1.5 3 2 12 9 11 
8036525778 1.5 9 7 16 7 2 6 11 5 12 9 14 
7262475253 1.5 4 2 14 1 4 19 
3202468830 1.5 6 6 2 7 11 8 9 13 
5713466391 1.5 8 6 16 13 1 7 15 12 0 3 
3404884740 1.5 3 2 10 5 14 
7153299198 1.5 4 2 6 1 18 5 
8673115645 1.5 4 3 6 0 14 5 
109455466 1.5 9 7 11 12 18 0 16 14 7 13 5 
3615046507 1.5 3 3 5 16 11 
2329931219 1.5 7 2 2 11 9 4 6 3 13 
10193322371 1.5 4 2 10 13 15 19 
6779705515 1.5 9 8 12 18 5 17 15 16 8 6 19 
3807257435 1.5 4 4 7 2 19 17 
5973274096 1.5 9 9 8 5 12 9 1 18 10 2 0 
7328472479 1.5 5 4 11 0 1 5 19 
3363811337 1.5 3 2 19 11 2 
9850280479 1.5 5 5 0 16 19 6 10 
8208060832 1.5 6 6 14 8 3 4 10 18 
4346595496 1.5 9 8 14 7 6 5 12 3 10 13 16 
10301618261 1.5 8 8 13 6 8 17 12 3 0 5 
6245865447 1.5 4 4 6 15 7 11 
8112830198 1.5 8 6 18 14 10 8 6 7 16 4 
2921358445 1.5 9 8 4 5 14 0 18 10 3 11 8 
8295975681 1.5 6 5 9 2 4 13 11 8 
8352851985 1.5 8 7 19 13 0 1 2 15 9 16 
6598434907 1.5 3 2 5 4 3 
484514007 1.5 7 2 16 9 2 11 12 13 7 
5440527941 1.5 7 6 8 5 0 6 11 1 15 
1292159016 1.5 7 4 14 13 16 8 11 17 10 
9224527188 1.5 9 3 19 12 13 17 16 11 1 15 4 
8118580249 1.5 3 2 13 4 8 
2952040457 1.5 3 3 17 16 0 
10591029023 1.5 8 8 8 6 9 5 7 12 10 16 
10667655066 1.5 8 4 2 8 17 19 14 5 9 7 
2023770197 1.5 9 3 10 2 12 0 17 5 4 8 7 
9353908717 1.5 8 5 2 13 14 11 18 12 4 15 
6777498282 1.5 7 3 9 2 18 13 8 3 15 
3906078648 1.5 3 2 4 1 15 
9165743058 1.5 7 6 13 12 3 7 16 17 0 
2257914494 1.5 8 4 10 19 11 0 5 9 1 15 
7425093284 1.5 5 4 15 17 16 0 12 
7078473758 1.5 5 3 7 14 18 15 8 
8437389840 1.5 3 2 8 2 17 
6228089007 1.5 6 5 5 14 15 19 12 4 
635684415 1.5 9 2 7 11 2 5 14 0 8 4 10 
9520519072 1.5 6 3 7 16 19 12 9 4 
4766593149 1.5 5 3 10 1 4 14 11 
10601896978 1.5 6 2 6 7 18 5 0 11 
257978857 1.5 9 2 10 6 1 5 16 0 15 14 11 
2131097554 1.5 6 4 7 10 19 16 1 6 
2629189967 1.5 3 3 0 7 4 
1108408862 1.5 3 2 18 12 3 
5992028800 1.5 3 2 1 13 5 
9067358345 1.5 6 3 18 3 7 17 5 4 
4934204904 1.5 8 3 19 16 14 4 13 17 0 8 
9929637049 1.5 5 5 14 16 5 12 6 
3110373236 1.5 5 4 6 1 19 8 3 
6198333589 1.5 7 5 2 15 7 5 19 16 8 
3316399604 1.5 4 2 6 10 12 19 
1954477829 1.5 9 7 15 6 14 11 16 8 17 4 7 
5349946721 1.5 4 4 14 10 1 13 
3441324700 1.5 9 9 0 5 4 19 11 3 18 6 10 
10662354965 1.5 8 6 17 15 10 16 18 6 5 1 
3198334512 1.5 9 4 8 6 13 9 17 14 7 16 19 
2796427904 1.5 3 3 10 8 18 
1551495244 1.5 3 2 4 3 15 
2703918631 1.5 3 3 9 14 18 
4978810563 1.5 5 5 5 19 2 12 6 
9273749666 1.5 6 2 9 1 19 7 3 16 
7886557032 1.5 4 4 19 6 7 10 
3706369558 1.5 7 3 11 16 1 12 5 8 13 
2286269512 1.5 4 2 1 18 4 2 
7439351169 1.5 5 3 14 5 4 6 3 
4025396767 1.5 4 4 16 0 7 4 
2639121174 1.5 3 2 12 1 4 
9242555306 1.5 7 5 3 4 13 15 18 9 2 
5134003637 1.5 5 2 15 17 2 6 1 
1930330290 1.5 4 2 3 5 11 6 
9926848771 1.5 8 3 19 15 0 7 17 2 1 9 
6002699331 1.5 3 2 2 16 1 
6266963327 1.5 3 3 11 4 18 
5493599074 1.5 4 3 1 4 5 7 
5304709281 1.5 9 7 5 11 7 0 6 8 14 10 15 
4208025886 1.5 6 5 14 4 1 7 19 10 
4866694003 1.5 3 3 8 2 19 
4508003781 1.5 7 7 7 10 12 1 2 15 4 
3837062966 1.5 6 2 6 12 18 2 9 7 
2522262100 1.5 6 6 4 18 11 13 12 0 
1773931542 1.5 6 2 1 4 19 6 11 13 
1345338604 1.5 6 3 7 0 9 5 11 17 
1974147054 1.5 4 2 18 19 11 1 
5276984490 1.5 5 5 1 10 9 7 3 
3901991572 1.5 3 3 15 7 12 
7407841872 1.5 7 6 10 19 0 3 13 6 14 
3864578800 1.5 5 5 17 4 5 0 9 
6052361482 1.5 6 5 12 17 11 3 2 1 
5442932317 1.5 9 4 10 16 15 11 19 9 1 0 4 
4166433899 1.5 4 4 15 8 1 10 
1954742486 1.5 9 2 2 18 5 3 4 7 10 12 0 
7077288977 1.5 5 5 2 6 3 8 7 
8681938619 1.5 3 2 8 14 19 
334716198 1.5 6 2 12 9 13 4 6 18 
7959635885 1.5 6 6 4 15 11 7 1 13 
8998674583 1.5 7 3 1 12 3 7 10 15 2 
5453227446 1.5 5 2 10 15 17 3 16 
6810662206 1.5 5 5 9 8 3 1 10 
5703926750 1.5 6 5 9 15 18 5 4 10 
9805778513 1.5 4 2 0 3 16 15 
5158652663 1.5 6 4 11 9 4 14 10 0 
10708738259 1.5 4 4 19 14 12 8 
7244236232 1.5 4 3 16 10 5 19 
2294139751 1.5 7 6 16 12 0 3 4 1 15 
7139369439 1.5 4 3 10 11 14 4 
5699636030 1.5 6 3 3 0 8 10 16 5 
9631258868 1.5 9 8 5 8 13 1 7 12 18 16 6 
2858104507 1.5 7 3 12 14 17 7 2 6 11 
7429066365 1.5 3 2 0 18 15 
7234737155 1.5 6 4 1 4 19 13 3 5 
1146416634 1.5 5 5 12 17 4 14 15 
3503552371 1.5 9 3 13 16 8 0 11 10 6 4 5 
10422312140 1.5 9 9 4 6 17 9 5 3 15 11 14 
4591700224 1.5 3 3 19 17 2 
3578032017 1.5 5 4 11 6 2 19 8 
5388902101 1.5 4 2 15 4 14 9 
3991483056 1.5 4 2 11 2 8 1 
5947837773 1.5 5 5 13 17 9 0 18 
2423759385 1.5 9 9 14 16 11 12 8 6 10 19 4 
9901031982 1.5 8 4 7 14 8 10 18 17 6 4 
4948483603 1.5 7 7 17 1 9 10 11 0 15 
7856804073 1.5 8 8 11 14 0 1 3 12 19 18 
9272791005 1.5 9 7 7 15 12 1 14 18 4 10 17 
140242095 1.5 7 3 10 12 16 7 4 2 19 
10452404676 1.5 6 2 12 17 3 0 9 7 
5623642054 1.5 9 5 11 7 10 17 14 13 18 15 12 
1009542859 1.5 5 5 8 9 19 15 11 
2083125233 1.5 3 2 0 15 12 
4845446416 1.5 3 2 18 17 6 
3778631438 1.5 7 7 5 4 7 14 3 2 11 
9244515368 1.5 7 6 4 10 7 9 5 18 2 
4074498208 1.5 5 4 15 5 17 14 6 
2951653086 1.5 8 8 14 1 2 16 4 10 5 18 
225566564 1.5 7 3 7 0 12 2 4 19 18 
1838339436 1.5 9 3 1 13 6 2 17 7 8 9 12 
300731766 1.5 7 5 15 3 11 7 10 4 6 
1888622384 1.5 8 4 8 17 12 9 1 2 19 14 
9088282596 1.5 6 4 0 14 18 12 1 6 
2234850204 1.5 8 3 18 3 2 7 0 8 16 12 
2840826414 1.5 4 3 4 3 5 11 
1680336341 1.5 7 7 13 7 4 3 2 0 8 
5324368945 1.5 3 2 18 4 2 
10050310577 1.5 8 2 0 13 15 11 8 1 6 5 
1871721518 1.5 7 2 6 8 19 15 5 11 1 
2784729959 1.5 9 9 5 17 12 4 7 9 2 0 19 
2748738694 1.5 8 3 1 12 2 15 11 0 19 10 
7953898549 1.5 3 3 7 9 12 
10374664428 1.5 5 2 6 0 10 1 19 
6622321219 1.5 4 3 19 18 12 16 
6470453694 1.5 4 2 15 19 5 1 
3223945774 1.5 5 4 3 6 8 11 1 
3123435882 1.5 3 3 14 7 6 
672037096 1.5 4 4 12 5 1 16 
4315346627 1.5 8 5 11 9 4 6 2 3 1 19 
1499855669 1.5 6 3 2 19 18 8 4 3 
3110472434 1.5 3 3 0 15 10 
9054319194 1.5 9 3 15 13 8 12 3 7 5 10 17 
9908988893 1.5 6 2 6 10 19 14 7 17 
9834385550 1.5 4 4 3 9 4 13 
4469129751 1.5 8 5 3 19 4 17 15 6 10 13 
2096821822 1.5 7 2 9 18 11 3 14 17 1 
9513151412 1.5 5 2 6 10 19 15 18 
7794053635 1.5 7 3 8 7 3 16 10 5 2 
5954906096 1.5 8 6 13 15 11 16 1 9 2 14 
5124494800 1.5 9 2 5 11 10 14 12 13 17 16 9 
9091236944 1.5 8 4 14 12 3 4 2 5 9 10 
1099340795 1.5 7 4 16 13 15 10 1 3 4 
6776365672 1.5 8 3 19 3 18 16 12 15 14 11 
5479784563 1.5 7 6 11 3 2 10 19 8 0 
2186904143 1.5 9 9 10 0 5 18 7 14 16 3 13 
642640662 1.5 8 3 13 17 8 15 2 14 16 7 
2005110099 1.5 6 6 18 11 15 10 5 4 
5561801676 1.5 7 4 1 7 5 13 18 19 17 
10336239774 1.5 8 8 17 9 5 15 3 12 11 0 
6406384032 1.5 4 2 2 13 8 14 
6448840167 1.5 6 4 18 13 3 12 1 16 
5240861485 1.5 6 3 11 17 19 3 8 2 
10105395063 1.5 6 2 4 6 12 2 11 5 
10121393643 1.5 9 6 12 4 7 11 14 18 19 8 16 
2965139997 1.5 4 2 1 13 7 0 
285872044 1.5 3 3 14 10 0 
8566308686 1.5 3 3 18 16 7 
9517716197 1.5 6 2 13 7 2 8 3 1 
5764965089 1.5 4 4 13 17 8 0 
8745340267 1.5 8 3 4 8 3 5 13 1 16 10 
6305434890 1.5 9 4 18 2 3 12 5 1 4 7 17 
7509054057 1.5 5 3 1 9 10 16 13 
9512748227 1.5 9 8 4 18 16 6 10 0 19 13 5 
7808252268 1.5 7 4 8 18 14 6 19 17 12 
5379253053 1.5 4 3 4 2 15 0 
5154097714 1.5 4 3 3 2 13 6 
5920101876 1.5 6 3 12 18 15 3 2 13 
9729936333 1.5 9 2 12 4 13 11 0 18 7 8 15 
4672646631 1.5 4 3 15 19 5 2 
5333920191 1.5 4 3 5 6 14 3 
821341984 1.5 5 4 2 11 12 16 6 
751569880 1.5 6 6 1 2 12 4 15 9 
1867792630 1.5 3 2 9 0 8 
5517354580 1.5 4 3 14 10 0 1 
5934640243 1.5 9 4 5 3 0 17 4 1 2 7 14 
4090005732 1.5 4 2 0 6 17 16 
5429533311 1.5 8 8 17 16 13 12 8 10 19 2 
8895125903 1.5 6 3 17 19 2 1 6 8 
1521357148 1.5 5 2 8 16 18 12 11 
3610592912 1.5 4 4 10 12 19 14 
3647132493 1.5 5 3 19 0 9 13 7 
3911684796 1.5 3 2 8 3 14 
2660191555 1.5 9 3 6 3 15 16 19 13 0 9 1 
1675528654 1.5 3 3 7 15 8 
5062786719 1.5 3 2 3 14 4 
563075387 1.5 3 2 13 17 0 
8051804922 1.5 8 6 4 2 17 5 15 7 6 12 
9042684937 1.5 7 6 12 1 3 2 7 0 6 
3825999386 1.5 6 4 8 7 13 11 16 5 
6636824250 1.5 5 4 10 9 11 12 17 
8617631675 1.5 3 2 5 12 11 
2194338213 1.5 6 2 0 19 6 14 13 18 
9366625560 1.5 7 6 9 5 7 12 18 1 0 
3215402324 1.5 6 4 0 3 9 14 1 6 
5136259171 1.5 5 4 1 14 4 5 2 
10050816075 1.5 9 4 19 3 16 6 5 11 18 10 17 
9479371670 1.5 6 4 12 17 2 1 9 4 
9667082855 1.5 5 3 7 0 3 15 19 
1927064746 1.5 7 2 6 17 2 8 10 11 9 
7815848573 1.5 9 3 0 6 10 11 9 2 19 7 16 
9475790158 1.5 6 2 10 9 13 15 8 3 
10673986370 1.5 6 4 0 4 5 8 3 16 
1783848194 1.5 8 3 2 13 0 8 16 7 9 3 
8039854835 1.5 4 4 16 12 14 3 
3562312983 1.5 7 2 16 8 1 17 4 6 18 
6283238052 1.5 8 7 10 11 17 9 4 5 12 16 
1997115935 1.5 6 2 7 4 14 18 1 10 
10048483112 1.5 5 4 11 8 10 1 19 
7012206765 1.5 5 3 11 6 17 2 15 
10123834314 1.5 4 3 4 0 8 13 
5839210087 1.5 7 7 13 5 2 17 4 3 11 
729224096 1.5 5 2 14 17 10 2 19 
6094165689 1.5 7 7 17 5 4 15 11 18 16 
4006442322 1.5 8 2 9 8 16 4 17 2 19 0 
1000184728 1.5 5 4 2 11 12 3 15 
3740076477 1.5 7 4 1 9 3 4 8 7 2 
3370255916 1.5 8 7 10 8 7 3 19 11 14 17 
6259642300 1.5 9 9 6 8 9 12 15 19 7 14 5 
4707580130 1.5 3 2 13 3 0 
1576583772 1.5 5 3 11 0 7 12 3 
7976995823 1.5 6 3 7 13 1 4 14 17 
1621834060 1.5 3 3 0 5 7 
9394206676 1.5 5 3 9 3 17 6 5 
1825426235 1.5 6 3 10 14 9 13 19 8 
9984362031 1.5 4 3 14 0 11 2 
1111568376 1.5 9 5 2 0 6 4 10 16 19 3 5 
7968523265 1.5 4 4 14 11 2 7 
2216324035 1.5 3 3 13 0 5 
9859015674 1.5 8 4 7 6 4 18 12 17 10 16 
1188044670 1.5 6 2 2 15 13 8 3 14 
1250837154 1.5 9 2 8 13 9 10 19 11 2 17 15 
5582723887 1.5 5 2 8 5 18 14 7 
9244696470 1.5 5 5 2 17 15 4 12 
7679006149 1.5 4 3 19 5 15 7 
3481795097 1.5 4 3 11 1 15 12 
560652599 1.5 3 2 10 9 2 
934560315 1.5 6 3 6 7 3 11 13 12 
10304300554 1.5 4 4 17 2 3 0 
5689817849 1.5 8 4 6 4 15 5 9 13 17 11 
7244934888 1.5 8 4 10 15 1 14 12 3 11 2 
9502278460 1.5 8 2 1 16 9 10 5 6 12 13 
10426261731 1.5 4 2 1 7 18 11 
8641344914 1.5 8 7 0 2 6 16 13 5 1 4 
2583920549 1.5 9 4 11 9 6 18 15 0 1 10 3 
4813297064 1.5 9 6 11 18 9 0 1 19 3 17 8 
7104742017 1.5 8 7 10 12 15 9 6 3 5 0 
168713049 1.5 4 2 0 4 3 15 
659788534 1.5 9 7 12 7 2 14 16 11 3 10 15 
9863994768 1.5 7 6 7 11 5 1 8 12 10 
1671836586 1.5 3 2 9 13 8 
7692989216 1.5 6 4 19 8 9 16 17 6 
8132588921 1.5 4 3 14 7 0 17 
2775192044 1.5 6 6 3 13 6 1 10 5 
551482097 1.5 7 7 7 4 9 12 16 5 10 
8263251147 1.5 8 6 18 14 12 17 11 7 19 2 
1907723540 1.5 7 3 15 8 17 19 0 7 6 
5097671535 1.5 8 8 19 16 7 12 4 13 8 17 
1998858300 1.5 9 4 15 2 16 18 5 4 10 17 7 
3938855573 1.5 6 3 15 11 9 1 2 18 
2627321914 1.5 3 2 16 17 8 
4505351412 1.5 4 4 7 1 9 19 
1282487470 1.5 4 3 6 11 0 14 
7561088099 1.5 9 7 4 10 13 9 8 18 19 12 1 
1757409877 1.5 8 3 3 4 2 7 15 18 19 17 
9881040727 1.5 5 5 12 0 14 9 19 
1744825857 1.5 3 3 16 2 9 
1436762612 1.5 6 2 13 4 15 0 3 6 
9459708814 1.5 8 8 16 9 8 7 3 19 5 10 
3466763293 1.5 5 3 19 12 7 18 8 
2003219800 1.5 6 5 0 15 6 9 4 2 
4801967140 1.5 5 3 6 4 8 12 7 
2053944290 1.5 7 2 0 7 9 18 15 19 1 
2067640904 1.5 6 5 10 6 14 7 8 2 
3527309286 1.5 3 3 15 13 4 
7496752239 1.5 8 8 4 2 3 18 0 12 5 13 
3106978669 1.5 7 6 13 14 7 11 1 12 10 
8415541642 1.5 9 8 13 9 14 12 3 4 10 17 16 
7256801655 1.5 8 6 1 0 3 6 17 16 11 9 
3402138106 1.5 4 3 19 6 15 17 
7952519551 1.5 3 3 16 10 14 
9248470526 1.5 6 3 8 19 12 6 18 14 
10316945728 1.5 6 5 17 16 12 19 4 3 
36795956 1.5 4 3 8 15 2 16 
4493113864 1.5 4 2 4 5 10 17 
3264867536 1.5 6 2 3 12 1 0 18 2 
9881839664 1.5 8 5 13 3 12 0 19 4 17 5 
4690049016 1.5 6 6 10 6 4 17 13 16 
1195128776 1.5 5 2 7 4 14 13 3 
1836175003 1.5 7 6 7 0 5 14 1 6 3 
10085946605 1.5 7 3 9 18 7 12 10 1 2 
6301043556 1.5 4 3 9 16 8 12 
1380944001 1.5 5 4 6 17 9 12 13 
5193746384 1.5 5 2 15 17 7 3 8 
7401657732 1.5 3 3 12 5 16 
5096064265 1.5 9 8 7 1 15 6 5 13 0 18 9 
809540735 1.5 8 4 15 11 4 9 3 8 10 2 
4274245636 1.5 7 3 6 7 16 5 17 19 14 
7974593671 1.5 7 3 12 17 18 16 13 0 14 
8783940610 1.5 4 4 17 4 2 11 
10611347190 1.5 8 6 8 18 17 9 11 1 19 13 
3288649795 1.5 5 3 0 16 4 14 15 
9157752459 1.5 7 7 16 7 10 4 3 12 9 
10654464334 1.5 5 3 7 10 11 9 4 
867655579 1.5 7 4 14 7 1 11 18 15 0 
10574904118 1.5 9 4 0 19 8 17 3 2 7 13 1 
5924363844 1.5 4 3 5 12 19 6 
452227621 1.5 4 4 5 1 0 6 
3730889334 1.5 9 7 16 0 8 2 10 13 11 1 7 
1657791080 1.5 6 2 0 6 16 9 14 17 
8794684972 1.5 3 2 7 10 13 
937019423 1.5 8 2 3 8 2 5 15 16 11 14 
6758215829 1.5 4 4 6 4 14 17 
6095132481 1.5 7 5 1 10 6 3 7 15 17 
9972649186 1.5 4 2 1 9 6 18 
5123285887 1.5 3 2 19 2 9 
8475757175 1.5 7 6 2 12 4 19 1 10 9 
1633302908 1.5 7 5 14 15 13 0 12 18 7 
2261358239 1.5 8 2 5 12 9 13 17 10 4 3 
8639549453 1.5 4 3 13 7 6 18 
2240283023 1.5 5 4 5 18 16 12 3 
8907564675 1.5 8 7 16 9 10 8 1 11 0 12 
5524923789 1.5 3 2 17 2 10 
1504580651 1.5 7 3 0 13 9 15 18 19 10 
3626376883 1.5 4 2 13 6 15 3 
8580886984 1.5 5 3 14 6 9 7 4 
6834732396 1.5 8 4 11 12 4 16 13 9 19 2 
8066644800 1.5 5 5 9 8 13 10 14 
1424999391 1.5 7 3 19 15 6 16 10 13 3 
3371688773 1.5 6 3 2 5 0 15 12 11 
7366887313 1.5 9 3 14 15 1 13 11 5 17 8 0 
2238118891 1.5 6 5 1 2 12 10 0 15 
9277468572 1.5 8 6 7 11 12 10 3 17 9 14 
4771380549 1.5 9 2 15 19 7 11 14 2 10 3 0 
9359962121 1.5 9 9 4 9 11 3 18 7 15 16 5 
6204034201 1.5 3 3 18 6 19 
5911460222 1.5 9 9 3 7 9 1 5 6 15 8 18 
6732744661 1.5 3 2 18 9 8 
5753884356 1.5 8 8 19 12 9 4 2 10 18 17 
1077224191 1.5 7 7 2 19 1 17 15 6 8 
2863986413 1.5 6 3 14 11 18 12 16 6 
6050538706 1.5 3 2 16 5 4 
9070518567 1.5 3 2 19 4 5 
10019666267 1.5 8 3 13 8 1 3 6 18 0 11 
5704799705 1.5 4 3 3 19 15 13 
2677755843 1.5 3 3 13 14 4 
3056172393 1.5 7 2 15 13 10 9 16 2 12 
638392395 1.5 3 3 12 11 4 
4401811149 1.5 6 2 15 17 8 12 2 9 
5589380849 1.5 7 2 3 4 12 14 0 7 13 
2116449319 1.5 3 3 18 10 7 
8867625176 1.5 6 3 2 4 14 18 19 9 
10333245896 1.5 7 3 11 17 12 0 10 3 19 
8873002140 1.5 5 5 1 12 3 6 5 
47077733 1.5 4 4 12 1 15 6 
8200153614 1.5 8 4 0 14 13 4 6 18 7 5 
8578153567 1.5 6 6 10 12 4 3 8 9 
319972992 1.5 7 4 0 5 3 13 12 10 7 
111387961 1.5 4 2 8 2 7 1 
3858020818 1.5 8 6 18 0 19 4 1 17 15 9 
5682461970 1.5 6 2 10 16 6 18 1 14 
5261018351 1.5 8 8 2 8 4 15 7 12 1 9 
3127803059 1.5 4 3 13 10 3 9 
258116960 1.5 6 4 5 2 3 17 7 0 
7214957953 1.5 4 4 13 2 17 5 
5745570450 1.5 3 3 16 7 18 
5704974523 1.5 8 4 5 11 3 0 1 15 6 18 
9236143231 1.5 6 2 19 2 11 10 3 12 
361217670 1.5 8 7 10 17 7 13 4 19 11 6 
3662588295 1.5 6 6 12 7 18 4 0 6 
2463226513 1.5 4 2 12 2 19 1 
10410250865 1.5 6 5 7 1 3 11 8 14 
3797443350 1.5 8 4 5 16 6 0 3 12 18 9 
4376854082 1.5 8 3 15 10 13 16 2 1 7 12 
7517368725 1.5 7 2 17 18 5 15 8 0 3 
5409673048 1.5 6 3 14 1 2 13 9 16 
9881618 1.5 6 3 4 3 7 2 8 13 
6009618371 1.5 3 3 7 17 3 
10404202702 1.5 9 8 4 17 18 10 13 16 1 3 2 
3227153269 1.5 5 2 1 3 10 0 4 
5053139570 1.5 8 5 1 12 4 3 14 5 9 15 
5073895254 1.5 4 4 16 8 15 10 
4159661176 1.5 3 2 4 5 6 
3814772078 1.5 8 7 8 7 19 18 4 14 13 6 
2813076342 1.5 7 6 8 11 15 3 13 1 2 
8781063598 1.5 7 7 12 4 13 14 0 6 3 
2383074179 1.5 7 2 5 1 16 11 9 19 4 
1664118097 1.5 4 4 7 1 16 9 
8872051073 1.5 3 2 11 2 9 
2758636804 1.5 7 6 17 1 11 19 4 5 3 
10696073846 1.5 4 3 13 2 18 7 
6203429073 1.5 7 2 4 5 12 7 14 17 2 
1311646896 1.5 8 8 11 15 12 13 3 1 7 17 
9579766449 1.5 4 4 3 14 5 17 
6141029144 1.5 9 3 5 12 17 15 8 19 10 9 16 
9156572332 1.5 7 2 12 0 19 4 17 5 13 
1851539813 1.5 4 2 5 14 18 0 
2420862814 1.5 3 3 12 13 17 
8734140363 1.5 3 3 8 1 16 
8334449342 1.5 7 6 4 1 19 2 10 9 0 
4256942406 1.5 3 2 12 1 6 
3446941997 1.5 4 2 3 5 11 17 
1835713313 1.5 9 8 19 13 4 6 7 5 9 17 11 
7616237981 1.5 3 3 5 11 1 
6276554039 1.5 7 3 6 4 18 3 7 0 17 
10263214172 1.5 7 2 1 6 15 8 0 3 11 
3919580550 1.5 5 4 18 0 19 16 8 
7256294023 1.5 5 4 15 3 10 19 1 
1507697669 1.5 8 8 12 16 8 19 14 1 9 4 
9126140413 1.5 4 2 6 10 15 0 
1731219153 1.5 5 4 16 5 10 19 0 
2640480634 1.5 4 4 0 7 18 19 
8156328860 1.5 6 5 14 5 11 16 6 12 
10546653494 1.5 7 7 2 4 17 19 10 0 12 
6289093404 1.5 5 2 3 14 9 0 11 
2813713712 1.5 6 6 6 10 1 12 2 9 
1019964190 1.5 7 7 12 1 8 15 2 16 9 
5735568274 1.5 3 3 12 15 7 
7833129191 1.5 3 3 17 5 3 
4165956933 1.5 6 3 13 10 16 14 11 15 
8329815531 1.5 6 2 6 7 14 12 5 10 
6453411263 1.5 7 5 9 14 17 13 10 18 3 
1093041351 1.5 7 2 4 0 16 6 7 11 18 
8115887996 1.5 4 2 10 3 0 11 
8798246821 1.5 9 7 9 13 15 17 5 16 11 19 2 
4142943946 1.5 8 5 1 16 10 12 8 7 14 0 
17 335 25
18 270 32
19 722 6
7 159 45
7 696 28
13 215 43
6 526 1
16 285 35
3 125 33
4 778 43
8 395 15
19 58 31
10 160 4
5 670 13
7 782 2
19 978 2
5 798 35
11 104 35
12 851 37
7 129 10
9 628 44
15 724 22
7 472 17
8 601 33
4 346 39
8 476 12
1 312 35
0 848 35
5 852 43
15 471 17
4 565 4
5 696 0
13 885 5
16 231 23
7 270 4
1 411 39
0 355 2
19 11 33
13 372 36
12 195 2
4 912 26
14 807 5
4 605 29
3 408 47
3 357 42
6 823 13
18 89 19
10 831 2
11 774 28
17 675 29
17 104 35
7 794 13
7 619 8
16 359 31
11 322 46
15 533 3
1 623 40
3 737 45
3 317 22
2 654 20
13 283 30
0 305 42
11 950 7
4 750 14
2 825 3
6 132 21
3 153 2
6 63 16
17 189 5
6 522 7
6 975 33
15 271 19
14 771 25
15 394 37
2 496 23
7 79 29
18 826 12
7 240 23
19 603 5
5 245 30
6 611 4
17 59 34
8 297 16
13 862 46
0 905 16
8 92 38
9 445 9
11 129 21
2 866 36
15 27 22
0 512 41
1 255 38
2 854 4
8 120 3
12 199 38
14 99 47
16 584 46
19 654 15
12 225 33
1 364 39
