20 20 1000 100
1073741824 1073741824
1073741824 1073741824
1073741824 1073741824
1073741824 1073741824
1073741824 1073741824
1073741824 1073741824
1073741824 1073741824
1073741824 1073741824
1073741824 1073741824
1073741824 1073741824
1073741824 1073741824
1073741824 1073741824
1073741824 1073741824
1073741824 1073741824
1073741824 1073741824
1073741824 1073741824
1073741824 1073741824
1073741824 1073741824
1073741824 1073741824
1073741824 1073741824
1073741824
1073741824
1073741824
1073741824
1073741824
1073741824
1073741824
1073741824
1073741824
1073741824
1073741824
1073741824
1073741824
1073741824
1073741824
1073741824
1073741824
1073741824
1073741824
1073741824
3139376024 1.5 7 6 1 6 18 14 13 9 4 
2358053762 1.5 8 4 17 0 5 4 12 11 2 3 
5824870434 1.5 6 6 10 13 17 8 5 11 
5889709938 1.5 9 8 9 6 1 11 18 15 7 13 2 
4085789738 1.5 3 2 15 7 19 
2421096195 1.5 9 4 18 0 19 11 7 1 4 8 12 
5233578392 1.5 9 9 9 10 12 7 5 16 14 6 1 
8543314008 1.5 4 4 13 1 6 3 
6442507100 1.5 4 2 11 18 14 0 
43170411 1.5 8 2 6 9 4 17 15 7 3 16 
6782136015 1.5 6 3 4 18 17 3 5 2 
10032090194 1.5 4 2 13 16 19 4 
5451882781 1.5 8 7 17 8 16 9 5 19 3 15 
3942393197 1.5 4 4 6 11 0 13 
4463332728 1.5 5 2 3 19 10 16 2 
4260284298 1.5 3 2 4 2 18 
10046460804 1.5 3 2 12 4 10 
5039714481 1.5 7 4 10 0 13 18 1 8 16 
10239573323 1.5 3 2 5 10 3 
2934740126 1.5 3 2 0 9 7 
6016904561 1.5 3 2 1 11 9 
9705996672 1.5 3 3 1 14 13 
6650345210 1.5 8 4 18 10 5 0 17 13 19 16 
531448378 1.5 4 2 13 0 5 7 
2723727265 1.5 8 6 9 16 5 0 3 13 10 11 
4350769177 1.5 5 2 1 12 0 16 7 
856908573 1.5 5 3 10 12 5 9 6 
9398687143 1.5 5 2 10 18 13 17 0 
8772385301 1.5 4 2 8 12 3 16 
4734450721 1.5 8 5 1 13 11 9 4 16 10 3 
766745056 1.5 3 3 11 1 14 
8575825011 1.5 9 9 1 17 11 10 12 14 6 3 16 
1111569677 1.5 3 3 16 3 12 
4230634487 1.5 6 3 2 19 6 11 8 5 
4800610694 1.5 8 7 9 11 0 6 4 14 10 16 
2200304711 1.5 5 5 2 9 0 18 7 
4262836011 1.5 5 2 11 6 15 1 10 
1815442472 1.5 8 8 1 16 15 4 5 7 9 11 
1303283948 1.5 8 6 4 1 19 9 11 5 6 16 
1212266839 1.5 8 3 13 12 9 11 15 17 7 2 
2041155183 1.5 7 5 16 4 2 14 7 8 0 
3957539142 1.5 4 3 4 19 8 1 
7315344853 1.5 5 5 12 17 4 18 2 
2537963338 1.5 8 4 5 9 0 10 6 13 12 2 
4930772709 1.5 3 2 2 0 12 
3036009800 1.5 7 4 11 17 1 16 5 3 6 
3206713394 1.5 7 4 8 11 16 13 0 2 7 
5027494233 1.5 8 7 3 8 18 0 17 13 10 14 
2413550967 1.5 3 3 8 4 15 
755344953 1.5 7 2 2 9 0 14 1 4 17 
1742882430 1.5 4 2 4 1 14 5 
451379484 1.5 9 7 14 15 12 13 10 7 8 19 9 
7102069188 1.5 4 3 1 14 7 4 
2581065110 1.5 7 3 8 12 2 3 7 13 10 
3068705187 1.5 9 8 14 4 6 10 12 11 19 2 15 
7669680792 1.5 7 5 0 5 14 17 6 19 9 
6863969736 1.5 4 2 2 7 1 9 
4184306613 1.5 8 6 12 0 18 6 11 16 15 9 
1896751966 1.5 6 3 4 6 11 12 17 16 
3498804269 1.5 6 2 14 11 17 8 19 13 
7702404064 1.5 8 4 7 12 1 0 2 6 15 8 
5955958384 1.5 3 3 11 8 1 
8270457961 1.5 5 2 6 7 8 2 13 
8925496424 1.5 8 3 15 6 1 18 8 9 17 4 
9915517367 1.5 8 8 4 7 5 17 0 11 15 2 
1403120946 1.5 8 4 4 14 1 6 17 18 7 10 
2631826857 1.5 9 5 5 2 15 4 8 17 12 19 13 
6906149289 1.5 8 3 15 11 4 14 19 0 3 12 
6954141404 1.5 6 6 15 9 10 7 12 14 
3507480091 1.5 3 2 18 8 16 
9909861107 1.5 8 2 19 14 5 6 4 10 1 12 
9381844994 1.5 8 2 0 8 19 15 1 2 12 14 
4082969713 1.5 3 3 16 7 13 
7240707622 1.5 8 8 17 14 11 10 16 13 5 15 
1145718887 1.5 8 2 10 6 1 19 14 12 9 4 
10681941155 1.5 3 3 15 9 4 
1082808539 1.5 6 2 12 5 1 17 6 15 
5616594655 1.5 8 7 2 10 17 9 16 14 13 3 
2354551143 1.5 4 2 1 19 8 9 
2752895630 1.5 5 5 8 12 5 13 18 
2778155143 1.5 9 7 0 5 2 6 12 16 8 11 18 
10420412078 1.5 4 4 14 18 17 1 
6259690938 1.5 5 2 4 17 15 6 10 
8319160605 1.5 8 4 10 1 18 5 11 19 12 15 
10483753366 1.5 6 3 10 14 16 13 19 8 
4572680800 1.5 6 6 8 10 14 6 5 11 
5809129005 1.5 3 2 1 0 3 
6635408366 1.5 4 2 4 0 15 7 
7712993465 1.5 9 7 10 14 5 7 13 0 9 3 4 
1782557256 1.5 7 3 16 9 7 18 10 15 13 
8505921054 1.5 6 4 14 18 15 10 0 6 
81983762 1.5 6 2 4 5 14 18 15 10 
7708669803 1.5 9 7 4 9 11 1 5 17 0 6 3 
7450263686 1.5 9 7 9 13 1 11 16 6 10 4 14 
263925615 1.5 8 4 18 4 19 1 3 7 2 9 
8422835665 1.5 5 2 6 9 12 18 15 
5147491826 1.5 8 7 6 12 16 19 9 1 4 13 
7016635673 1.5 9 4 13 12 5 15 17 9 19 4 8 
6606071720 1.5 5 2 3 8 19 9 5 
2032883384 1.5 4 2 10 4 12 7 
9863448526 1.5 5 4 4 6 19 16 8 
9039695383 1.5 9 3 19 1 9 2 4 17 3 18 13 
1008136583 1.5 6 3 1 9 11 12 0 4 
146605058 1.5 8 4 19 13 2 12 0 16 7 6 
831534456 1.5 3 3 0 15 17 
4893742493 1.5 5 2 11 0 10 4 9 
8776247473 1.5 4 4 5 11 14 1 
2277190104 1.5 4 2 13 0 3 19 
1810908935 1.5 9 7 18 10 16 4 15 3 7 12 9 
5990578031 1.5 5 2 10 1 13 14 3 
9140560798 1.5 6 4 18 19 5 1 6 2 
1759373173 1.5 5 4 16 5 15 7 19 
5635276316 1.5 4 4 19 16 17 18 
9943771313 1.5 9 3 4 17 8 18 6 5 2 12 0 
3194245821 1.5 3 2 18 13 17 
206531244 1.5 7 5 5 15 19 10 18 12 9 
9226667901 1.5 4 4 1 3 19 5 
7246858750 1.5 8 2 17 12 0 4 8 11 16 2 
3777677299 1.5 8 2 5 0 11 12 14 7 3 18 
6326540394 1.5 4 4 9 2 5 16 
5702032469 1.5 5 4 13 6 9 10 12 
5404926821 1.5 3 3 19 8 1 
1902095755 1.5 7 6 4 11 8 2 1 16 15 
6305212444 1.5 7 6 4 0 10 15 1 17 2 
10418994961 1.5 8 8 8 6 2 4 15 7 18 3 
7149963643 1.5 6 5 12 7 17 4 18 15 
2668644523 1.5 4 3 2 0 3 19 
3882596913 1.5 4 4 17 0 14 8 
5866789132 1.5 6 6 19 0 5 9 18 14 
533776880 1.5 5 2 12 6 2 15 18 
2502489444 1.5 8 5 13 0 17 2 5 8 1 4 
7891714510 1.5 9 5 18 0 7 12 5 10 3 8 9 
4998176372 1.5 3 2 0 12 6 
5416211582 1.5 6 3 4 8 13 5 9 0 
9315659322 1.5 5 5 8 11 19 7 4 
3174959383 1.5 6 2 5 7 19 16 12 14 
5877130984 1.5 3 3 11 10 17 
6882074190 1.5 3 3 3 14 17 
5189817763 1.5 6 3 10 4 7 11 6 12 
7184683906 1.5 9 6 4 17 14 3 8 18 10 15 19 
1492544280 1.5 7 7 13 12 9 11 5 16 7 
10141035223 1.5 6 5 0 19 3 9 6 16 
7144749760 1.5 6 5 1 5 6 10 17 15 
2489479541 1.5 8 3 13 1 0 12 9 6 4 11 
7400919721 1.5 9 5 1 3 14 12 13 9 5 10 11 
6892734551 1.5 7 3 7 11 1 0 18 14 9 
4985558546 1.5 4 2 18 11 9 16 
1088163668 1.5 4 3 10 1 18 7 
347164053 1.5 5 2 7 18 4 0 5 
1801588823 1.5 6 6 19 11 6 15 8 16 
4426959427 1.5 7 6 18 15 14 13 10 11 19 
10163304516 1.5 9 4 15 19 16 17 12 10 7 5 2 
888019740 1.5 5 5 6 4 0 8 15 
8603059652 1.5 5 2 13 10 9 18 7 
10016110141 1.5 5 2 17 5 7 3 11 
4502768313 1.5 3 2 3 18 11 
3068345265 1.5 6 6 1 15 13 17 3 6 
81741795 1.5 3 3 18 1 5 
9283883541 1.5 6 5 7 12 16 13 14 4 
1379783507 1.5 3 2 4 18 11 
10468109668 1.5 6 3 9 0 4 11 6 2 
1062063873 1.5 6 6 11 14 7 2 4 6 
1679043845 1.5 8 5 19 6 7 5 13 16 14 0 
3217971715 1.5 9 8 1 10 2 9 4 18 16 7 11 
6783588801 1.5 8 8 0 7 16 13 11 3 4 2 
4097096205 1.5 9 5 19 16 11 8 7 12 13 6 18 
783040654 1.5 5 5 13 5 6 9 11 
8542236533 1.5 4 2 10 1 13 18 
10436987029 1.5 4 2 6 18 12 14 
10468072733 1.5 8 8 5 4 9 1 8 11 14 18 
3038847099 1.5 6 6 14 3 10 5 8 7 
8220342794 1.5 5 4 11 5 4 12 17 
3868476628 1.5 5 3 17 10 14 5 4 
3828597909 1.5 8 8 7 8 14 19 10 1 18 6 
224647216 1.5 5 3 5 4 17 7 2 
2173805425 1.5 6 3 14 13 15 9 18 7 
1444054456 1.5 3 2 13 10 9 
1054715386 1.5 5 2 2 12 6 17 0 
8302323277 1.5 4 4 16 7 6 11 
6938233983 1.5 7 3 3 1 5 17 16 2 8 
5975849109 1.5 8 4 14 7 13 18 9 2 12 8 
2821335447 1.5 5 3 1 18 12 2 4 
6719934386 1.5 4 4 18 0 13 11 
6302511651 1.5 9 2 0 13 9 6 17 15 11 3 2 
7800003782 1.5 5 2 19 18 8 4 12 
1919704831 1.5 8 3 13 1 3 5 16 7 17 2 
6816713916 1.5 6 5 14 13 2 9 17 4 
7677278813 1.5 3 3 16 19 15 
9322028367 1.5 7 7 13 0 7 1 16 4 6 
2708777303 1.5 4 3 9 2 16 12 
10605676797 1.5 6 3 3 16 1 11 8 9 
383254200 1.5 5 2 13 14 8 12 18 
10235094549 1.5 7 7 13 8 6 2 3 19 10 
2251900693 1.5 7 4 13 7 1 11 8 4 3 
5249748996 1.5 6 5 9 16 0 5 3 6 
9679838017 1.5 8 8 1 13 15 9 3 14 11 8 
5976254403 1.5 4 2 2 4 5 15 
3083429997 1.5 7 6 18 14 8 5 4 0 9 
3168051086 1.5 9 4 0 3 2 4 8 11 1 10 13 
4512881602 1.5 6 5 5 9 1 7 17 4 
2137012244 1.5 3 3 19 8 11 
4462610796 1.5 3 3 13 9 12 
2331615048 1.5 9 7 19 12 3 0 16 5 8 1 4 
7261176151 1.5 8 7 9 4 16 6 2 12 17 8 
8984996670 1.5 4 4 4 0 17 3 
7337994789 1.5 3 2 9 3 7 
4184635186 1.5 6 5 4 16 7 14 3 17 
3683326716 1.5 6 4 2 4 18 12 9 17 
1236734414 1.5 5 5 18 11 1 13 15 
7793299263 1.5 3 3 5 19 17 
6065778985 1.5 5 3 14 18 1 9 7 
2700833638 1.5 5 5 18 6 5 2 0 
7861868244 1.5 8 8 19 6 9 3 15 17 10 2 
10534896796 1.5 8 4 5 4 16 9 6 19 7 14 
3643593098 1.5 4 2 11 0 17 4 
2109657380 1.5 5 3 16 18 15 1 19 
1377274035 1.5 4 3 7 16 9 17 
9639878545 1.5 5 5 2 0 13 7 17 
9943262768 1.5 9 3 17 9 3 6 0 11 18 8 16 
5544822565 1.5 6 6 8 11 16 12 19 6 
14516130 1.5 9 6 1 8 2 13 18 15 7 16 5 
4988393746 1.5 9 6 10 2 9 8 7 16 3 15 4 
3715938409 1.5 6 2 1 0 19 12 3 6 
3186704119 1.5 3 2 14 3 2 
1759176069 1.5 4 2 9 8 0 12 
4571123733 1.5 6 3 11 4 16 1 7 15 
3482767688 1.5 5 3 2 9 4 17 13 
6666484388 1.5 7 4 4 18 5 16 10 0 17 
9311241829 1.5 9 6 3 10 8 2 15 19 13 12 18 
2420056499 1.5 7 6 9 17 13 11 0 14 6 
1212613621 1.5 4 3 19 10 7 11 
9000204691 1.5 8 4 11 3 16 6 13 19 12 18 
3616859636 1.5 8 4 16 14 2 19 5 8 7 15 
6763588337 1.5 4 2 16 8 5 15 
3906022613 1.5 8 2 18 14 19 6 16 5 10 13 
7086720493 1.5 4 4 16 19 0 3 
8813808429 1.5 9 9 19 8 1 10 16 14 15 3 0 
7905385228 1.5 6 4 1 13 8 16 15 4 
4702944534 1.5 4 2 15 13 10 3 
5157505965 1.5 8 8 19 10 8 4 0 13 6 5 
4304734712 1.5 4 4 18 9 6 8 
10126521877 1.5 5 5 2 15 16 9 6 
3116794822 1.5 4 4 14 18 1 11 
6994905760 1.5 6 3 14 15 16 10 7 13 
4106168665 1.5 3 2 5 12 6 
6977464096 1.5 6 4 17 7 1 11 18 12 
1247043711 1.5 4 4 5 14 16 0 
9351982645 1.5 3 3 8 3 17 
7246131299 1.5 4 4 18 17 13 16 
7131612745 1.5 8 5 12 9 14 2 5 18 16 8 
4390610403 1.5 5 5 14 16 9 4 17 
3347473448 1.5 4 4 16 13 3 9 
3821643635 1.5 6 6 5 17 6 1 18 14 
2365902451 1.5 3 2 4 5 17 
6942437651 1.5 6 2 4 11 17 19 2 3 
6443050967 1.5 7 7 9 18 1 3 5 17 11 
2146528428 1.5 6 3 7 1 9 0 19 4 
6586373866 1.5 7 6 3 11 19 10 4 13 12 
4863590899 1.5 6 4 11 14 16 0 4 17 
2017059414 1.5 8 5 6 17 9 7 2 4 11 0 
546582411 1.5 8 5 8 5 12 7 11 1 19 4 
4410342813 1.5 8 8 5 2 0 8 15 3 18 16 
10252136017 1.5 5 2 7 9 3 8 17 
10382063149 1.5 6 2 18 11 19 8 10 14 
6286629285 1.5 8 8 2 4 14 0 5 19 15 10 
3229467235 1.5 7 3 18 3 16 0 9 17 2 
7427348297 1.5 7 6 11 13 2 10 8 15 5 
3428229252 1.5 8 3 16 1 7 6 0 19 2 11 
2729339137 1.5 8 4 7 0 15 6 11 3 9 4 
2059413843 1.5 5 5 5 4 18 7 0 
961142322 1.5 4 2 10 13 11 17 
3216106019 1.5 6 5 14 10 15 5 2 1 
1609858217 1.5 4 3 0 10 15 6 
7834558698 1.5 3 3 14 8 1 
9123997052 1.5 7 4 3 19 4 1 12 18 10 
9402729025 1.5 5 3 12 17 14 3 18 
7629665541 1.5 5 3 7 14 12 10 16 
2490658954 1.5 4 2 9 19 4 11 
2676083961 1.5 3 2 2 18 17 
8153863429 1.5 6 5 5 17 18 4 13 7 
2559299823 1.5 8 3 12 6 4 0 18 17 5 7 
8595654098 1.5 9 7 3 15 14 12 8 9 10 0 7 
4725338449 1.5 5 3 9 19 3 11 0 
773625790 1.5 7 6 6 4 2 0 8 5 10 
5793443805 1.5 6 4 0 8 12 15 9 16 
6285000096 1.5 3 3 14 7 3 
3510594062 1.5 7 5 13 16 8 5 12 3 7 
4911367310 1.5 3 2 9 11 2 
2111291258 1.5 5 5 3 1 19 18 12 
9928430974 1.5 5 2 10 13 2 5 8 
561196579 1.5 9 5 12 6 5 8 0 3 7 19 17 
5586135729 1.5 7 3 14 3 19 11 16 1 2 
6158104441 1.5 7 2 5 14 1 0 2 13 7 
6079145758 1.5 6 5 4 8 19 1 5 16 
7943312336 1.5 7 5 17 14 16 13 19 12 15 
7251518487 1.5 4 2 10 2 4 16 
188949681 1.5 8 2 5 15 12 19 16 7 1 8 
8549744741 1.5 7 5 0 17 10 13 6 14 12 
7731928815 1.5 6 6 8 11 6 3 16 19 
6183889637 1.5 3 3 15 11 12 
5170709889 1.5 6 6 8 14 12 15 4 18 
7011382525 1.5 4 2 2 18 10 4 
2200927144 1.5 8 2 17 19 9 6 12 16 8 15 
1814242030 1.5 6 6 9 4 11 10 17 19 
6238788766 1.5 3 3 7 10 4 
2810970019 1.5 8 2 2 17 7 13 18 6 10 4 
5534639404 1.5 8 8 6 9 10 19 5 7 12 2 
3292047689 1.5 6 4 10 14 7 16 8 18 
727978228 1.5 9 3 14 9 17 6 12 7 5 16 8 
9407886176 1.5 7 7 14 10 3 16 6 15 18 
9392427082 1.5 3 2 3 13 4 
5699159489 1.5 6 4 2 3 18 4 11 10 
5151956307 1.5 6 6 9 18 16 11 15 6 
4919514619 1.5 3 3 7 10 8 
5813830132 1.5 8 2 18 17 10 5 4 15 7 14 
6689328435 1.5 4 3 18 16 5 9 
10203394245 1.5 9 3 6 12 4 1 2 10 8 9 11 
4808861902 1.5 7 6 17 4 5 7 1 0 13 
4469989230 1.5 8 4 5 12 1 15 11 4 2 3 
9493913217 1.5 6 3 16 2 7 5 0 13 
10034485724 1.5 7 5 17 16 7 1 5 18 9 
4567156910 1.5 5 2 16 0 11 15 17 
5954363461 1.5 7 7 18 8 0 1 12 17 10 
8349242271 1.5 8 5 1 10 16 7 15 4 8 19 
9273090356 1.5 7 5 1 3 7 11 12 6 8 
2881735627 1.5 5 4 8 11 2 13 16 
3030644137 1.5 8 2 6 1 18 15 9 8 10 5 
5821933903 1.5 7 7 18 6 14 1 5 7 3 
5048903123 1.5 6 2 17 0 7 10 4 3 
7539689083 1.5 4 4 14 2 4 6 
729911423 1.5 4 4 4 9 11 1 
3312421828 1.5 4 3 16 14 8 19 
1757055438 1.5 9 8 7 9 13 5 4 3 19 16 18 
3878624660 1.5 8 8 12 9 10 1 4 18 17 8 
952383462 1.5 5 5 3 15 8 10 2 
1535414832 1.5 4 2 11 2 18 19 
8212991343 1.5 8 6 2 10 14 0 16 6 4 17 
3550813391 1.5 9 6 11 3 6 12 7 4 8 0 14 
6491680985 1.5 9 6 2 19 10 3 15 18 9 12 16 
8066462582 1.5 3 2 17 3 16 
3390269250 1.5 3 3 4 8 13 
4277608180 1.5 5 2 15 3 5 6 1 
5868735617 1.5 9 4 17 9 16 5 15 4 12 14 19 
7718740568 1.5 9 3 18 17 3 13 4 14 16 9 0 
1080363761 1.5 7 6 14 10 16 3 12 17 2 
5329221236 1.5 7 6 18 6 13 5 0 3 19 
2704697064 1.5 5 5 2 6 12 5 3 
9000391013 1.5 5 3 12 3 18 6 4 
7421893480 1.5 7 2 10 18 0 9 3 13 5 
10237517858 1.5 3 3 4 0 2 
1294300396 1.5 3 2 18 10 13 
2443848791 1.5 5 5 12 7 11 14 0 
7671571595 1.5 3 2 4 19 15 
6314126234 1.5 6 3 10 16 12 1 11 9 
2989943865 1.5 4 2 19 9 3 0 
10426455120 1.5 6 3 4 8 9 10 13 16 
6895247845 1.5 3 2 0 18 1 
8604033188 1.5 5 5 14 17 15 16 13 
8134498089 1.5 4 3 12 6 3 13 
4531992377 1.5 7 5 7 12 1 10 17 4 5 
1038086433 1.5 9 2 17 4 14 7 13 16 15 12 1 
5107508173 1.5 4 2 15 17 8 6 
8780578860 1.5 9 5 10 18 17 11 4 13 2 7 19 
8144207403 1.5 6 6 7 5 4 8 2 9 
2815684822 1.5 7 6 12 17 13 19 16 3 9 
106165230 1.5 9 6 18 14 2 8 4 17 9 6 0 
6205443967 1.5 9 7 7 11 19 9 18 10 6 8 13 
5117786572 1.5 9 8 16 5 11 13 14 0 17 18 12 
6641421330 1.5 5 5 16 14 13 15 10 
1508312365 1.5 6 5 0 8 5 19 17 11 
5457924850 1.5 9 3 10 6 17 1 5 18 2 14 13 
7227327516 1.5 4 3 18 12 19 15 
4246547185 1.5 5 4 10 18 9 19 13 
9426064221 1.5 3 3 9 0 4 
3181658416 1.5 4 4 7 9 18 19 
6824497273 1.5 8 8 3 1 9 17 8 11 0 2 
6955893660 1.5 9 3 15 11 3 14 2 7 12 18 4 
2720821048 1.5 3 3 16 17 1 
5632184809 1.5 9 4 7 17 13 9 15 18 6 4 14 
10298687703 1.5 4 2 10 13 3 7 
3485609483 1.5 4 3 1 18 12 14 
753834012 1.5 5 2 11 9 16 18 15 
2197814605 1.5 3 3 7 15 3 
9224645960 1.5 3 2 5 19 2 
4319850327 1.5 8 6 0 7 3 12 9 2 19 4 
435420502 1.5 5 4 1 12 10 13 6 
4945850130 1.5 9 2 16 18 13 8 1 14 6 11 0 
6200642565 1.5 7 2 10 13 0 3 14 6 1 
9298874165 1.5 8 5 5 10 1 7 18 9 15 12 
2174006671 1.5 3 3 6 9 16 
7322517616 1.5 3 3 8 4 5 
1909552384 1.5 6 4 10 18 15 16 4 17 
3403548143 1.5 9 3 15 12 8 14 6 19 7 13 5 
9032737183 1.5 6 6 10 19 11 17 3 2 
3847389992 1.5 3 3 0 3 16 
403270814 1.5 9 2 13 7 12 15 6 16 5 11 10 
4221243361 1.5 7 3 14 2 3 6 16 15 19 
3167015276 1.5 7 2 11 10 15 12 14 7 5 
4553211666 1.5 3 2 9 6 12 
6329368717 1.5 3 2 8 11 2 
3176445798 1.5 7 5 2 9 6 13 19 15 16 
4159981307 1.5 9 9 15 2 18 19 3 9 11 16 5 
1816880746 1.5 5 3 19 18 17 13 14 
9355104882 1.5 4 2 10 8 18 3 
995864888 1.5 5 3 12 4 3 0 9 
7555377324 1.5 8 8 1 15 0 11 13 14 2 4 
6809426776 1.5 4 4 11 12 2 6 
2117311930 1.5 3 3 18 19 11 
380134551 1.5 3 3 13 2 8 
2746910321 1.5 5 3 15 5 12 7 14 
8659016114 1.5 4 3 11 18 10 9 
2611736466 1.5 9 3 1 12 16 0 4 5 18 9 19 
9750766884 1.5 7 2 3 2 1 15 11 14 0 
4689064639 1.5 6 5 19 3 11 16 7 0 
7924557774 1.5 4 2 1 6 17 2 
5184904431 1.5 3 3 16 9 4 
2259310474 1.5 3 3 10 15 11 
2210278679 1.5 3 2 11 9 13 
4214249697 1.5 3 3 9 17 5 
8417180289 1.5 4 4 8 15 19 7 
1063763699 1.5 6 4 13 19 11 6 7 5 
5217549224 1.5 9 9 0 7 12 14 18 5 8 13 10 
3976522729 1.5 6 2 16 3 12 11 14 4 
7464539353 1.5 3 2 14 4 0 
9990694245 1.5 5 3 3 8 1 19 11 
3604481044 1.5 3 2 15 17 0 
6808366800 1.5 8 5 14 0 19 11 15 3 8 9 
6763333889 1.5 7 7 13 16 19 9 8 12 0 
5423309013 1.5 9 6 7 18 12 14 6 5 2 9 19 
1893336017 1.5 5 3 11 3 7 8 10 
6012104870 1.5 9 8 12 2 16 0 18 13 9 3 14 
3660739146 1.5 3 2 15 9 3 
2475926392 1.5 8 8 7 19 15 4 17 11 6 16 
7418718345 1.5 4 4 10 5 14 0 
5787453078 1.5 8 4 0 3 12 4 13 2 6 16 
2481925045 1.5 5 5 7 8 12 18 14 
2265780035 1.5 7 4 1 18 12 5 14 7 17 
7308205255 1.5 6 6 7 10 11 12 6 4 
9391945445 1.5 6 5 8 18 0 6 13 12 
3046341594 1.5 4 3 18 10 16 2 
3502673476 1.5 5 4 16 8 3 14 19 
7944499635 1.5 9 7 18 8 7 1 17 19 13 4 16 
7926630877 1.5 3 2 19 16 8 
1971960341 1.5 9 4 15 0 19 1 18 8 2 16 7 
7729451152 1.5 6 6 17 11 14 19 13 5 
9712449192 1.5 7 3 8 19 7 13 16 4 3 
10027868383 1.5 8 6 15 13 0 3 8 10 18 12 
9209048719 1.5 5 5 6 10 14 19 3 
4590892119 1.5 9 9 4 2 13 16 5 12 11 1 7 
5713731561 1.5 6 2 6 12 9 0 13 3 
6325867200 1.5 5 4 10 8 15 1 6 
5026425453 1.5 7 6 9 15 12 4 19 13 18 
5366727287 1.5 6 6 13 12 17 14 10 18 
6761834552 1.5 7 5 7 13 10 18 2 14 5 
9117968040 1.5 8 7 13 16 4 9 17 0 2 6 
1018821029 1.5 8 5 13 8 17 4 0 5 10 1 
7369304708 1.5 9 8 17 7 19 4 10 14 0 1 2 
3911057308 1.5 3 2 16 7 5 
10324957634 1.5 9 4 14 17 12 18 5 1 9 8 6 
3705618180 1.5 3 2 19 0 2 
7108451290 1.5 7 3 6 5 18 9 16 14 19 
917508667 1.5 4 4 19 18 10 15 
9147957976 1.5 4 2 13 0 15 5 
6798830552 1.5 3 3 16 1 13 
9442314013 1.5 9 5 15 19 13 9 0 11 18 16 4 
10192672192 1.5 7 6 3 6 5 19 12 10 4 
4371560758 1.5 7 5 13 2 6 8 5 4 11 
9267393355 1.5 4 2 19 1 3 17 
1482225680 1.5 5 5 5 15 2 9 13 
7603656207 1.5 6 2 15 3 0 7 11 19 
7265393890 1.5 6 3 9 18 13 5 3 4 
9203894214 1.5 6 2 13 12 14 18 8 9 
5787823033 1.5 4 2 6 7 4 17 
4944785629 1.5 6 6 19 7 14 15 6 8 
6096794292 1.5 8 7 10 15 1 13 11 2 0 3 
3726435153 1.5 9 2 4 13 2 11 5 14 1 18 8 
3845233119 1.5 3 3 5 17 11 
5729551219 1.5 8 7 17 8 1 3 6 15 12 19 
4098307407 1.5 6 5 1 17 15 13 9 14 
4958103716 1.5 8 6 17 18 12 0 9 14 5 4 
9446163419 1.5 8 4 0 7 17 8 12 19 4 9 
3515927452 1.5 9 8 5 17 11 16 13 19 9 7 4 
7029494706 1.5 9 3 6 4 12 9 11 10 8 14 7 
2679459988 1.5 7 4 13 10 8 17 3 16 4 
9224835457 1.5 5 4 7 17 11 6 4 
6325205681 1.5 3 3 1 13 5 
2343629458 1.5 6 2 16 18 10 12 14 17 
6814299807 1.5 9 6 10 1 3 18 15 19 17 4 14 
7032849346 1.5 9 4 2 14 6 4 10 5 18 13 0 
10369769876 1.5 3 3 4 13 0 
7828836754 1.5 5 5 10 17 6 19 14 
3111468265 1.5 9 5 5 3 1 18 10 6 8 14 4 
2337803366 1.5 8 7 1 17 16 5 4 2 8 14 
492269907 1.5 6 2 19 0 3 11 12 16 
2935731756 1.5 6 3 2 3 14 17 8 16 
7374731345 1.5 7 6 13 10 19 8 18 16 4 
3284274538 1.5 4 3 1 9 11 3 
682401956 1.5 3 2 14 2 10 
6466018005 1.5 3 2 8 11 7 
6817402566 1.5 3 3 11 1 8 
7001368785 1.5 8 5 14 15 0 18 3 11 2 1 
8329093178 1.5 9 6 2 11 14 6 0 12 18 15 1 
4023056749 1.5 6 4 9 15 13 7 14 8 
7483643930 1.5 5 5 9 7 2 11 16 
2152785312 1.5 8 3 14 17 13 1 11 12 8 7 
1871134937 1.5 8 2 13 0 8 11 19 5 2 1 
6616967013 1.5 4 2 14 12 4 3 
8467959347 1.5 3 2 1 15 14 
553088129 1.5 9 7 0 5 14 13 9 19 16 4 8 
250170463 1.5 4 4 10 13 19 7 
9585958271 1.5 7 3 15 16 18 7 6 11 5 
8609079429 1.5 6 4 6 10 3 1 19 9 
6476363190 1.5 3 3 6 0 19 
6675409483 1.5 4 2 2 14 18 17 
4160569815 1.5 9 7 8 4 11 12 3 14 10 16 15 
9087994083 1.5 4 4 11 14 12 16 
9753164959 1.5 7 6 6 10 13 17 5 1 16 
3332092129 1.5 3 2 7 15 10 
4053188650 1.5 8 2 18 10 11 7 13 3 15 4 
2740787376 1.5 4 3 0 12 19 9 
7925194740 1.5 3 3 13 18 10 
3180612551 1.5 6 5 10 17 4 14 16 12 
3990339345 1.5 8 4 8 5 0 14 11 17 13 18 
4212485309 1.5 9 9 7 17 9 18 10 16 19 3 15 
5925454632 1.5 4 2 0 9 13 12 
5686081470 1.5 7 5 16 4 1 17 6 9 13 
6362554431 1.5 7 4 7 12 18 4 0 5 13 
2114045357 1.5 4 2 16 13 11 5 
5803641068 1.5 9 8 17 18 19 4 7 1 0 3 14 
1334514033 1.5 3 2 3 7 14 
9206872330 1.5 8 6 15 10 8 7 3 14 16 12 
3897135115 1.5 9 3 4 14 5 2 13 0 15 1 6 
1352662040 1.5 8 3 11 7 8 4 19 16 17 3 
5091628546 1.5 4 4 5 16 0 17 
7493544386 1.5 6 6 17 19 0 11 1 2 
9663268023 1.5 5 3 0 4 14 7 16 
4379716623 1.5 8 3 19 3 11 7 4 5 14 15 
749285841 1.5 7 7 4 8 7 1 10 16 5 
4315629143 1.5 3 3 18 9 4 
9836427744 1.5 9 9 14 7 2 5 1 10 4 13 16 
1348582503 1.5 4 4 5 18 2 13 
9874056904 1.5 9 6 19 11 17 15 13 18 5 12 10 
5400995419 1.5 6 4 18 12 15 10 7 14 
7613553103 1.5 8 7 7 16 14 0 2 4 5 8 
10369690977 1.5 3 2 16 18 1 
1221316356 1.5 6 5 19 15 11 7 5 6 
8584579775 1.5 9 7 18 0 8 9 3 13 1 17 16 
4047741515 1.5 3 2 10 6 16 
8886514071 1.5 7 4 1 11 18 5 13 14 15 
3260702356 1.5 5 3 16 8 9 2 15 
2378445833 1.5 4 2 1 6 16 13 
6310519580 1.5 7 5 8 10 1 0 7 9 15 
10706875020 1.5 9 8 19 4 1 10 18 9 8 17 0 
9459113999 1.5 5 3 7 9 1 19 4 
4152357475 1.5 8 4 6 10 14 13 16 15 18 4 
6474831823 1.5 7 5 8 1 2 5 9 0 7 
8592906068 1.5 7 3 16 7 3 6 5 11 9 
1786009381 1.5 8 2 14 19 0 13 11 17 4 2 
2546666035 1.5 8 6 1 4 14 18 16 17 10 5 
318322266 1.5 5 2 10 18 8 1 19 
3736549954 1.5 3 2 1 10 3 
4044279555 1.5 4 4 4 7 3 1 
4964605614 1.5 8 2 4 3 2 1 6 17 15 18 
1139537283 1.5 8 4 1 0 12 4 15 6 7 2 
9363951610 1.5 9 9 1 15 14 2 3 12 0 13 7 
935179646 1.5 7 5 3 9 15 10 12 19 7 
2423955107 1.5 4 2 12 7 18 3 
7805443940 1.5 5 2 15 5 4 19 3 
1659006737 1.5 9 3 6 14 2 9 3 4 12 13 17 
2600325263 1.5 5 2 1 6 12 19 9 
10100712454 1.5 3 2 4 8 9 
801421534 1.5 9 4 0 19 11 15 2 7 18 9 1 
8916555205 1.5 6 4 11 17 7 3 0 4 
1324178843 1.5 5 5 9 7 15 3 17 
1895828889 1.5 8 2 2 8 4 0 16 11 18 10 
8965467798 1.5 3 3 18 2 6 
9291874184 1.5 8 8 11 4 9 17 8 6 13 18 
6915685082 1.5 8 6 16 0 17 7 18 15 8 10 
4630099882 1.5 6 6 5 3 17 19 9 8 
4346664080 1.5 5 2 18 16 5 19 0 
9165012575 1.5 9 3 4 15 13 2 5 16 0 18 12 
829264370 1.5 4 2 5 1 2 9 
4615798327 1.5 9 5 9 18 2 13 1 5 11 0 8 
4004128470 1.5 8 6 10 12 4 17 14 11 1 15 
64943449 1.5 4 3 15 17 8 16 
4535651275 1.5 5 5 18 1 17 9 19 
7194972015 1.5 9 5 15 18 4 3 8 2 7 16 14 
7574606555 1.5 9 6 18 3 19 12 6 7 5 9 17 
2891396925 1.5 6 6 18 6 17 0 7 10 
8843669605 1.5 7 5 3 15 4 5 14 10 19 
8020496648 1.5 4 2 17 12 16 5 
7358459513 1.5 3 3 5 16 17 
5266490030 1.5 6 4 0 11 5 13 12 6 
1966664751 1.5 3 2 15 3 6 
5641602176 1.5 9 3 12 0 3 4 16 14 8 5 7 
5563012076 1.5 3 2 0 19 4 
9178095645 1.5 3 3 0 4 10 
7922427903 1.5 3 3 14 13 12 
512516519 1.5 7 6 5 7 10 14 3 11 0 
97927196 1.5 3 3 5 3 9 
186145655 1.5 9 8 10 12 8 1 3 0 5 18 19 
1976801212 1.5 5 3 4 8 12 1 10 
5179954025 1.5 8 6 19 17 3 10 15 11 8 5 
5356848574 1.5 9 3 13 10 5 4 1 18 9 14 3 
7788925086 1.5 7 2 16 12 5 9 14 18 2 
9039158265 1.5 9 3 0 3 14 8 15 19 9 18 2 
7576171765 1.5 4 3 19 12 1 16 
4488233903 1.5 5 5 1 6 17 13 16 
1668108106 1.5 3 3 12 4 0 
364824668 1.5 6 6 4 11 16 1 8 2 
7219664652 1.5 4 2 6 0 13 1 
1403208577 1.5 8 4 8 19 1 18 2 4 12 6 
4419359331 1.5 8 3 17 8 18 0 3 4 12 10 
8649256260 1.5 7 3 8 18 7 11 15 6 1 
6825943866 1.5 9 8 5 10 0 14 1 16 13 2 12 
9205696127 1.5 5 4 19 12 1 3 14 
5774830355 1.5 7 3 15 13 4 2 6 5 1 
3222326547 1.5 7 5 10 6 14 3 12 11 15 
9914075047 1.5 7 7 15 9 14 11 0 16 5 
5043226439 1.5 9 7 13 10 16 5 4 17 1 8 18 
4357093189 1.5 3 2 2 3 19 
854164393 1.5 6 5 16 14 17 0 12 1 
6896082707 1.5 7 5 5 0 3 18 7 13 8 
2395198623 1.5 8 6 8 11 5 1 19 18 12 3 
7602445220 1.5 5 2 13 16 1 4 9 
4038986710 1.5 7 6 18 11 15 0 4 3 14 
9458275241 1.5 6 5 13 19 16 15 10 12 
10595367290 1.5 5 4 2 3 6 7 16 
2973077692 1.5 9 8 6 17 3 1 11 12 18 7 10 
8622306036 1.5 6 5 10 0 2 12 18 15 
1469467278 1.5 5 5 9 15 19 12 10 
3371482951 1.5 3 2 11 8 2 
5084922967 1.5 5 2 17 9 11 15 4 
7306373040 1.5 3 2 9 2 4 
258040491 1.5 9 3 3 15 17 7 18 10 0 1 13 
9198807449 1.5 6 3 5 8 17 14 11 7 
607511648 1.5 8 8 15 1 4 8 7 9 10 3 
8194860521 1.5 6 3 18 1 19 3 17 16 
9615753859 1.5 4 2 5 2 8 0 
9095716063 1.5 6 3 1 7 2 3 16 13 
8645444402 1.5 6 5 18 13 12 19 7 10 
153544008 1.5 6 4 6 19 5 15 2 17 
2705313687 1.5 5 5 8 13 11 2 3 
7083118352 1.5 8 4 15 6 4 12 18 17 13 10 
9201845414 1.5 3 2 19 10 14 
9558153465 1.5 3 2 4 14 6 
2786184297 1.5 9 5 13 6 9 1 10 17 0 11 7 
6121084686 1.5 5 3 5 13 15 17 9 
4314591669 1.5 9 3 10 19 18 7 14 1 16 8 13 
2979157037 1.5 8 6 16 14 6 9 4 18 5 8 
3550968002 1.5 8 7 1 9 11 10 14 16 7 8 
1588090400 1.5 8 2 2 14 15 6 10 0 4 13 
9412628844 1.5 3 3 16 18 8 
9628994717 1.5 9 5 6 11 4 19 0 10 13 8 17 
7072113447 1.5 4 3 1 16 14 15 
3021300558 1.5 5 4 18 12 10 3 13 
4139208342 1.5 4 3 5 16 1 6 
3281748876 1.5 4 3 14 12 17 8 
8108156525 1.5 8 2 15 8 9 12 14 1 3 19 
1051603016 1.5 7 5 19 14 10 8 5 12 13 
8445581723 1.5 6 4 13 18 5 19 15 16 
6959546732 1.5 5 2 17 14 3 13 1 
5210130 1.5 5 4 11 6 7 0 10 
7254319968 1.5 9 8 6 13 10 18 11 2 3 16 12 
7347532856 1.5 6 3 19 6 11 7 14 3 
66855095 1.5 4 3 10 2 16 17 
850988790 1.5 3 2 9 3 1 
2829022072 1.5 4 2 17 16 12 10 
2809844450 1.5 5 3 8 4 14 18 10 
3900756476 1.5 4 2 17 9 7 3 
7405942013 1.5 5 3 13 5 6 4 8 
4837637328 1.5 9 4 11 6 1 15 16 7 4 14 13 
5966082850 1.5 9 9 7 13 11 9 1 2 14 15 5 
9810119178 1.5 4 3 1 3 5 9 
9709760225 1.5 8 6 10 17 2 1 14 15 12 8 
2467482868 1.5 9 7 8 2 15 3 12 10 7 0 11 
993922508 1.5 5 2 3 11 15 18 9 
4849366249 1.5 4 3 19 8 1 15 
126536334 1.5 9 5 15 12 5 19 11 7 3 18 14 
1487449883 1.5 8 8 10 16 7 9 19 17 12 5 
571784835 1.5 9 5 17 7 13 5 12 0 11 16 3 
1050229794 1.5 3 3 9 7 4 
7765870179 1.5 4 2 12 14 7 2 
8308993120 1.5 3 2 8 9 16 
5644384538 1.5 6 4 13 14 0 5 8 9 
212442585 1.5 6 4 5 12 1 11 6 8 
7068337843 1.5 6 6 3 10 9 12 5 4 
6153175824 1.5 3 3 15 1 10 
3652185341 1.5 3 2 19 1 7 
10414616438 1.5 5 4 10 0 18 5 6 
7695787856 1.5 8 4 3 14 17 16 5 19 8 7 
2217231900 1.5 4 3 1 3 6 18 
2383243423 1.5 9 9 11 4 17 14 1 7 12 9 10 
9949072490 1.5 5 4 18 12 4 9 1 
2567011129 1.5 6 5 2 19 1 9 14 16 
8686816432 1.5 8 8 16 9 13 5 2 14 4 0 
550509177 1.5 5 2 11 7 1 0 13 
5699984423 1.5 9 6 4 18 2 17 10 1 16 12 14 
7133323929 1.5 6 5 16 6 5 10 13 9 
1091457662 1.5 8 3 12 9 11 8 13 3 7 17 
9009140805 1.5 7 4 9 8 0 13 16 18 12 
6865826537 1.5 6 2 14 8 11 18 5 10 
9426858535 1.5 3 3 15 1 17 
10215477363 1.5 8 8 3 7 17 18 4 12 5 9 
8358380593 1.5 4 4 1 16 12 0 
1782975319 1.5 3 2 2 6 0 
4193214419 1.5 7 7 16 0 15 14 17 8 18 
1543761168 1.5 3 2 8 14 6 
2422422028 1.5 6 5 12 14 13 18 6 10 
1488121964 1.5 5 3 10 14 7 5 3 
10678027226 1.5 3 3 0 7 15 
9832593847 1.5 6 5 2 19 4 6 3 5 
10300770044 1.5 5 2 0 12 3 9 1 
6114957034 1.5 9 8 16 18 14 2 3 7 1 5 13 
4538457689 1.5 6 2 3 5 10 16 13 14 
2197108658 1.5 4 2 9 2 5 7 
4873877727 1.5 6 3 0 5 7 11 3 4 
8642254186 1.5 3 3 5 16 4 
4070014268 1.5 3 3 18 13 7 
7543738739 1.5 4 2 7 17 6 2 
1617159892 1.5 6 5 18 5 9 13 7 3 
4020374588 1.5 8 5 9 6 13 10 3 16 19 1 
1611634299 1.5 5 4 15 4 7 14 5 
2075056299 1.5 4 3 18 19 10 11 
1254718131 1.5 3 2 15 4 9 
5717629907 1.5 8 7 15 1 9 13 16 4 3 2 
357481920 1.5 5 4 19 9 8 15 7 
5954751286 1.5 7 4 10 0 19 13 11 7 14 
8998793156 1.5 9 2 9 2 4 17 13 6 14 11 5 
6663306589 1.5 7 7 8 15 11 4 5 1 10 
10577297347 1.5 9 8 12 1 17 19 18 10 15 9 2 
5413127588 1.5 5 2 0 9 8 12 3 
5879434369 1.5 5 4 0 13 19 18 15 
4618028421 1.5 4 4 19 17 5 16 
10698995096 1.5 9 5 17 1 16 2 12 3 9 8 5 
7986118987 1.5 3 2 10 18 9 
9145270304 1.5 8 8 14 1 11 0 8 17 5 18 
140057060 1.5 3 3 19 6 18 
5868320498 1.5 9 8 14 18 9 11 13 10 5 0 1 
7575860637 1.5 8 7 8 15 18 6 9 17 13 5 
7806221508 1.5 8 4 14 13 4 19 0 11 12 10 
5542075520 1.5 9 6 10 5 2 16 0 4 11 12 9 
2328305165 1.5 7 4 2 16 17 19 9 10 1 
10438352538 1.5 9 2 10 18 14 11 17 16 0 2 9 
7520259814 1.5 3 2 3 7 19 
4245831488 1.5 5 3 13 10 6 14 3 
3568122669 1.5 4 3 12 9 13 11 
10736670889 1.5 8 5 2 17 9 6 19 3 10 5 
9046064347 1.5 5 5 0 9 7 4 3 
5700803871 1.5 3 3 2 3 14 
1662170112 1.5 8 5 6 1 12 14 9 3 13 0 
4519823490 1.5 7 3 5 13 9 10 0 4 7 
7509022377 1.5 4 3 10 2 18 7 
9837344127 1.5 3 2 13 10 12 
3742584054 1.5 5 5 0 9 2 15 3 
7392368175 1.5 8 2 5 17 19 18 9 10 15 1 
2198948574 1.5 6 5 15 18 8 9 7 1 
6325331751 1.5 3 2 6 8 0 
2977854787 1.5 6 5 19 3 10 1 9 2 
6051445099 1.5 4 2 18 6 19 5 
10145706601 1.5 9 7 9 0 3 12 8 1 16 14 4 
9980175361 1.5 5 2 0 4 16 10 17 
3453904653 1.5 8 3 13 14 9 2 3 1 6 5 
4318101628 1.5 7 4 7 12 14 18 4 11 13 
1012045623 1.5 6 4 11 1 12 0 5 10 
562971543 1.5 6 5 13 18 15 17 4 6 
1752623756 1.5 8 2 10 0 15 19 17 1 12 14 
6369725998 1.5 5 5 12 14 0 15 4 
4008957016 1.5 3 2 16 18 6 
1186222388 1.5 5 5 18 0 12 15 4 
6977038268 1.5 8 8 8 3 2 6 13 14 18 5 
6108492353 1.5 9 5 1 2 5 19 0 13 8 12 6 
7572839573 1.5 5 3 12 0 16 11 10 
6293977152 1.5 5 5 2 1 8 17 14 
601714437 1.5 7 6 17 6 1 18 5 12 19 
10692766191 1.5 6 3 5 2 4 13 7 16 
9436965787 1.5 3 2 1 11 16 
4602740256 1.5 5 5 2 13 9 3 4 
3479501837 1.5 6 5 16 18 4 5 11 9 
5499538931 1.5 5 3 17 19 1 6 11 
7146022877 1.5 6 6 16 12 6 10 11 1 
7330918542 1.5 5 2 17 13 6 14 5 
739921907 1.5 9 4 16 12 2 9 14 8 4 15 10 
4020194989 1.5 8 3 16 4 1 15 7 13 14 5 
1863886548 1.5 9 2 0 8 9 17 11 7 4 2 19 
2997026266 1.5 9 4 9 4 1 12 10 8 13 5 17 
2195889430 1.5 5 3 1 17 8 16 6 
2691539742 1.5 7 5 18 16 13 19 4 12 11 
1803994410 1.5 9 7 11 17 8 13 2 6 19 9 14 
9486946334 1.5 9 9 0 12 18 10 3 4 17 15 13 
3699160212 1.5 5 2 2 5 10 11 17 
1119085310 1.5 7 4 5 2 7 1 6 8 13 
9781168936 1.5 5 5 6 10 15 0 14 
3654154102 1.5 7 5 14 0 19 18 4 8 15 
1024106906 1.5 3 2 0 7 6 
10572409349 1.5 4 2 12 17 7 2 
143144456 1.5 6 3 8 3 0 11 4 13 
2561460632 1.5 3 3 4 8 5 
5711893731 1.5 4 2 3 19 7 9 
1372117170 1.5 3 2 0 18 5 
5737032948 1.5 8 6 19 5 6 15 4 11 13 12 
6732627972 1.5 4 2 6 14 17 10 
3862510353 1.5 3 3 0 5 3 
1839141360 1.5 9 4 4 15 9 1 3 18 19 10 12 
6240195947 1.5 6 5 0 11 10 4 3 15 
6532673286 1.5 9 3 4 5 17 12 2 19 9 10 14 
8956372433 1.5 6 4 14 18 3 2 6 16 
8120305392 1.5 4 4 7 2 8 0 
717706394 1.5 7 2 12 19 5 16 7 15 18 
2639846569 1.5 5 3 0 12 3 8 1 
5962674027 1.5 8 7 3 10 18 16 19 8 7 9 
2160666887 1.5 4 2 10 16 4 9 
877500372 1.5 4 4 2 9 18 4 
10458399523 1.5 4 4 14 0 6 3 
10558768540 1.5 7 6 19 6 5 10 13 8 16 
7878269585 1.5 6 4 11 7 1 4 12 14 
197762848 1.5 5 4 15 4 16 13 1 
9171904748 1.5 7 2 8 5 9 11 15 14 13 
9151106660 1.5 7 2 14 5 18 9 12 16 4 
1971639879 1.5 5 4 17 8 0 10 1 
5517452044 1.5 9 5 19 18 16 4 14 7 13 5 10 
5665121812 1.5 8 6 9 7 5 6 10 14 16 4 
1250567292 1.5 3 3 1 3 14 
637706231 1.5 4 2 19 16 5 9 
8401303283 1.5 6 2 18 7 4 6 2 17 
9325105958 1.5 8 8 16 6 0 1 17 15 4 10 
313783868 1.5 7 6 19 5 1 6 7 13 10 
1880466684 1.5 7 7 11 14 9 16 4 13 19 
4725771795 1.5 7 6 17 13 15 10 18 1 14 
5104505904 1.5 4 2 3 2 8 10 
1921212803 1.5 9 8 5 16 14 10 15 9 19 13 17 
7915837283 1.5 3 3 8 4 1 
7058029618 1.5 8 6 4 9 12 0 13 7 15 6 
8209842971 1.5 7 4 12 7 0 3 11 6 13 
5192530675 1.5 3 3 15 8 13 
9487021808 1.5 8 2 10 9 0 5 19 3 15 1 
6832148190 1.5 4 2 10 2 7 8 
6525776892 1.5 8 2 17 7 3 18 6 1 16 11 
3552803240 1.5 3 3 10 4 19 
9451651043 1.5 9 6 18 2 19 9 5 1 16 3 13 
7685354377 1.5 4 2 11 9 8 12 
9862744923 1.5 9 3 11 4 6 10 7 16 8 9 3 
10676258549 1.5 3 2 11 14 15 
388129196 1.5 4 3 7 14 1 16 
8172978060 1.5 3 3 18 4 16 
10413100934 1.5 8 3 6 4 2 11 10 9 13 14 
9160878371 1.5 3 3 7 12 19 
1566487530 1.5 5 3 15 8 18 5 9 
2999331331 1.5 5 3 9 10 4 11 6 
9682285074 1.5 7 4 11 17 0 8 13 3 2 
3087199297 1.5 8 6 3 17 16 1 6 2 15 12 
1154565716 1.5 6 4 3 14 2 5 0 18 
4366818898 1.5 8 4 1 3 2 9 11 13 6 18 
4892374375 1.5 5 2 0 13 4 1 16 
6905535978 1.5 9 6 6 4 9 7 10 17 19 12 14 
5542035754 1.5 5 3 12 5 1 16 7 
2266695920 1.5 8 7 10 12 5 4 19 2 11 1 
1325861205 1.5 9 7 10 15 18 6 11 7 0 9 19 
5472858873 1.5 4 2 9 2 14 19 
9166517720 1.5 6 3 15 10 5 4 1 2 
10531206850 1.5 7 6 5 2 12 10 17 14 4 
3549074243 1.5 5 2 4 7 9 3 19 
3113881541 1.5 4 3 3 11 9 5 
1557829670 1.5 3 3 15 5 16 
9775186547 1.5 6 4 17 18 4 0 14 12 
8659252531 1.5 4 2 6 8 18 1 
8575682053 1.5 8 8 17 15 10 2 5 4 7 19 
4338413285 1.5 7 4 0 1 6 2 15 3 9 
522109911 1.5 9 5 7 8 5 10 6 17 4 0 19 
4878936614 1.5 6 4 13 1 17 8 11 4 
9101705845 1.5 4 4 7 12 19 18 
1118609777 1.5 5 3 16 9 6 0 18 
6024553934 1.5 5 4 5 14 4 15 9 
7016095162 1.5 8 2 13 18 1 11 8 0 17 16 
2754330358 1.5 7 4 9 18 19 17 12 6 13 
3225004642 1.5 9 5 3 10 0 5 2 7 9 11 15 
9176918996 1.5 7 4 7 6 5 13 16 12 14 
7773867329 1.5 7 7 18 17 0 6 16 9 8 
1522623405 1.5 9 2 3 9 4 6 2 14 7 1 18 
3019807874 1.5 4 4 6 14 9 3 
5872839075 1.5 8 7 6 10 16 11 18 2 1 0 
7898396776 1.5 4 4 17 9 8 3 
1129774958 1.5 8 5 3 17 4 5 14 10 19 2 
8807927688 1.5 3 3 3 0 4 
5758089987 1.5 7 4 15 12 6 2 8 16 5 
3075967728 1.5 8 4 1 10 4 3 14 6 12 8 
9776014728 1.5 7 2 6 5 19 14 17 2 0 
7102185075 1.5 8 4 5 14 18 7 3 8 17 0 
1946542472 1.5 7 7 8 1 12 16 6 2 4 
7899335241 1.5 4 2 16 2 17 9 
8657910419 1.5 7 7 7 11 9 0 6 12 14 
13507088 1.5 4 2 15 5 3 12 
2302925680 1.5 9 6 5 9 8 1 12 15 10 19 2 
419651383 1.5 4 4 19 4 16 17 
9466549389 1.5 7 7 3 2 9 15 12 6 10 
7398084843 1.5 9 2 6 0 2 12 9 17 1 13 19 
1303035081 1.5 9 9 6 18 1 9 10 13 17 11 4 
7921438984 1.5 9 9 16 1 0 12 10 3 2 8 4 
681437571 1.5 9 4 4 19 0 7 3 10 11 12 15 
7072070962 1.5 9 9 10 19 6 8 7 11 2 9 13 
4108152236 1.5 6 2 16 18 3 13 11 14 
7177954819 1.5 8 6 5 17 15 4 6 7 13 19 
4954661538 1.5 9 7 12 2 11 13 10 18 19 0 17 
339993128 1.5 9 4 5 7 14 17 19 8 9 12 18 
2097364313 1.5 9 6 9 5 6 10 7 15 14 19 4 
4683313714 1.5 3 3 3 15 4 
2424439457 1.5 5 4 7 11 15 18 5 
2842002617 1.5 9 9 7 14 1 19 10 18 6 0 13 
10607765690 1.5 4 4 14 2 0 8 
9798542177 1.5 3 3 0 10 3 
8224867767 1.5 7 5 6 2 8 16 5 7 17 
2395972801 1.5 8 2 15 19 8 13 2 12 1 9 
7294388406 1.5 8 5 8 6 5 13 0 10 1 12 
9224911007 1.5 4 3 8 12 4 18 
6949184420 1.5 7 7 13 11 15 6 1 5 16 
5768214544 1.5 9 3 12 1 0 14 7 9 10 8 5 
2228418828 1.5 9 4 3 17 11 18 1 19 9 7 13 
10437124103 1.5 6 4 15 11 3 4 1 10 
5706272381 1.5 9 8 4 17 5 7 3 18 8 1 11 
4577525575 1.5 4 2 9 15 19 13 
5204906078 1.5 5 2 0 17 6 18 9 
8922594814 1.5 9 6 10 15 0 17 1 7 8 11 16 
5076505397 1.5 7 2 10 0 18 17 16 1 4 
8433043868 1.5 8 4 17 16 0 10 15 7 13 12 
7683447868 1.5 6 3 12 7 8 15 13 2 
6973289090 1.5 3 3 13 4 17 
6047888362 1.5 4 2 9 11 13 5 
8355896389 1.5 4 3 18 16 6 9 
10090358533 1.5 9 9 2 6 12 18 8 17 7 11 5 
9450179211 1.5 7 3 15 2 6 4 5 16 8 
5257436435 1.5 6 5 13 0 3 5 19 1 
3220972357 1.5 4 4 8 10 4 6 
403215030 1.5 7 4 18 4 7 16 5 1 3 
5707855244 1.5 3 3 5 16 1 
4470347951 1.5 3 2 6 8 14 
3728397455 1.5 5 4 17 18 11 15 7 
8276862737 1.5 7 4 17 15 16 9 8 18 6 
5248711248 1.5 5 3 9 13 19 2 8 
5964953214 1.5 3 3 4 11 9 
7505069249 1.5 3 2 4 11 16 
6806267644 1.5 5 4 15 10 19 13 3 
3497136539 1.5 3 2 3 9 19 
6929086894 1.5 5 4 13 3 0 7 1 
5727502317 1.5 4 2 4 15 1 8 
913197912 1.5 5 4 11 4 5 10 19 
3716391826 1.5 9 8 0 6 16 3 19 11 8 10 4 
512390242 1.5 7 7 17 19 3 12 10 11 0 
10277024406 1.5 6 3 7 14 15 13 6 17 
5722105736 1.5 3 2 2 8 1 
4444006706 1.5 5 3 11 12 18 5 2 
7663042686 1.5 5 3 3 18 5 1 4 
8610592014 1.5 7 7 16 12 15 14 6 0 5 
2415732573 1.5 5 4 3 2 9 8 0 
7032277778 1.5 7 2 4 0 14 8 16 18 2 
9354680602 1.5 9 3 7 2 4 17 16 8 6 5 13 
9361592107 1.5 4 3 12 14 8 13 
6701351835 1.5 9 9 15 2 1 16 19 6 13 12 3 
3418907617 1.5 3 2 0 16 9 
3718768984 1.5 4 2 11 13 7 0 
3473790744 1.5 7 5 6 2 15 18 7 5 16 
279656774 1.5 8 4 13 15 17 18 6 12 5 10 
486110142 1.5 5 4 0 9 17 3 2 
4600773195 1.5 9 7 8 5 9 13 19 12 0 17 4 
96312954 1.5 6 4 19 1 5 8 7 9 
2480753681 1.5 6 5 6 7 17 0 8 11 
847231353 1.5 3 2 0 3 4 
7623275925 1.5 6 5 17 3 8 7 13 19 
6280915474 1.5 5 3 5 15 10 0 16 
8650583550 1.5 6 3 14 8 2 17 7 1 
190904071 1.5 9 8 1 11 0 19 3 7 5 18 12 
1752648673 1.5 6 4 5 18 11 12 19 0 
2228823211 1.5 6 4 7 6 1 17 11 15 
48375585 1.5 4 3 0 2 8 3 
8584127972 1.5 8 6 14 7 9 8 6 15 19 13 
6058586198 1.5 5 3 18 3 7 16 11 
10134710056 1.5 4 3 7 13 2 9 
5512731033 1.5 3 3 4 7 5 
4780680180 1.5 6 4 16 4 11 14 9 7 
5409284337 1.5 9 6 9 13 18 5 7 15 14 16 3 
4970996978 1.5 8 7 11 0 15 2 16 13 10 3 
2227189899 1.5 6 2 9 4 15 7 14 13 
10151686797 1.5 4 4 6 5 10 14 
7552704425 1.5 7 2 5 7 4 11 16 2 3 
10696878817 1.5 3 2 16 14 6 
6454087972 1.5 8 7 15 5 3 18 2 12 14 7 
6819838777 1.5 7 2 16 6 8 13 11 15 7 
4137372673 1.5 6 6 8 11 3 19 10 4 
1696062993 1.5 9 8 15 14 19 2 3 11 8 7 4 
9920284020 1.5 5 3 15 1 19 2 8 
10326875896 1.5 8 6 5 6 8 2 10 14 16 7 
5571453586 1.5 6 4 13 12 14 19 7 8 
2872771876 1.5 5 5 11 8 19 2 6 
688278768 1.5 3 3 16 13 15 
3694284885 1.5 4 3 3 2 11 1 
6492856746 1.5 8 7 2 19 3 7 10 18 8 4 
488558453 1.5 7 5 15 11 17 3 5 0 9 
8869079178 1.5 4 4 18 9 4 8 
1880038909 1.5 5 5 1 13 19 14 17 
8088053630 1.5 4 3 2 7 3 19 
7894422245 1.5 3 2 3 15 2 
13 117 19
11 996 34
10 254 6
2 475 43
11 561 19
1 593 32
8 129 16
12 46 18
0 720 45
8 598 8
19 133 10
17 79 18
6 863 39
12 745 19
9 534 47
11 603 25
8 682 35
11 612 14
16 775 34
15 850 20
16 791 12
11 939 8
9 971 11
7 74 16
8 70 25
11 887 31
14 568 9
6 343 36
14 923 46
15 862 42
0 799 2
18 104 18
13 283 13
7 428 17
0 690 9
8 336 43
1 483 1
2 622 16
5 875 3
15 881 37
11 132 14
12 830 30
12 461 17
13 502 26
9 231 12
18 323 41
17 497 26
3 376 34
12 196 0
8 886 9
4 349 30
6 719 14
9 267 20
13 575 0
15 155 27
16 198 26
12 653 2
7 322 27
4 840 40
2 77 26
9 334 3
11 563 31
4 122 25
14 430 22
12 883 15
3 632 18
1 235 16
11 32 40
0 32 43
4 277 42
8 58 29
15 728 35
6 155 3
8 268 5
0 226 31
15 708 29
12 519 31
8 817 18
19 229 9
11 449 12
2 290 44
9 184 47
11 607 46
18 677 9
6 314 29
12 53 36
12 70 18
7 585 41
13 344 26
17 367 14
17 364 30
13 109 20
15 338 49
16 124 29
11 202 21
11 672 0
11 225 6
13 797 37
15 100 8
0 102 50
