20 20 1000 100
1073741824 1073741824
1073741824 1073741824
1073741824 1073741824
1073741824 1073741824
1073741824 1073741824
1073741824 1073741824
1073741824 1073741824
1073741824 1073741824
1073741824 1073741824
1073741824 1073741824
1073741824 1073741824
1073741824 1073741824
1073741824 1073741824
1073741824 1073741824
1073741824 1073741824
1073741824 1073741824
1073741824 1073741824
1073741824 1073741824
1073741824 1073741824
1073741824 1073741824
1073741824
1073741824
1073741824
1073741824
1073741824
1073741824
1073741824
1073741824
1073741824
1073741824
1073741824
1073741824
1073741824
1073741824
1073741824
1073741824
1073741824
1073741824
1073741824
1073741824
705285192 1.5 3 2 5 10 7 
4940716177 1.5 9 8 7 3 13 6 14 16 8 19 15 
2132854891 1.5 9 4 2 10 13 12 19 18 3 4 0 
10720412205 1.5 7 6 13 16 14 7 18 0 19 
2386851880 1.5 3 2 11 5 16 
10252378966 1.5 8 6 5 9 7 2 18 12 0 17 
6330561831 1.5 5 4 15 18 8 16 13 
3238710959 1.5 8 7 7 6 13 17 12 2 15 5 
1611584526 1.5 8 8 5 15 1 12 11 16 7 14 
600525393 1.5 3 2 8 15 1 
5854790505 1.5 8 4 6 4 18 3 17 15 1 10 
4091095806 1.5 9 6 7 6 1 5 11 10 18 0 3 
9450645109 1.5 7 7 1 16 3 15 6 5 0 
1266450681 1.5 9 8 17 1 19 14 18 12 3 8 16 
8032015691 1.5 5 4 12 4 10 0 14 
8547279584 1.5 8 5 2 9 1 15 6 16 3 12 
4433038266 1.5 8 4 16 19 10 6 2 11 18 7 
3980901749 1.5 9 9 8 15 9 17 1 14 12 16 19 
461160555 1.5 9 9 4 8 17 6 7 9 11 10 15 
10560878263 1.5 9 8 10 8 6 5 17 13 18 0 19 
10726877068 1.5 3 3 7 11 0 
3612959644 1.5 9 4 3 17 10 16 7 6 19 1 13 
1291506138 1.5 6 6 4 16 7 17 15 18 
9745820316 1.5 9 9 9 13 1 17 0 6 19 14 8 
8911054475 1.5 5 5 11 0 19 17 1 
10001795521 1.5 7 6 10 9 18 14 1 5 3 
10251018740 1.5 5 5 2 0 15 1 19 
8476679070 1.5 3 3 7 17 8 
2176375446 1.5 3 2 3 2 15 
1328047815 1.5 6 5 13 0 16 18 8 15 
9103570251 1.5 7 7 11 14 7 5 18 10 9 
1179663296 1.5 6 4 3 1 13 9 8 12 
2548179616 1.5 7 4 8 14 19 2 1 6 5 
9867453416 1.5 9 8 5 15 6 19 18 12 13 16 9 
6957299356 1.5 9 8 15 8 17 4 11 0 12 16 5 
4097957907 1.5 3 3 17 3 12 
1136792139 1.5 9 5 0 2 11 19 6 4 7 13 14 
5000866950 1.5 6 5 6 16 19 2 0 18 
9963036351 1.5 8 8 19 13 12 2 18 17 6 16 
9797121687 1.5 9 3 9 3 14 0 11 5 10 19 16 
3104542997 1.5 8 6 14 19 2 4 0 12 3 16 
10222470307 1.5 6 2 2 13 10 7 12 3 
5263940224 1.5 8 2 16 13 8 18 11 14 19 10 
3362064461 1.5 4 2 5 6 17 1 
1361282884 1.5 3 2 5 9 19 
3948730013 1.5 5 4 5 10 19 15 16 
346787293 1.5 7 5 4 9 5 14 6 19 15 
1417682520 1.5 5 3 7 4 17 13 2 
321838941 1.5 7 2 6 14 17 16 3 4 0 
6450064214 1.5 5 3 0 12 16 4 6 
10121251736 1.5 9 3 12 8 10 16 2 7 1 5 18 
9265906187 1.5 5 2 10 1 18 6 11 
4384544343 1.5 8 3 15 8 6 12 2 16 0 11 
9827455891 1.5 3 3 19 13 7 
5736485707 1.5 5 4 16 8 15 4 3 
8566189691 1.5 7 5 19 5 4 0 11 13 16 
8671652416 1.5 4 2 0 12 2 16 
10142805277 1.5 5 4 2 4 14 7 18 
2391860229 1.5 3 2 10 15 12 
574850619 1.5 3 3 12 8 5 
9579605281 1.5 3 3 18 6 0 
4212529166 1.5 8 5 17 9 16 11 4 12 5 6 
3505553172 1.5 5 3 19 15 12 3 8 
6169775849 1.5 4 3 16 11 2 4 
9045804357 1.5 5 4 1 13 4 19 16 
5669519489 1.5 3 3 18 5 14 
10348469184 1.5 4 2 12 0 2 7 
3115609063 1.5 7 6 7 0 16 9 2 1 8 
5727399033 1.5 7 7 4 1 8 19 13 11 3 
9610457260 1.5 5 2 13 9 6 10 8 
5492025434 1.5 6 6 18 15 11 3 17 12 
4176708934 1.5 7 7 3 19 10 16 9 7 18 
10578180118 1.5 3 2 19 9 10 
5197648355 1.5 7 3 15 7 9 4 10 12 18 
5747559787 1.5 7 4 11 0 7 8 5 2 13 
6197661144 1.5 4 2 15 8 13 19 
4068207825 1.5 9 3 11 5 19 6 0 16 2 9 14 
1521937651 1.5 5 3 15 5 13 17 0 
3319969877 1.5 6 5 8 2 9 3 4 15 
8346400074 1.5 3 3 9 1 13 
8514632899 1.5 3 2 2 4 19 
214597862 1.5 9 8 17 13 16 7 18 15 0 12 2 
3183874110 1.5 7 2 2 7 12 6 13 0 4 
9735945524 1.5 7 7 12 13 2 14 11 1 19 
8745209934 1.5 7 7 12 16 18 8 2 3 17 
5584031578 1.5 9 6 11 13 1 17 19 4 9 15 7 
8723340432 1.5 3 2 11 2 7 
8082288925 1.5 6 4 12 1 7 13 18 4 
9133891587 1.5 7 2 4 15 17 7 10 6 13 
3012217488 1.5 4 4 15 4 14 6 
8529875754 1.5 3 3 13 6 8 
173623699 1.5 6 3 6 9 19 1 0 8 
3277330426 1.5 3 3 9 5 6 
1445624727 1.5 6 4 6 14 15 7 11 17 
5861043277 1.5 4 3 16 14 6 3 
9279904917 1.5 7 2 1 2 12 14 11 13 0 
1958279933 1.5 3 3 12 2 5 
6664885073 1.5 8 2 12 1 9 11 0 5 8 13 
9356665089 1.5 3 3 17 0 2 
3082310376 1.5 6 4 15 19 9 1 3 18 
5641612792 1.5 7 6 18 6 19 15 1 13 7 
2726447177 1.5 5 2 18 8 13 16 11 
8047785514 1.5 5 2 1 8 14 6 10 
4590380028 1.5 6 4 8 6 0 17 16 4 
2973404752 1.5 7 4 11 13 5 2 1 17 16 
6390585030 1.5 8 3 16 9 13 10 3 5 7 15 
1257238663 1.5 9 7 7 9 5 14 15 10 18 4 16 
4273841309 1.5 6 4 13 18 2 9 11 12 
1522346634 1.5 3 2 12 4 0 
7057329061 1.5 4 2 3 4 10 12 
9257157690 1.5 7 4 2 0 8 12 1 17 18 
760717603 1.5 4 4 13 16 14 0 
9648779083 1.5 6 5 12 9 8 5 18 6 
5902166540 1.5 8 8 11 9 16 19 0 13 3 4 
3778801942 1.5 3 3 2 14 16 
1394191238 1.5 7 3 8 4 15 19 17 6 9 
8832075620 1.5 6 3 17 19 7 11 3 0 
718669260 1.5 7 6 12 17 7 10 6 3 8 
7213768031 1.5 9 9 0 17 14 9 10 16 5 1 4 
4647345112 1.5 7 3 3 19 0 7 8 15 6 
840622946 1.5 6 4 16 14 7 2 15 17 
1493812125 1.5 3 2 8 11 4 
2037346314 1.5 8 2 12 0 18 19 14 15 17 3 
8208221512 1.5 8 5 7 4 11 17 14 6 19 1 
7277312917 1.5 7 6 16 7 11 14 8 13 12 
1169882887 1.5 4 3 9 2 3 12 
445949476 1.5 7 7 19 11 13 4 10 6 16 
2942355165 1.5 8 3 3 6 7 16 17 13 11 2 
9452079820 1.5 4 2 17 2 14 19 
10205092457 1.5 4 2 8 14 12 18 
4092213390 1.5 9 9 12 11 14 3 15 13 4 6 17 
2518364273 1.5 8 4 0 3 13 16 9 18 10 6 
2555205042 1.5 8 8 7 12 3 18 14 16 8 19 
7304012417 1.5 4 4 5 16 2 14 
6773619225 1.5 4 2 18 11 4 0 
251405464 1.5 6 5 5 6 11 9 2 16 
388941382 1.5 9 6 13 4 2 1 0 16 5 19 6 
2654249877 1.5 5 5 13 0 19 8 1 
10391182565 1.5 8 3 12 13 16 2 10 4 8 5 
8073526341 1.5 9 4 19 9 5 7 12 14 4 1 3 
10305560034 1.5 4 4 18 14 7 12 
7988822247 1.5 3 3 1 2 19 
7927948134 1.5 6 6 15 18 19 3 9 8 
5265127516 1.5 5 4 17 19 14 1 16 
4366799978 1.5 6 5 18 19 3 11 10 6 
1850106812 1.5 4 3 0 15 3 16 
6283590019 1.5 6 6 1 12 13 10 18 17 
5861110643 1.5 9 6 6 5 9 8 13 2 16 12 10 
1578662396 1.5 6 5 0 11 14 10 18 12 
9025444146 1.5 8 4 5 11 7 10 18 17 1 19 
5289725973 1.5 9 7 1 2 6 16 8 11 12 5 3 
7847516799 1.5 6 6 6 3 15 14 16 19 
2702334154 1.5 3 2 17 7 3 
5098967808 1.5 4 4 4 7 15 14 
2158402407 1.5 3 2 13 2 12 
8265451191 1.5 7 7 19 3 10 11 8 12 0 
3879277056 1.5 7 3 8 10 17 11 16 19 14 
9010545020 1.5 5 2 9 1 3 14 18 
4768268472 1.5 5 3 2 12 6 3 18 
669859205 1.5 5 4 9 5 12 6 2 
3332649385 1.5 9 7 7 9 18 12 6 16 4 11 13 
8166152857 1.5 5 3 7 13 1 12 9 
10366061076 1.5 7 5 8 12 7 16 19 3 2 
8881531682 1.5 7 2 5 18 0 1 12 4 7 
6134777597 1.5 6 5 17 14 0 11 19 6 
4047562691 1.5 7 7 0 1 7 13 6 5 15 
6175245958 1.5 3 3 14 13 12 
8976689964 1.5 5 3 11 18 0 15 1 
7222771250 1.5 3 3 5 17 19 
6942087369 1.5 5 5 7 12 6 8 19 
7162585838 1.5 9 2 4 12 3 2 18 7 8 17 0 
7639440267 1.5 9 2 1 0 9 2 13 14 5 12 10 
2576947525 1.5 8 6 14 7 12 13 3 11 8 4 
6462278599 1.5 6 3 13 9 18 0 3 14 
2580212065 1.5 7 6 2 6 5 13 18 0 19 
1511380981 1.5 3 3 6 0 14 
5670260236 1.5 5 4 7 18 16 19 3 
2895092198 1.5 6 3 7 3 12 8 0 2 
2750212796 1.5 6 6 15 16 1 5 3 0 
3508502306 1.5 5 4 2 3 18 4 1 
777195675 1.5 8 5 19 4 15 11 16 18 0 3 
6449477188 1.5 7 7 4 7 9 15 6 1 14 
985898028 1.5 8 4 0 8 19 11 5 9 4 6 
9649808471 1.5 8 5 7 8 2 16 6 14 0 5 
3676457000 1.5 7 4 9 10 4 7 17 18 3 
5822910604 1.5 6 4 2 17 11 4 10 7 
6742992766 1.5 5 3 13 18 0 8 6 
7079895044 1.5 6 4 16 8 18 6 1 12 
7679287295 1.5 4 2 10 16 18 8 
4112837116 1.5 4 2 11 1 15 18 
10650638000 1.5 7 5 17 11 9 8 18 1 4 
7794325148 1.5 8 7 19 5 13 1 10 12 17 3 
295743738 1.5 7 2 12 3 18 16 10 4 8 
626114517 1.5 8 7 8 16 4 2 3 9 13 11 
3581617311 1.5 6 4 2 9 15 0 5 7 
1753274239 1.5 5 4 15 18 7 11 1 
3924446063 1.5 5 4 12 2 18 5 4 
10318522493 1.5 7 6 15 13 9 1 3 19 0 
3130894450 1.5 5 3 3 6 19 14 11 
7965459237 1.5 6 4 13 17 18 4 11 16 
6498499593 1.5 5 2 16 1 17 19 12 
9363570662 1.5 3 2 2 17 4 
5169671467 1.5 5 2 14 15 19 5 4 
5607060707 1.5 3 2 15 9 19 
975755241 1.5 6 4 17 15 1 8 16 11 
8896294330 1.5 7 2 6 3 2 14 8 15 9 
7660128231 1.5 8 3 7 15 8 1 5 4 0 2 
10024277657 1.5 9 4 15 17 3 7 8 11 13 6 18 
9163615735 1.5 8 6 3 1 6 10 5 19 11 12 
9269493745 1.5 3 3 2 19 11 
365653928 1.5 4 2 1 0 16 4 
143453184 1.5 8 5 0 14 18 10 19 8 2 3 
3354116725 1.5 4 3 17 9 18 19 
5813551434 1.5 9 3 3 10 7 13 2 8 17 14 18 
3210318505 1.5 9 7 9 3 6 10 14 18 1 15 17 
9446100950 1.5 6 4 13 19 4 0 14 11 
8653440435 1.5 9 7 3 15 16 11 14 0 17 1 10 
8713458867 1.5 5 4 7 1 15 4 2 
10052160590 1.5 9 5 0 11 9 7 1 4 5 2 8 
2673659944 1.5 5 5 13 11 0 6 8 
1038893636 1.5 9 8 1 14 13 19 3 9 7 8 4 
6624681224 1.5 6 5 17 6 13 10 16 15 
783777448 1.5 9 4 16 5 17 18 10 7 1 11 12 
3008518214 1.5 4 3 12 6 18 8 
2061762423 1.5 3 2 16 11 12 
4374789950 1.5 6 6 12 2 8 16 18 5 
2881898640 1.5 8 8 17 5 12 9 0 16 15 8 
8651753303 1.5 4 3 11 1 16 3 
7929515928 1.5 7 5 4 5 3 8 1 16 15 
949118921 1.5 3 3 11 17 7 
6078851553 1.5 6 3 10 17 5 0 1 8 
3127137320 1.5 9 2 10 7 13 3 17 4 14 2 8 
10014459731 1.5 3 2 13 0 8 
2862229514 1.5 5 5 12 9 14 8 19 
9680824339 1.5 8 7 12 18 5 17 4 8 0 14 
10120633792 1.5 6 5 16 8 15 12 13 6 
8752568314 1.5 3 2 2 10 3 
5907791592 1.5 9 7 19 18 1 4 12 6 8 15 9 
8827035264 1.5 3 2 6 18 11 
8878394177 1.5 6 5 15 3 2 19 0 6 
8358237365 1.5 4 3 7 13 15 11 
2110035259 1.5 7 7 5 0 13 10 1 9 14 
9599530702 1.5 3 3 3 7 19 
9456165962 1.5 6 4 19 13 8 3 7 12 
3049106679 1.5 7 5 3 6 9 8 10 7 13 
1317022265 1.5 4 4 7 17 16 19 
3634362535 1.5 9 4 10 17 12 2 3 19 11 15 13 
873640470 1.5 5 2 8 3 2 10 12 
8642110740 1.5 8 6 15 12 6 0 9 14 13 17 
4502208241 1.5 8 4 9 14 6 13 12 15 16 11 
8576002320 1.5 9 7 17 14 19 6 7 18 9 8 2 
4878298642 1.5 3 3 8 5 10 
7452126206 1.5 7 5 10 1 19 5 18 9 16 
8936612185 1.5 9 2 11 6 12 9 1 19 5 14 2 
6742765162 1.5 7 2 11 16 12 19 15 2 0 
9570478757 1.5 6 2 13 14 15 6 5 10 
5512956676 1.5 9 9 2 8 12 19 0 11 17 10 6 
1446590199 1.5 3 2 4 16 18 
7135209044 1.5 7 2 2 7 8 12 15 5 11 
1490809960 1.5 8 2 13 3 8 4 5 19 10 7 
326346138 1.5 4 3 4 9 10 19 
7498929137 1.5 7 5 6 8 7 4 0 13 19 
4013527895 1.5 8 7 5 7 13 8 18 3 10 15 
668651528 1.5 5 4 15 5 17 16 0 
6114055874 1.5 5 5 0 3 15 10 7 
5246776627 1.5 6 2 16 18 11 13 8 5 
1615309664 1.5 4 3 8 0 1 11 
7941639205 1.5 4 4 16 7 13 17 
6711686494 1.5 3 3 12 3 13 
3425213790 1.5 6 3 11 4 8 0 15 16 
3133268574 1.5 4 2 15 18 1 5 
8099574621 1.5 5 5 11 2 3 1 4 
8424958738 1.5 7 5 17 18 12 16 6 2 19 
4001469031 1.5 3 2 6 2 7 
8584726420 1.5 5 3 0 19 17 9 5 
6849246653 1.5 3 3 17 1 9 
3503079238 1.5 6 5 0 4 6 17 1 13 
1284837726 1.5 3 3 10 8 12 
2900849543 1.5 7 5 10 3 15 4 13 17 12 
836101010 1.5 7 4 16 7 0 5 2 9 1 
3163839364 1.5 4 4 14 10 1 2 
1310142439 1.5 6 3 10 6 11 12 15 2 
3335149225 1.5 5 2 15 13 14 10 19 
863851874 1.5 5 5 13 17 6 0 9 
8325693414 1.5 3 2 8 19 0 
9432241716 1.5 7 6 1 12 4 7 11 8 16 
7346157234 1.5 7 5 8 19 14 10 12 0 9 
7196102761 1.5 6 3 1 12 10 18 3 9 
3178461764 1.5 9 7 19 1 5 2 9 17 0 11 16 
2110253059 1.5 5 3 0 1 6 18 7 
7494365269 1.5 9 6 1 10 13 6 19 18 4 15 9 
8416230305 1.5 3 2 6 2 4 
6078262677 1.5 6 5 4 19 5 3 8 10 
6729206367 1.5 3 3 4 5 18 
8880562801 1.5 3 2 9 14 3 
10516939735 1.5 3 3 19 17 1 
3201148318 1.5 3 3 10 4 12 
8972726499 1.5 4 2 2 13 12 0 
10624764699 1.5 5 3 18 12 3 10 9 
952580074 1.5 6 4 19 16 2 1 3 8 
3069821229 1.5 3 3 19 4 13 
5306630792 1.5 3 2 0 1 10 
3123536484 1.5 4 2 4 12 5 16 
896743933 1.5 5 4 18 17 4 6 14 
1893375425 1.5 5 2 11 8 12 17 3 
6486930500 1.5 6 4 4 12 13 5 9 15 
10447463224 1.5 4 3 13 3 1 5 
7298355958 1.5 6 2 3 0 15 2 9 4 
4283503788 1.5 9 6 9 8 2 7 4 11 19 1 14 
2654175202 1.5 5 2 1 5 2 10 9 
9098035132 1.5 8 6 15 0 7 6 11 19 12 4 
3323596136 1.5 7 6 12 19 9 11 4 16 18 
10619133305 1.5 4 3 1 15 14 2 
7009559865 1.5 5 4 7 15 3 10 11 
5631290303 1.5 6 6 6 4 14 16 11 13 
7636115882 1.5 6 4 19 11 6 7 1 16 
4300283060 1.5 4 4 7 11 2 15 
8974494604 1.5 4 4 7 13 17 6 
8908801132 1.5 5 5 16 13 7 12 8 
2896756602 1.5 8 4 10 1 8 2 12 9 6 7 
3345307444 1.5 5 4 16 9 2 1 18 
7737535882 1.5 3 3 18 7 12 
6315932854 1.5 5 3 2 19 6 13 10 
4921836206 1.5 6 2 10 7 17 8 13 11 
3109865999 1.5 4 4 14 18 13 12 
7784797932 1.5 3 3 0 2 4 
3979272878 1.5 3 2 4 15 10 
4811994221 1.5 4 4 15 6 16 1 
4514816191 1.5 8 7 13 10 1 8 2 15 5 19 
6126309551 1.5 5 5 2 14 12 17 13 
6501768600 1.5 5 2 18 2 8 11 4 
6008241292 1.5 4 3 2 16 7 17 
6016533850 1.5 6 2 15 3 10 7 13 14 
7999048698 1.5 3 2 12 13 3 
4970961747 1.5 8 4 5 2 15 8 7 18 17 16 
8131497070 1.5 4 2 5 11 18 16 
8193855172 1.5 8 7 14 10 3 17 1 4 2 6 
4703371998 1.5 8 5 5 1 8 2 0 15 4 13 
4705465420 1.5 9 8 3 4 19 8 9 18 14 12 6 
3318823083 1.5 8 5 12 2 6 1 16 8 5 4 
4570484188 1.5 6 6 6 7 17 0 15 1 
4991607326 1.5 4 3 0 8 2 14 
1237462731 1.5 3 3 3 13 10 
9610785989 1.5 4 3 8 13 15 7 
7908340402 1.5 9 9 6 13 12 2 8 7 17 1 14 
10672914790 1.5 3 3 7 17 13 
10131988809 1.5 7 3 16 0 9 5 14 7 15 
3129488093 1.5 9 6 2 15 17 10 16 14 7 0 4 
2428153042 1.5 9 2 4 15 11 9 1 13 14 5 18 
6251890853 1.5 3 3 12 3 7 
2999641169 1.5 6 6 12 4 9 19 0 1 
1832804717 1.5 6 3 7 15 14 6 18 12 
8588983460 1.5 3 3 17 19 8 
7968109140 1.5 5 3 17 2 16 5 7 
921109466 1.5 4 3 14 0 16 3 
2123031238 1.5 5 2 11 0 4 2 5 
6159021148 1.5 3 3 14 10 17 
1604463876 1.5 4 2 6 16 4 0 
244528632 1.5 8 5 0 17 2 19 8 11 3 9 
1605864224 1.5 5 4 4 5 19 6 14 
110724641 1.5 9 8 3 19 16 0 8 12 4 1 2 
3181304510 1.5 8 7 7 2 15 9 4 12 18 14 
10647806394 1.5 4 4 14 3 8 19 
7226115605 1.5 5 3 4 11 9 2 10 
572761349 1.5 6 5 11 10 18 13 17 4 
7168008786 1.5 9 7 1 8 17 19 5 7 12 10 3 
4662416489 1.5 8 4 1 10 3 18 17 8 13 16 
5338785897 1.5 9 2 10 2 13 7 0 6 17 1 4 
2921560068 1.5 8 4 13 15 14 3 5 9 4 2 
2775059299 1.5 6 6 19 14 16 6 8 10 
1819724165 1.5 5 4 1 6 14 13 7 
8689510609 1.5 4 3 18 3 19 17 
6865783481 1.5 3 2 14 13 9 
8328192642 1.5 9 5 16 9 7 5 19 1 15 3 4 
5626669193 1.5 9 3 4 7 3 6 18 17 14 19 16 
7460394494 1.5 8 2 3 5 18 12 10 17 6 8 
6184037935 1.5 5 2 10 5 3 19 11 
7218536376 1.5 8 2 2 15 19 7 5 4 10 6 
9141007597 1.5 9 4 9 18 4 17 6 7 10 2 11 
4324716025 1.5 8 2 19 17 15 11 12 2 8 6 
713215341 1.5 9 3 12 2 4 19 15 1 17 10 5 
2366286110 1.5 5 2 1 15 14 13 8 
6050993739 1.5 4 3 17 1 9 16 
10682944422 1.5 5 3 0 11 2 16 19 
10440311497 1.5 3 2 14 1 7 
7544777956 1.5 6 2 6 7 15 19 4 13 
2657357670 1.5 6 2 0 17 11 1 14 8 
875419351 1.5 8 6 9 5 1 18 19 6 13 14 
2331457230 1.5 3 2 6 16 8 
1755851113 1.5 5 5 6 16 11 9 12 
4915571960 1.5 3 2 15 18 5 
6221145208 1.5 5 4 1 8 15 5 2 
9494610551 1.5 9 6 16 19 4 17 5 0 14 18 8 
6108567590 1.5 5 5 3 18 14 5 15 
8154126288 1.5 6 4 6 8 14 10 13 17 
1591029940 1.5 8 8 8 18 9 16 11 0 6 12 
6650835938 1.5 4 3 12 5 9 17 
8239659819 1.5 5 4 2 3 16 14 4 
5563252379 1.5 5 4 10 12 0 17 16 
5216728803 1.5 5 3 7 0 17 15 3 
6495323798 1.5 4 2 17 8 14 0 
8438002286 1.5 7 4 4 7 14 5 2 0 3 
4728755481 1.5 6 6 4 13 8 7 18 6 
8407706831 1.5 9 4 6 19 8 12 2 14 10 5 13 
6826899374 1.5 9 3 10 7 18 14 19 5 16 8 13 
1239157943 1.5 5 5 18 5 16 8 4 
2181503603 1.5 9 2 11 6 8 16 7 12 2 15 19 
10334272523 1.5 3 3 0 13 10 
7075798100 1.5 9 3 0 5 3 10 15 1 7 19 9 
9739482010 1.5 8 5 9 19 17 15 1 7 4 8 
6711582689 1.5 6 6 12 1 7 18 9 0 
6746280450 1.5 4 2 17 2 10 14 
200890247 1.5 7 2 19 5 11 10 7 9 18 
3588325003 1.5 9 9 4 19 16 5 15 18 1 12 0 
4598565014 1.5 8 3 0 16 1 11 18 12 13 9 
304185471 1.5 7 3 17 5 16 7 19 6 4 
3797456275 1.5 6 6 6 17 19 7 14 8 
3706006275 1.5 6 4 5 9 6 2 3 7 
7317472476 1.5 3 3 9 19 16 
8375887945 1.5 8 7 11 9 7 17 19 13 1 0 
8604247744 1.5 8 4 0 19 11 13 8 9 16 6 
10513370964 1.5 3 2 12 5 9 
9666148145 1.5 6 2 5 0 18 9 19 1 
2958917804 1.5 7 5 13 19 11 14 18 10 17 
6706284417 1.5 6 2 2 8 0 11 3 18 
8393756050 1.5 3 2 9 6 16 
5439636219 1.5 3 3 19 7 10 
6090086469 1.5 5 2 7 11 10 9 8 
88539569 1.5 3 3 1 18 4 
4630462956 1.5 9 8 17 4 2 7 18 8 3 6 19 
4744960406 1.5 8 3 12 17 9 18 7 10 2 19 
3995784285 1.5 7 6 14 6 13 4 3 15 9 
2600152793 1.5 3 3 6 12 3 
7299794970 1.5 9 2 10 16 12 7 0 4 8 9 6 
5445659115 1.5 3 3 18 5 14 
5960784709 1.5 8 5 14 15 11 8 1 16 5 3 
10050374706 1.5 3 2 10 13 8 
3189548779 1.5 7 2 13 8 6 19 16 7 12 
10098771000 1.5 6 2 13 7 8 4 9 11 
1918912083 1.5 9 3 3 9 7 17 6 13 0 10 5 
8001179653 1.5 5 2 19 7 16 1 3 
1175332554 1.5 3 3 3 11 12 
7094251017 1.5 4 3 19 2 9 10 
453631228 1.5 8 3 13 1 19 2 5 12 18 10 
9170438220 1.5 9 2 18 4 6 16 0 7 9 11 1 
9881366919 1.5 4 4 2 18 17 7 
1278504773 1.5 5 2 10 2 15 19 12 
7475071483 1.5 3 3 14 15 17 
9453571787 1.5 8 4 11 19 4 17 10 1 3 12 
4134719964 1.5 3 3 1 14 11 
3978561106 1.5 4 2 0 3 13 7 
323263422 1.5 7 2 17 16 19 15 5 13 12 
5876445531 1.5 5 4 9 6 12 14 19 
2237457437 1.5 5 3 7 6 3 5 12 
8059273136 1.5 4 2 18 9 4 11 
2982538546 1.5 9 4 9 4 5 10 0 17 13 18 14 
9753870886 1.5 7 4 18 13 1 5 6 10 15 
2949189562 1.5 8 8 16 19 18 7 9 3 13 15 
5070362429 1.5 6 4 17 2 18 10 13 5 
5288430508 1.5 3 2 14 15 5 
63700293 1.5 8 7 16 11 7 5 18 13 1 19 
9227124795 1.5 6 4 6 8 9 1 18 3 
5375011721 1.5 3 3 11 0 13 
5043652696 1.5 3 3 17 15 8 
6394832132 1.5 4 3 4 3 14 2 
2116100278 1.5 4 4 12 6 14 16 
5383855281 1.5 8 6 2 7 3 4 12 18 6 19 
4936364908 1.5 5 4 19 12 2 1 8 
1516268686 1.5 4 3 2 1 13 18 
2444539151 1.5 5 4 11 1 9 6 10 
8370196348 1.5 8 8 17 18 14 9 8 0 6 13 
3270969873 1.5 5 5 10 3 1 6 8 
1648489013 1.5 7 2 14 10 11 19 5 3 16 
4335983344 1.5 3 3 12 3 18 
4242932074 1.5 8 6 15 6 18 19 13 5 1 17 
3741551571 1.5 5 2 8 16 17 3 7 
2951010000 1.5 7 2 17 1 19 10 9 18 11 
5626397361 1.5 3 3 9 1 2 
1564636729 1.5 7 4 8 7 0 6 11 13 1 
9656502774 1.5 6 5 9 3 7 5 2 15 
6095578934 1.5 6 2 6 11 18 17 3 12 
5593778300 1.5 8 3 3 0 8 15 13 7 18 19 
1871357863 1.5 4 3 11 5 6 17 
1097155170 1.5 4 2 6 10 5 17 
5465343796 1.5 3 3 8 6 2 
9771116502 1.5 6 5 0 15 10 12 4 13 
2101731148 1.5 4 4 5 4 1 12 
9953649921 1.5 8 3 6 14 19 4 7 5 8 9 
7496228173 1.5 7 5 5 18 16 8 12 1 14 
8112526006 1.5 6 2 13 17 15 3 18 7 
4736857987 1.5 5 2 3 1 5 14 6 
3980884186 1.5 5 4 12 19 13 6 5 
3363158161 1.5 8 8 5 0 14 19 6 4 16 17 
9275816010 1.5 7 6 19 6 15 11 3 1 0 
7143934235 1.5 7 6 17 2 8 12 4 15 19 
1720457454 1.5 7 5 0 12 16 11 5 7 2 
7043240430 1.5 3 3 14 17 5 
3127743802 1.5 9 6 14 11 15 19 12 17 18 9 5 
100746682 1.5 5 2 3 15 4 9 16 
5340841893 1.5 7 3 7 9 3 4 19 1 16 
2337666408 1.5 8 7 19 16 2 11 5 12 18 14 
3721771933 1.5 9 4 1 5 6 8 15 18 16 17 10 
9028953624 1.5 9 7 0 7 17 16 9 1 2 19 3 
304834491 1.5 3 2 4 6 1 
6010562071 1.5 7 4 1 0 14 6 19 3 2 
6629146220 1.5 7 3 1 17 14 7 15 4 2 
7008246327 1.5 9 6 7 0 16 9 1 17 12 10 19 
926720341 1.5 5 3 9 15 10 12 5 
9591269523 1.5 4 2 8 1 7 2 
4921005024 1.5 5 2 7 14 18 17 15 
7271113624 1.5 3 3 5 2 4 
3781466002 1.5 8 4 11 19 4 17 3 7 18 5 
10221841426 1.5 5 4 5 1 17 10 18 
3883171003 1.5 4 2 0 12 17 6 
6154265047 1.5 8 5 11 7 9 18 5 10 2 13 
10070325471 1.5 3 3 1 10 4 
1810623632 1.5 3 2 7 2 3 
972352395 1.5 9 8 6 13 8 12 1 15 18 17 11 
9202874798 1.5 9 7 13 11 9 16 7 1 10 17 15 
4474306332 1.5 8 5 8 5 6 1 0 10 7 12 
9432877229 1.5 8 8 10 4 12 7 9 0 5 6 
5568616043 1.5 8 2 8 15 16 14 19 2 10 11 
331048149 1.5 4 2 8 5 12 19 
2535318271 1.5 5 4 12 8 18 15 13 
10109779283 1.5 8 4 13 0 12 5 7 19 16 4 
6755153270 1.5 9 7 2 5 11 10 18 7 14 1 8 
274051741 1.5 8 2 19 3 14 15 12 7 5 13 
2590592656 1.5 6 6 18 10 5 3 13 8 
6945957979 1.5 3 3 12 0 14 
8218680591 1.5 7 4 4 12 16 10 18 13 5 
6780414809 1.5 3 2 19 4 8 
9313206592 1.5 8 5 12 9 3 13 16 19 15 10 
740536587 1.5 4 4 0 8 18 19 
7692013805 1.5 7 5 0 17 10 12 15 19 8 
1609261740 1.5 7 6 10 6 13 14 1 17 0 
7248656598 1.5 8 5 15 3 19 1 6 13 18 9 
129329712 1.5 6 6 2 6 7 17 8 0 
5142657140 1.5 9 5 15 3 19 7 4 18 1 9 14 
8675831406 1.5 8 6 12 13 8 19 9 17 18 7 
6928518293 1.5 3 3 8 5 1 
5249028489 1.5 4 3 15 18 3 10 
9401618693 1.5 8 7 3 16 0 6 2 10 4 12 
7014611945 1.5 6 2 19 16 13 7 5 17 
8759386562 1.5 8 7 10 14 13 3 7 15 16 17 
8202056315 1.5 6 6 10 14 2 19 8 0 
6653313236 1.5 5 4 13 9 3 4 8 
1417082972 1.5 6 5 16 2 14 11 18 3 
592610286 1.5 6 5 12 16 9 4 8 19 
5381288003 1.5 4 2 10 3 12 5 
2582245218 1.5 6 4 14 5 1 17 7 8 
3563501440 1.5 3 3 10 4 11 
9192381451 1.5 3 2 18 15 0 
1753761117 1.5 6 4 15 14 4 19 3 0 
9849497745 1.5 4 3 14 11 2 8 
6148432237 1.5 3 2 15 11 19 
8980945864 1.5 3 3 12 13 8 
1861819310 1.5 4 2 6 4 11 17 
1999829811 1.5 5 3 15 11 13 0 9 
5393498478 1.5 6 5 12 19 3 4 15 9 
7055679614 1.5 7 7 10 15 13 12 19 7 16 
9674036463 1.5 4 4 12 1 5 3 
9459558131 1.5 5 2 15 10 6 8 3 
789272437 1.5 6 4 7 12 14 15 10 0 
3501179541 1.5 6 4 15 12 10 19 13 4 
408045094 1.5 9 8 8 16 18 4 19 14 3 17 11 
7855007710 1.5 4 2 13 18 7 4 
242808594 1.5 6 5 19 6 14 15 0 11 
2223896826 1.5 4 3 11 7 0 5 
3683163204 1.5 3 3 4 8 7 
2608900706 1.5 8 3 13 17 3 5 10 9 18 1 
1948528047 1.5 3 3 10 3 11 
2789991013 1.5 6 4 7 11 1 0 13 16 
9049758839 1.5 7 3 3 11 12 15 1 14 2 
9987867074 1.5 6 2 11 1 0 8 9 3 
3249600063 1.5 9 2 1 3 13 12 5 18 17 2 0 
3584130601 1.5 9 3 3 12 7 5 18 0 1 15 19 
4930345044 1.5 5 4 7 12 4 16 2 
1118440892 1.5 5 4 16 3 13 19 0 
6820805021 1.5 7 5 0 5 16 18 4 1 9 
6321456928 1.5 3 2 1 4 3 
8999054498 1.5 8 6 17 12 14 5 10 1 13 0 
2088084194 1.5 4 3 2 7 13 11 
1672939526 1.5 6 2 4 18 12 1 15 3 
2135555488 1.5 8 8 10 3 4 1 2 11 18 7 
7492356322 1.5 7 6 17 0 9 7 11 19 13 
506008094 1.5 3 3 13 7 9 
4012831880 1.5 9 3 8 12 11 7 0 2 10 5 18 
3677877559 1.5 9 6 6 3 17 8 4 7 0 10 15 
4081155909 1.5 5 3 14 3 13 4 19 
4027005766 1.5 3 2 8 5 6 
5042908738 1.5 6 6 12 4 16 10 2 7 
3267109704 1.5 6 6 12 15 13 16 10 17 
4266062441 1.5 3 2 13 11 19 
3172572136 1.5 8 3 7 19 2 12 13 11 5 0 
9021451209 1.5 3 3 8 2 5 
4770062571 1.5 6 5 8 10 3 7 12 17 
7540078989 1.5 5 2 12 4 16 2 13 
7979767406 1.5 9 3 18 5 8 17 16 2 15 10 14 
2641036522 1.5 9 2 18 8 6 14 7 16 10 12 2 
5616669773 1.5 7 4 8 14 7 9 19 17 18 
9651065625 1.5 6 2 18 17 0 13 5 3 
7596930311 1.5 8 4 4 17 9 11 0 18 6 3 
3304477342 1.5 4 4 14 3 16 9 
2952986832 1.5 6 6 6 19 8 9 7 5 
283964731 1.5 3 3 2 7 15 
3911820107 1.5 8 6 2 11 5 13 6 4 10 16 
6364699841 1.5 5 4 5 0 12 7 16 
9660154815 1.5 4 3 14 11 15 6 
3526679547 1.5 7 3 17 2 9 3 18 13 1 
8547268139 1.5 7 5 12 0 7 10 11 9 6 
3473957781 1.5 3 2 6 1 2 
7007019050 1.5 5 4 11 7 17 8 9 
7003330182 1.5 3 3 13 4 10 
2128516146 1.5 3 2 2 19 7 
1124456721 1.5 7 4 13 4 15 10 2 18 1 
2195543298 1.5 4 3 13 10 7 15 
2010854580 1.5 5 2 19 15 17 11 5 
9322144047 1.5 9 3 18 16 6 7 19 4 5 17 1 
7413262209 1.5 3 3 11 8 6 
1229845482 1.5 8 8 2 18 11 4 0 1 7 15 
7482746318 1.5 4 3 1 7 13 11 
10250866903 1.5 8 2 11 3 4 9 2 16 14 8 
2563378685 1.5 5 5 11 7 9 5 19 
2672087273 1.5 5 4 7 4 15 3 12 
3038953532 1.5 3 2 12 16 9 
9740928340 1.5 9 3 4 12 18 8 16 1 3 5 10 
4069336843 1.5 5 4 12 6 9 16 8 
7542705137 1.5 6 6 0 7 5 2 8 6 
9998662108 1.5 8 3 16 2 3 9 12 8 4 10 
9157556866 1.5 8 6 6 8 14 13 19 10 16 0 
7403215726 1.5 7 4 1 9 13 16 14 18 12 
874256725 1.5 6 3 12 5 17 13 14 0 
935569994 1.5 8 4 8 17 4 13 7 6 18 3 
6703153817 1.5 5 5 11 0 2 6 12 
2775028562 1.5 7 4 8 4 5 16 3 2 18 
9437008671 1.5 7 2 1 8 0 13 6 7 9 
2771927877 1.5 5 4 9 16 0 12 17 
6589924970 1.5 9 7 4 1 14 12 2 17 18 6 7 
2557018378 1.5 9 5 9 19 13 14 8 2 17 5 10 
6034289445 1.5 8 3 3 0 10 8 17 1 18 11 
6815148805 1.5 6 2 12 0 7 2 13 4 
8064360754 1.5 8 4 0 14 16 18 11 17 12 4 
470344643 1.5 8 5 10 2 6 7 5 12 11 19 
6050779861 1.5 7 4 19 7 9 17 18 16 15 
2071588513 1.5 7 3 6 1 8 16 15 3 2 
3769427771 1.5 6 5 16 11 7 10 12 8 
8905714671 1.5 5 4 19 3 6 9 2 
5818033577 1.5 4 4 14 3 5 1 
5726767426 1.5 7 2 2 1 4 5 12 9 18 
7411868017 1.5 7 3 1 18 2 10 11 16 8 
9349251407 1.5 7 6 17 15 0 18 1 8 19 
4836206993 1.5 7 2 16 17 11 4 15 6 10 
10550112021 1.5 3 2 4 1 9 
9170844225 1.5 3 3 5 16 15 
9602984999 1.5 8 3 10 6 8 5 1 9 2 16 
9779507463 1.5 9 8 4 18 13 14 7 9 12 2 19 
1997921811 1.5 3 2 18 4 6 
5760239420 1.5 8 2 11 1 4 18 7 12 19 13 
7440909184 1.5 5 2 4 10 8 19 2 
10670020754 1.5 7 2 9 6 1 4 19 0 3 
670888010 1.5 4 4 6 18 0 13 
2730392799 1.5 3 3 16 0 17 
4760390540 1.5 5 5 9 11 0 2 12 
5534925470 1.5 3 2 16 5 9 
9351107235 1.5 7 6 1 6 16 2 12 14 11 
531123304 1.5 7 4 8 13 4 10 11 15 0 
6597609836 1.5 7 4 1 17 5 14 19 3 6 
10099811462 1.5 3 3 15 3 7 
7235107597 1.5 6 5 16 11 8 12 5 1 
5931497620 1.5 6 3 5 15 9 16 19 10 
1222361119 1.5 8 6 0 19 7 16 6 5 11 8 
6471167146 1.5 4 4 2 15 9 5 
2069996990 1.5 8 3 5 12 10 13 2 17 16 11 
149505441 1.5 9 7 3 7 6 1 2 18 14 13 5 
8464701188 1.5 3 3 17 9 7 
9593141038 1.5 5 5 16 6 19 3 11 
1426948867 1.5 7 5 6 8 19 17 18 3 9 
4184417410 1.5 4 2 9 1 7 16 
4524930420 1.5 3 3 12 17 2 
9598946878 1.5 9 5 9 18 10 19 12 15 0 14 6 
1980170619 1.5 6 6 19 7 13 9 16 5 
5219363897 1.5 9 4 1 19 10 3 12 4 16 15 0 
6788333537 1.5 4 3 4 17 3 8 
2003971402 1.5 9 9 5 8 9 1 4 10 17 3 19 
5782087588 1.5 6 5 18 15 12 11 2 5 
5990353494 1.5 6 6 13 1 6 7 10 15 
8469419289 1.5 7 2 1 7 3 16 4 18 11 
9597669244 1.5 7 2 18 12 2 4 17 3 1 
2642066610 1.5 5 2 19 16 4 10 8 
1785730745 1.5 9 9 2 8 12 7 18 16 17 5 9 
7956331313 1.5 6 6 2 7 19 1 14 6 
8705716762 1.5 3 3 0 2 14 
436564821 1.5 5 3 2 8 17 7 9 
2416157915 1.5 5 3 4 7 8 19 16 
4753269128 1.5 7 3 2 4 3 13 11 7 0 
9295793150 1.5 5 2 9 3 10 17 8 
123831316 1.5 4 3 16 13 9 7 
598956735 1.5 7 7 9 14 17 7 11 6 8 
8604583730 1.5 3 3 19 13 0 
7620609854 1.5 6 2 7 18 6 13 15 19 
4063727883 1.5 3 3 6 12 7 
8391954929 1.5 9 5 6 8 4 10 18 14 0 1 19 
7752926102 1.5 3 3 8 7 11 
9589440116 1.5 5 2 7 12 8 10 14 
676731554 1.5 9 9 0 16 12 17 13 14 15 11 18 
4878083773 1.5 4 4 2 3 14 12 
7686365232 1.5 8 3 12 19 11 17 7 3 6 10 
8490260317 1.5 9 5 15 8 9 17 2 16 10 13 0 
8905234793 1.5 9 6 12 0 10 19 4 17 18 16 14 
9853857131 1.5 3 2 5 17 10 
4479594797 1.5 3 3 14 4 8 
7642130256 1.5 8 7 13 6 3 15 19 5 12 7 
5688284900 1.5 8 7 13 3 19 11 10 18 14 6 
6608675157 1.5 9 3 0 10 11 15 5 4 2 12 17 
1768461639 1.5 7 4 1 18 16 15 9 14 11 
8759129826 1.5 9 8 18 16 11 15 19 1 12 7 6 
8825526771 1.5 4 2 14 7 16 8 
4442030465 1.5 3 2 1 5 12 
3256698295 1.5 6 4 9 17 18 1 3 16 
1654735843 1.5 6 3 0 6 7 9 10 2 
8727630995 1.5 8 2 2 19 13 4 5 8 6 11 
7987600617 1.5 5 4 9 0 1 12 15 
6754725332 1.5 3 3 5 13 9 
3736553739 1.5 4 2 3 12 4 16 
7880099844 1.5 4 4 0 18 9 5 
46668773 1.5 6 5 18 14 12 5 10 16 
8577450191 1.5 8 7 16 13 19 4 2 12 15 7 
2542414065 1.5 7 6 15 2 13 5 17 9 12 
7636155862 1.5 5 3 7 15 18 3 4 
2181008374 1.5 8 7 6 0 2 16 3 18 17 1 
3089930545 1.5 9 7 7 0 18 10 8 3 17 19 16 
7152229805 1.5 5 4 7 3 14 1 0 
366896740 1.5 8 7 3 9 17 7 19 14 4 12 
5077644592 1.5 4 2 4 10 19 6 
2630178917 1.5 8 3 10 15 17 8 5 9 18 2 
742774785 1.5 5 3 16 14 10 18 1 
9217808125 1.5 7 4 15 0 3 6 7 18 11 
9139498239 1.5 5 3 3 8 11 7 17 
61564956 1.5 3 3 14 0 13 
5651613904 1.5 8 3 16 0 13 3 8 6 19 14 
7696105762 1.5 5 4 1 8 4 0 10 
339953518 1.5 3 3 0 7 18 
7341923544 1.5 4 4 17 12 19 5 
4503277238 1.5 6 5 10 0 16 11 8 17 
5448305109 1.5 3 2 8 19 15 
39106248 1.5 5 5 8 13 10 4 2 
7565505707 1.5 6 2 11 0 12 4 8 5 
9844299369 1.5 7 6 5 3 2 10 18 19 8 
2157958684 1.5 5 2 6 3 13 14 18 
9546668494 1.5 9 7 14 11 2 6 15 1 19 9 12 
9707925691 1.5 7 3 16 5 4 1 7 11 8 
6908989737 1.5 5 3 7 10 12 3 9 
2497155867 1.5 3 3 2 18 10 
8509274721 1.5 4 2 15 19 1 13 
1158872041 1.5 6 5 4 6 15 12 1 7 
9439775120 1.5 5 2 13 4 7 18 3 
7021475867 1.5 4 3 6 5 2 13 
8986424379 1.5 5 4 1 17 19 3 2 
8456000031 1.5 5 2 12 14 1 17 13 
2763402511 1.5 3 2 10 0 12 
6074081146 1.5 4 2 10 3 11 16 
5210965091 1.5 7 6 3 13 0 18 12 8 1 
8692595844 1.5 8 5 0 10 13 3 8 5 7 2 
1639329826 1.5 4 2 6 7 11 4 
4071221521 1.5 3 2 9 5 3 
6288418826 1.5 9 9 18 3 14 1 6 12 9 10 17 
5586533460 1.5 8 8 15 14 18 0 12 16 10 9 
2311223849 1.5 3 3 15 0 18 
8136550116 1.5 5 3 1 11 17 2 12 
10202289964 1.5 6 3 3 17 15 14 1 5 
224048362 1.5 6 2 14 11 7 4 12 13 
1929402787 1.5 4 2 18 15 17 5 
7912076113 1.5 8 5 1 10 11 9 6 17 3 12 
7510755406 1.5 5 5 8 5 13 18 16 
8411852091 1.5 6 4 3 10 14 7 17 19 
9724268195 1.5 4 2 16 4 3 18 
1490359348 1.5 4 2 9 3 13 11 
10132265285 1.5 9 2 0 6 11 8 16 9 4 2 19 
573302936 1.5 3 3 18 2 7 
4493225992 1.5 4 4 10 6 8 9 
1650375876 1.5 5 2 3 17 9 15 8 
9733133964 1.5 8 8 16 11 2 4 7 12 0 14 
1219223209 1.5 6 6 15 13 11 18 9 3 
8449352583 1.5 6 5 15 6 4 3 17 14 
7123372778 1.5 7 2 5 19 6 12 17 10 15 
7880112589 1.5 8 8 14 6 2 16 9 0 19 3 
1706797121 1.5 9 4 14 17 9 4 10 16 1 15 0 
8167955352 1.5 9 3 5 3 19 10 2 8 4 17 1 
9346608451 1.5 8 5 8 12 19 9 1 5 3 4 
7085502318 1.5 3 3 18 10 7 
6942459928 1.5 3 3 9 0 12 
2750626070 1.5 5 5 7 12 17 2 10 
3148688271 1.5 4 4 16 15 1 12 
4621887992 1.5 8 5 6 17 4 16 3 5 12 0 
1674307825 1.5 9 6 18 12 11 3 16 9 13 15 0 
1972093861 1.5 3 3 0 11 9 
8898124884 1.5 7 3 17 3 5 11 4 7 0 
4069122489 1.5 4 4 10 3 17 12 
7241588905 1.5 5 4 15 4 8 2 19 
6938125634 1.5 7 2 5 0 17 6 12 3 14 
5166256568 1.5 7 5 14 0 7 1 4 5 19 
5990172619 1.5 4 3 3 8 16 18 
2871031522 1.5 8 4 1 4 10 8 2 3 15 13 
8926474182 1.5 4 2 8 12 19 17 
5294704565 1.5 9 5 15 9 5 19 10 11 4 8 6 
7609486750 1.5 3 3 4 7 17 
1842798471 1.5 3 3 10 0 14 
6569659765 1.5 6 2 4 15 6 10 7 9 
10322893886 1.5 7 2 14 15 18 2 5 7 13 
1701205769 1.5 3 3 9 2 10 
4388810048 1.5 4 4 0 11 8 15 
2254444032 1.5 6 2 19 4 16 18 8 3 
7018319013 1.5 7 6 6 12 15 16 1 10 11 
10509162808 1.5 6 2 18 11 19 6 1 15 
8672751123 1.5 3 2 8 19 0 
9763718608 1.5 6 2 0 9 18 4 17 7 
6654363830 1.5 3 2 19 17 1 
8093282789 1.5 8 5 15 18 1 11 13 12 19 7 
9468234076 1.5 9 6 17 3 0 10 8 19 1 15 18 
6158047189 1.5 9 6 4 0 9 3 1 5 17 16 14 
6069030002 1.5 4 3 10 5 14 1 
1831078385 1.5 8 7 2 18 16 15 11 5 14 1 
7409403372 1.5 6 4 7 19 13 10 5 18 
10019360930 1.5 8 5 2 16 14 12 11 15 10 13 
7094896572 1.5 5 4 7 0 12 2 1 
3876138887 1.5 3 3 11 2 17 
76673891 1.5 4 3 4 5 1 15 
4272403017 1.5 9 2 1 12 0 13 3 10 2 5 8 
1479503540 1.5 9 3 15 11 18 7 12 9 13 14 4 
3326189925 1.5 7 2 15 4 14 13 7 8 1 
8513913188 1.5 7 4 13 3 5 16 1 8 17 
3495172822 1.5 5 2 9 6 8 5 14 
2924706866 1.5 7 4 12 5 14 2 16 4 3 
6147878868 1.5 5 3 8 17 7 10 4 
10228678280 1.5 4 3 0 4 12 17 
10286838884 1.5 7 3 4 10 9 19 2 5 12 
5493899417 1.5 9 6 2 10 4 13 9 12 1 19 3 
17890269 1.5 7 5 12 5 2 3 15 11 13 
10540127404 1.5 7 7 0 15 13 16 18 9 7 
64108189 1.5 5 3 12 11 18 10 13 
1546975437 1.5 7 5 12 5 16 10 17 2 19 
6561842766 1.5 9 4 4 18 13 2 10 3 0 8 17 
10233135753 1.5 9 9 0 10 13 8 14 7 1 6 12 
1055991648 1.5 3 3 10 14 15 
2254650636 1.5 5 2 18 1 12 15 8 
9133998331 1.5 8 6 13 9 5 1 7 0 14 17 
8240830453 1.5 7 4 13 6 7 16 19 3 2 
3067595113 1.5 6 5 14 15 8 17 18 2 
10149806348 1.5 5 3 19 12 9 16 0 
8133202676 1.5 9 5 6 17 1 16 18 0 9 4 12 
5810141161 1.5 6 5 1 8 12 0 14 16 
8467309660 1.5 9 7 9 19 10 5 13 0 15 11 18 
10005526141 1.5 4 2 7 5 14 1 
908852104 1.5 5 4 17 16 0 9 8 
7327184811 1.5 6 4 3 5 8 13 19 12 
7882047594 1.5 6 6 15 8 6 0 1 5 
2736873682 1.5 7 3 8 11 9 16 1 17 3 
4296373647 1.5 9 8 14 7 17 12 18 11 4 2 5 
7256915245 1.5 3 3 19 9 15 
5163686493 1.5 7 4 5 2 9 3 6 12 14 
3560646182 1.5 4 4 9 2 12 16 
1751463111 1.5 7 7 6 13 19 12 7 3 4 
6975073923 1.5 6 6 7 1 9 5 6 14 
9410099758 1.5 9 7 15 4 11 14 8 10 1 2 3 
3213271280 1.5 5 3 12 5 11 19 9 
3360606485 1.5 7 6 7 3 6 8 15 11 0 
8245573879 1.5 7 5 0 7 10 13 14 4 8 
8177597129 1.5 7 7 5 12 13 19 18 8 2 
8947711323 1.5 9 8 10 8 16 19 15 1 4 14 6 
10338862365 1.5 7 4 3 7 0 18 13 11 10 
1050980241 1.5 8 3 12 9 5 19 1 10 4 0 
1710547135 1.5 8 4 16 15 11 9 14 1 0 12 
2584284011 1.5 6 6 5 6 18 12 17 19 
8295992907 1.5 9 5 4 10 19 18 7 14 8 6 2 
2518785969 1.5 6 5 5 3 4 19 17 9 
559288510 1.5 9 7 10 19 12 2 0 4 1 18 3 
3589134633 1.5 8 3 5 1 12 16 11 15 2 18 
6746770721 1.5 9 2 14 13 5 10 7 18 16 6 17 
3550647644 1.5 5 3 14 10 6 1 2 
4422136256 1.5 8 7 0 5 14 16 13 15 10 17 
3529692269 1.5 9 9 18 11 7 0 13 14 1 6 10 
7093115806 1.5 6 6 1 5 3 6 4 7 
8838477111 1.5 3 2 17 7 12 
5536827307 1.5 9 7 9 5 12 18 14 8 17 2 7 
9388422727 1.5 8 2 10 13 8 17 14 2 6 19 
3185800212 1.5 6 4 17 4 9 0 12 3 
7246396555 1.5 4 2 4 10 18 2 
6041199634 1.5 6 6 11 9 10 1 4 18 
7377237975 1.5 5 2 12 17 6 10 14 
3217532655 1.5 9 6 10 1 7 4 5 0 2 3 19 
5515040678 1.5 8 6 15 16 2 11 3 14 5 7 
9357918694 1.5 7 7 5 9 17 2 18 15 10 
7322319943 1.5 9 3 11 14 19 15 3 16 17 0 10 
2316359861 1.5 6 5 5 0 1 19 6 18 
9104160191 1.5 8 3 12 0 19 9 15 14 5 3 
2863092345 1.5 3 3 17 19 12 
2860840361 1.5 5 3 15 18 0 3 12 
5677363308 1.5 4 3 3 14 13 8 
3148214384 1.5 6 3 9 2 4 7 19 5 
4706003942 1.5 4 4 18 17 1 12 
7568128948 1.5 7 4 14 12 7 1 17 4 0 
9990899354 1.5 9 7 9 12 4 17 3 14 15 2 6 
584416058 1.5 9 2 6 18 9 0 11 3 8 14 5 
10666179013 1.5 8 2 17 4 12 5 14 18 8 11 
5124311551 1.5 9 2 3 13 11 7 1 8 5 10 12 
2102000400 1.5 4 4 2 12 4 5 
2187855617 1.5 6 4 1 17 3 8 12 0 
9014979503 1.5 9 3 14 18 19 15 2 6 13 0 8 
9383014713 1.5 5 5 11 1 15 17 14 
5900085630 1.5 8 8 11 7 6 16 9 13 19 14 
6923190608 1.5 6 2 9 15 11 1 17 18 
6053346030 1.5 4 3 16 14 11 18 
130691580 1.5 4 4 19 4 7 6 
2390288043 1.5 4 4 9 1 0 14 
5166627745 1.5 8 4 2 0 9 13 6 12 18 5 
10507171683 1.5 6 2 5 15 16 7 18 11 
3977173464 1.5 7 6 11 4 7 2 13 14 6 
3872719712 1.5 8 7 16 3 18 12 11 17 8 10 
8542191256 1.5 3 3 12 8 14 
1266374984 1.5 4 4 10 19 4 17 
6374402986 1.5 3 3 6 12 13 
8440534528 1.5 8 5 3 7 15 6 14 2 19 9 
3612521749 1.5 5 3 6 14 13 9 2 
1476726779 1.5 7 5 18 17 9 3 13 19 0 
785885022 1.5 4 2 11 9 3 16 
3594006051 1.5 3 2 2 10 14 
3520187894 1.5 9 8 1 5 17 13 7 8 3 0 18 
535554379 1.5 9 9 6 3 11 15 18 12 13 0 9 
6362212125 1.5 8 6 14 19 1 6 17 12 15 3 
8348125344 1.5 3 3 15 17 7 
3242490172 1.5 6 4 5 9 6 3 2 14 
3137307034 1.5 8 6 15 6 16 3 11 0 17 19 
3298730969 1.5 8 7 9 18 8 11 10 0 6 2 
6905204394 1.5 3 2 2 10 16 
3504496339 1.5 7 7 15 19 9 11 17 16 7 
5998191465 1.5 8 5 14 2 1 11 17 12 8 0 
6051556035 1.5 8 6 19 5 16 17 18 0 1 4 
9303867013 1.5 9 9 0 12 11 3 15 4 10 5 1 
8434346512 1.5 8 3 10 15 3 0 11 1 19 14 
3201444028 1.5 5 4 1 5 19 3 18 
9688753286 1.5 9 2 3 18 12 16 13 10 8 4 0 
2847997599 1.5 6 3 18 11 9 17 15 14 
2185924355 1.5 9 2 5 18 3 0 14 15 8 6 13 
6755044642 1.5 8 4 4 14 2 8 17 16 6 0 
107713005 1.5 3 3 14 1 13 
10736942786 1.5 6 5 10 14 2 19 7 5 
5079243014 1.5 7 2 8 14 16 15 11 6 12 
7049146301 1.5 6 3 15 5 9 16 2 13 
832291750 1.5 9 2 13 6 2 0 19 14 3 8 5 
6332943087 1.5 3 3 16 7 10 
4382306295 1.5 4 2 0 10 13 4 
8195340350 1.5 6 4 15 18 10 5 14 13 
2045767152 1.5 7 5 0 4 1 7 2 13 18 
3100047357 1.5 5 5 6 4 19 7 0 
4169476498 1.5 8 3 8 14 5 10 6 13 18 9 
158726261 1.5 6 2 5 19 7 4 2 10 
8627265869 1.5 4 2 0 1 5 15 
2517920059 1.5 3 3 4 13 14 
8599674810 1.5 8 6 5 7 15 16 19 18 12 1 
525319809 1.5 5 3 4 14 2 17 13 
10060594258 1.5 4 2 18 3 4 8 
149068333 1.5 5 4 1 9 5 15 8 
2819633632 1.5 3 2 12 15 5 
271118820 1.5 6 3 5 11 15 0 16 2 
7518687218 1.5 8 7 14 3 10 9 4 1 16 0 
9293358341 1.5 3 2 12 10 1 
6511442684 1.5 8 2 4 13 17 18 9 5 1 14 
10661494197 1.5 3 3 14 3 2 
10353033091 1.5 3 2 10 5 18 
7317195077 1.5 3 3 6 9 11 
4174289139 1.5 4 2 3 16 19 2 
9975442790 1.5 4 3 5 16 14 2 
2146795689 1.5 4 3 0 19 10 18 
893003389 1.5 4 4 7 14 15 1 
189759344 1.5 7 6 10 13 9 7 18 14 8 
1802281079 1.5 6 4 1 14 9 16 19 0 
3966971380 1.5 6 3 9 19 1 2 18 8 
3724518346 1.5 6 3 8 12 10 18 16 17 
9730874003 1.5 6 5 6 18 13 8 10 1 
4569750084 1.5 3 2 16 12 19 
5108111558 1.5 7 3 11 19 7 16 4 13 15 
6341969930 1.5 5 2 13 3 0 17 2 
854326536 1.5 9 5 6 15 8 4 11 9 7 19 1 
5438744008 1.5 5 3 2 15 17 0 1 
1914606095 1.5 7 4 13 9 18 5 14 7 17 
1628188844 1.5 5 3 2 11 5 9 15 
749581335 1.5 4 4 0 9 13 4 
6499813005 1.5 8 4 19 10 1 0 2 16 9 12 
375219212 1.5 6 3 15 4 2 7 16 3 
3702727832 1.5 7 6 7 0 8 11 15 17 16 
10367900472 1.5 4 4 15 7 4 16 
9421412461 1.5 8 8 17 14 15 9 5 2 13 18 
4967930364 1.5 6 2 3 15 5 14 8 17 
8737005892 1.5 9 2 1 0 10 5 7 18 8 19 11 
168276053 1.5 5 4 11 19 10 3 8 
8904168802 1.5 8 6 8 7 5 1 10 11 14 2 
3822188905 1.5 8 4 17 0 1 8 18 4 6 9 
8159999117 1.5 9 6 10 1 0 11 16 14 15 7 12 
3280706320 1.5 3 2 15 5 3 
7294193287 1.5 9 8 6 19 11 14 5 8 13 9 18 
0 700 14
10 103 50
12 885 3
10 822 40
2 356 24
14 984 37
5 437 24
12 641 31
3 276 26
7 676 0
3 862 44
10 494 45
16 41 23
3 792 7
0 638 28
19 915 15
12 848 22
2 802 4
7 411 8
12 604 18
4 961 49
17 587 16
10 346 47
4 852 37
19 345 46
2 56 31
5 687 42
8 432 8
11 520 23
15 13 15
7 950 21
8 582 17
16 614 21
10 594 8
5 290 19
17 711 3
0 674 0
12 352 36
19 911 34
15 978 21
0 76 12
14 33 38
12 190 5
12 598 6
17 133 23
10 911 28
12 252 48
13 361 28
7 50 24
8 858 20
15 874 33
3 89 31
4 682 11
12 62 8
15 444 13
5 809 34
11 981 37
10 773 34
13 923 39
10 963 48
14 337 16
18 254 11
2 524 4
8 605 8
7 233 1
15 131 39
12 955 9
8 634 13
2 153 30
18 432 44
17 163 24
13 599 1
16 17 8
18 390 33
18 60 22
11 168 37
16 579 45
16 793 33
19 841 40
4 584 29
5 656 10
18 77 31
11 280 48
11 392 21
5 390 39
1 742 41
9 138 11
7 3 41
14 448 4
11 372 18
18 716 12
9 552 26
12 686 39
13 40 47
13 370 13
3 778 17
19 733 20
18 871 18
16 759 2
18 648 5
