1.1932099999993495  94 5 3 0.1932099999993495
2.0694100000050897  93 4 3 2.0694100000050897
3.1270600000120186  76 6 4 2.1270600000120186
4.397560000002686  33 6 2 4.397560000002686
4.620769999994236  99 4 3 4.620769999994236
5.340629999966984  38 9 2 1.3406299999669837
6.048939999940169  20 3 2 4.048939999940169
8.02949999986519  31 8 3 6.029499999865189
8.546549999845615  92 7 4 1.546549999845615
8.717739999839134  49 5 3 7.717739999839134
10.445009999773744  35 6 5 0.44500999977374356
10.959949999754249  70 8 3 4.959949999754249
11.328039999740314  62 3 3 2.328039999740314
12.503629999695809  91 9 5 0.5036299996958089
12.961789999678464  96 4 4 2.961789999678464
13.313949999665132  32 6 2 8.313949999665132
13.946729999641176  58 3 2 2.9467299996411764
14.973679999602298  88 7 7 9.973679999602298
17.274059999515213  21 7 4 9.274059999515213
17.41173999951  56 6 3 11.41173999951
17.429789999509318  28 7 3 9.429789999509318
17.465469999507967  26 8 6 4.465469999507967
19.42539999943377  51 7 6 9.425399999433768
21.206879999366326  50 8 3 7.2068799993663255
23.793719999268394  89 3 2 10.793719999268394
23.954759999262297  48 3 3 12.954759999262297
24.949139999224652  55 7 3 14.949139999224652
27.475589999129006  16 4 2 18.475589999129006
28.25211999909961  0 4 2 12.252119999099609
29.035429999069954  43 3 2 15.035429999069954
29.36519999905747  95 3 3 13.36519999905747
31.786199998965817  27 4 4 6.786199998965817
33.48081999942775  47 9 7 10.480819999427752
33.64059999947847  11 4 3 4.640599999478468
34.395849999718195  85 8 3 11.395849999718195
36.94629000052774  41 6 3 0.946290000527739
37.727060000775566  71 9 2 8.727060000775566
37.984480000857275  3 4 2 7.984480000857275
38.03951000087474  18 4 4 25.039510000874742
38.25653000094363  87 5 3 22.256530000943627
39.28775000127095  1 8 5 16.28775000127095
40.861990001770636  7 9 2 4.861990001770636
41.06517000183513  77 5 4 2.0651700018351278
41.91890000210611  36 3 2 16.918900002106113
42.2392500022078  5 5 5 17.239250002207797
42.36677000224827  86 7 2 11.366770002248273
42.520170002296965  75 8 3 11.520170002296965
43.04881000246476  39 5 2 0.04881000246476219
43.05245000246592  19 5 3 22.052450002465918
43.22119000251948  24 3 3 21.221190002519478
43.69908000267117  22 9 9 12.699080002671167
43.98263000276117  42 7 7 9.98263000276117
44.134850002809486  72 4 4 25.134850002809486
44.59462000295542  97 6 2 26.594620002955423
44.96092000307169  54 7 5 27.960920003071692
45.1323300031261  98 3 2 13.1323300031261
46.0352600034127  13 8 6 13.035260003412702
46.41573000353347  74 8 6 28.41573000353347
49.106180004387454  40 4 2 17.106180004387454
49.883310004634126  65 8 6 23.883310004634126
49.987840004667305  82 6 4 4.987840004667305
50.92049000496334  53 4 4 26.92049000496334
52.33111000541109  23 3 2 27.33111000541109
52.53564000547601  29 8 7 13.535640005476012
53.06139000564289  59 4 3 17.06139000564289
53.996990005939864  25 6 6 11.996990005939864
55.11886000629596  69 4 3 37.11886000629596
55.40732000638752  8 7 4 5.407320006387522
55.72907000648965  44 5 3 17.72907000648965
55.94774000655906  17 7 5 42.94774000655906
56.91918000686741  60 9 8 34.91918000686741
57.3788200070133  57 3 2 10.378820007013303
58.21068000727735  2 5 3 18.210680007277347
59.70026000775016  63 4 4 43.70026000775016
60.07129000786793  37 4 4 23.07129000786793
60.3418100079538  68 9 6 26.341810007953796
60.89674000812994  52 3 3 17.89674000812994
60.9205600081375  45 4 2 18.9205600081375
61.73002000839443  73 7 5 40.73002000839443
61.81642000842186  34 9 5 18.816420008421858
61.960200008467496  79 8 2 15.960200008467496
62.129600008521265  90 4 3 36.129600008521265
62.48370000863366  84 3 2 26.48370000863366
63.128740008838406  30 7 7 14.128740008838406
63.318930008898775  67 6 5 31.318930008898775
63.42553000893261  78 3 2 15.425530008932611
63.55148000897259  6 5 4 44.55148000897259
63.78109000904547  81 7 7 15.78109000904547
64.49364000927164  83 5 2 25.493640009271644
64.52235000928076  10 8 2 27.522350009280757
66.03288000976022  4 7 5 25.03288000976022
66.44322000989047  12 7 6 18.443220009890467
67.22731001013935  9 5 3 34.22731001013935
67.89174001035025  80 6 6 19.891740010350247
68.00874001038738  46 9 3 26.008740010387385
68.25223001046467  61 9 5 23.25223001046467
68.41012001051479  64 9 5 23.410120010514788
69.32393001080484  66 9 5 19.323930010804844
69.38440001082404  14 4 3 42.38440001082404
70.19515001108138  15 6 6 25.19515001108138
