1.7719300000031408  9 7 5 1.7719300000031408
4.647219999993235  98 3 2 2.6472199999932347
4.831319999986265  64 5 5 3.831319999986265
7.171739999897662  2 6 4 4.171739999897662
8.50336999984725  71 7 4 7.50336999984725
9.295649999817256  66 6 2 0.2956499998172557
9.598059999805807  36 3 3 9.598059999805807
9.829489999797046  17 8 4 5.829489999797046
10.698849999764134  43 9 2 4.698849999764134
15.38598999958669  80 3 2 5.385989999586689
15.512269999581909  27 3 3 7.512269999581909
15.67573999957572  53 5 3 7.67573999957572
15.87861999956804  13 4 4 8.87861999956804
16.269639999553238  99 7 2 11.269639999553238
18.66352999946261  63 8 6 10.663529999462611
18.935709999452307  95 3 3 1.9357099994523068
19.0098199994495  35 8 7 16.0098199994495
19.037489999448454  19 3 3 1.0374899994484537
19.354719999436444  94 5 4 6.354719999436444
19.637139999425752  29 9 8 4.637139999425752
19.748309999421544  67 7 4 6.748309999421544
20.346339999398904  72 9 9 12.346339999398904
21.437959999357577  18 4 2 13.437959999357577
22.327719999323893  31 6 2 5.327719999323893
23.109739999294288  97 8 4 5.109739999294288
24.58891999923829  32 7 4 3.588919999238289
24.892209999226807  62 8 4 20.892209999226807
25.111029999218523  40 9 3 13.111029999218523
28.119949999104612  33 3 3 20.119949999104612
28.24155999910001  0 3 3 14.241559999100009
29.237239999062314  21 9 6 13.237239999062314
30.29394999902231  88 8 4 26.29394999902231
30.38272999901895  52 4 3 19.38272999901895
31.18198999898869  6 7 2 7.181989998988691
31.276929998985096  60 8 5 15.276929998985096
31.604329998972702  61 7 2 20.604329998972702
32.34950999906866  54 9 2 19.34950999906866
33.37697999939479  15 6 2 18.37697999939479
34.10346999962539  91 6 4 8.10346999962539
34.929259999887506  30 4 2 13.929259999887506
35.463510000057084  42 7 5 30.463510000057084
36.829710000490735  81 5 3 5.829710000490735
37.16901000059843  86 8 3 26.169010000598433
38.102340000894685  14 9 5 10.102340000894685
40.40103000162432  90 4 2 28.40103000162432
42.1009600021639  96 4 2 22.1009600021639
43.011200002452824  8 6 5 17.011200002452824
43.71024000267471  89 3 2 25.71024000267471
43.81406000270766  55 3 3 9.814060002707663
44.018660002772606  47 8 7 16.018660002772606
47.098800003750284  50 6 5 14.098800003750284
47.43869000385817  51 4 4 16.43869000385817
47.754570003958435  58 7 5 8.754570003958435
48.205590004101595  5 7 4 11.205590004101595
49.12280000439273  49 3 3 29.12280000439273
49.34665000446378  59 6 3 1.3466500044637826
49.74042000458877  20 5 4 0.7404200045887706
51.71371000521512  65 8 4 12.71371000521512
52.38214000542729  34 9 6 33.38214000542729
52.75093000554435  12 6 2 29.750930005544348
55.502000006417575  4 3 3 31.502000006417575
56.7326400068082  69 3 3 12.732640006808197
58.704600007434124  56 5 2 21.704600007434124
58.74992000744851  68 4 4 28.74992000744851
59.5501200077025  44 4 4 36.5501200077025
59.93463000782455  77 8 5 26.934630007824552
60.50962000800706  48 9 3 36.50962000800706
60.99784000816203  45 4 3 32.99784000816203
61.39338000828758  73 3 2 28.39338000828758
62.946990008780716  39 6 5 41.946990008780716
63.147890008844485  25 4 2 32.147890008844485
63.31072000889617  74 3 3 41.31072000889617
63.45907000894326  93 8 6 16.459070008943257
63.548440008971625  16 5 3 41.548440008971625
63.56250000897609  38 4 3 29.562500008976087
64.08085000914062  83 9 6 43.08085000914062
64.12839000915571  82 4 4 16.12839000915571
64.38475000923708  79 7 6 35.38475000923708
65.17483000948786  70 7 2 41.17483000948786
66.05310000976664  28 8 8 43.05310000976664
66.24786000982846  84 3 2 27.247860009828457
67.05815001008565  92 7 2 28.058150010085654
67.5236300102334  76 3 2 22.523630010233404
68.20400001044936  78 9 4 28.204000010449363
68.26546001046887  1 6 4 18.26546001046887
68.91563001067524  7 8 4 37.915630010675244
70.17341001107448  3 6 4 30.17341001107448
71.12730001137726  57 5 5 37.12730001137726
71.29701001143113  26 7 2 29.297010011431126
71.36661001145322  41 9 8 33.36661001145322
71.95374001163958  75 3 3 34.95374001163958
73.13822001201555  37 3 3 37.13822001201555
73.39396001209673  11 7 6 28.393960012096727
73.5923500121597  85 4 4 32.5923500121597
73.73681001220555  10 6 6 29.736810012205552
73.83957001223817  23 4 2 36.83957001223817
74.21056001235593  22 7 3 27.210560012355927
74.40667001241818  46 7 5 26.406670012418175
75.95813001291063  87 7 6 34.95813001291063
76.52885001309178  24 3 3 30.528850013091784
