7.03680999990277  62 6 3 0.03680999990277023
7.915019999869523  32 8 2 2.915019999869523
9.220939999820084  86 9 4 0.22093999982008405
10.061499999788262  36 9 4 8.061499999788262
10.759029999761855  66 8 4 8.759029999761855
12.311129999703097  69 4 2 5.3111299997030965
13.244969999667743  12 9 2 9.244969999667743
13.627689999653255  52 4 2 5.627689999653255
15.021779999600477  31 3 3 15.021779999600477
19.37274999943576  78 9 9 14.372749999435761
20.13908999940675  10 8 8 5.13908999940675
20.948279999376116  51 5 3 7.9482799993761155
21.098839999370416  47 8 8 19.098839999370416
22.407159999320886  25 9 9 10.407159999320886
24.43572999924409  15 7 3 22.43572999924409
24.955439999224414  2 7 4 18.955439999224414
26.440159999168205  84 6 5 10.440159999168205
30.25561999902376  6 9 4 29.25561999902376
30.527549999013466  68 9 6 25.527549999013466
31.59092999897321  46 4 3 12.590929998973209
34.2556699996737  34 6 2 30.2556699996737
34.467809999741036  30 6 5 30.467809999741036
35.837690000175854  55 3 2 32.837690000175854
37.14253000059003  63 4 2 23.14253000059003
37.55825000072198  64 6 4 34.55825000072198
37.68417000076195  19 5 5 27.684170000761952
38.910240001151124  77 5 3 15.910240001151124
40.28509000158752  35 9 7 1.2850900015875197
40.88701000177858  39 7 7 38.88701000177858
41.890770002097184  13 7 7 28.890770002097184
42.367310002248445  80 4 4 38.367310002248445
42.520080002296936  92 3 3 38.520080002296936
46.248680003480445  14 5 4 44.248680003480445
46.59113000358914  88 5 4 10.591130003589143
46.884790003682355  23 9 7 13.884790003682355
48.45140000417962  75 8 3 19.451400004179618
49.49579000451112  76 4 3 37.49579000451112
50.18942000473129  16 6 3 15.18942000473129
50.48456000482497  42 9 4 21.48456000482497
50.950750004972946  41 5 5 45.950750004972946
54.64510000614558  71 5 5 35.64510000614558
54.80845000619743  93 7 7 51.80845000619743
55.1832500063164  87 5 5 34.1832500063164
55.22843000633074  83 5 2 9.22843000633074
55.60588000645055  22 8 4 38.60588000645055
56.10020000660745  67 3 2 40.10020000660745
58.00814000721306  70 4 2 25.008140007213058
58.34091000731868  38 4 4 22.340910007318683
58.445920007352015  21 4 2 36.445920007352015
62.54427000865289  97 4 3 47.54427000865289
62.58154000866472  95 4 4 15.581540008664717
62.62543000867865  37 7 7 29.62543000867865
63.25005000887691  45 7 6 50.25005000887691
63.467410008945905  27 3 3 28.467410008945905
64.06769000913644  20 6 2 20.06769000913644
65.14987000947994  29 3 2 48.14987000947994
65.39070000955638  59 4 3 45.39070000955638
65.63850000963504  0 7 2 40.63850000963504
65.90541000971976  49 9 5 36.90541000971976
66.91914001004153  94 8 3 28.91914001004153
67.47159001021689  82 9 3 51.471590010216886
68.18444001044315  60 7 6 38.184440010443154
68.19139001044536  40 8 8 42.19139001044536
68.73361001061747  65 8 4 47.73361001061747
71.31246001143603  89 4 4 49.31246001143603
71.37994001145745  48 9 3 43.37994001145745
72.14679001170086  43 8 2 25.14679001170086
73.34608001208153  74 5 3 50.34608001208153
73.79907001222531  4 3 3 45.799070012225314
74.0554500123067  53 6 6 43.05545001230669
74.1427300123344  91 5 2 36.1427300123344
74.18993001234938  11 3 2 43.18993001234938
74.92149001258159  56 4 3 34.921490012581586
75.80779001286291  33 9 5 52.80779001286291
76.12733001296434  8 3 2 43.127330012964336
77.47738001339286  85 6 4 39.47738001339286
78.41974001369198  26 4 4 43.41974001369198
78.72018001378734  72 6 4 53.72018001378734
79.52220001404191  73 3 2 42.522200014041914
79.89210001415933  7 4 4 44.892100014159325
80.84057001446038  58 7 6 58.84057001446038
81.63244001471173  3 3 3 36.63244001471173
81.6619700147211  28 8 6 38.661970014721106
81.66374001472167  24 5 3 42.66374001472167
81.89563001479527  5 8 6 38.89563001479527
82.12842001486916  96 3 2 36.128420014869164
82.36568001494447  90 9 4 41.36568001494447
84.64046001566652  61 5 5 42.64046001566652
85.92029001607276  99 3 3 46.920290016072755
88.01943001673905  79 9 2 58.01943001673905
88.85248001700347  1 6 2 56.85248001700347
89.37504001716934  54 4 4 43.37504001716934
89.7617700172921  18 9 8 52.76177001729209
90.05294001738451  44 5 4 48.052940017384515
90.72621001759822  9 4 4 47.72621001759822
90.72735001759858  81 5 2 56.72735001759858
91.24768001776374  17 9 8 56.24768001776374
91.24768001776374  50 9 8 56.24768001776374
91.64164001788879  98 3 2 58.64164001788879
92.35609001811557  57 9 8 47.356090018115566
