1.2251399999995587  64 8 3 0.2251399999995587
6.505069999922901  12 7 2 4.505069999922901
7.971219999867396  45 8 2 0.9712199998673956
10.223349999782135  29 7 3 10.223349999782135
11.76001999972396  23 7 3 1.7600199997239603
13.814449999646184  70 6 6 5.814449999646184
13.999779999639168  5 9 6 5.999779999639168
14.90969999960472  40 3 2 8.90969999960472
15.34474999958825  76 8 8 12.34474999958825
16.85863999953094  36 5 5 15.85863999953094
17.32303999951336  28 5 4 7.323039999513359
20.921419999377132  92 9 6 12.921419999377132
20.97671999937504  8 8 5 10.976719999375039
23.789249999268563  35 5 3 21.789249999268563
26.21763999917663  14 5 4 22.21763999917663
26.96413999914837  6 5 5 9.964139999148369
27.74862999911867  50 8 6 0.7486299991186698
28.022689999108295  81 4 4 25.022689999108295
28.25627999909945  99 9 7 24.25627999909945
29.525649999051396  60 6 4 14.525649999051396
33.15754999932514  32 6 6 29.15754999932514
33.334209999381216  71 5 4 6.3342099993812155
33.36387999939063  95 3 3 0.3638799993906332
33.43846999941431  10 7 7 25.43846999941431
33.59129999946282  53 6 6 27.59129999946282
33.6901599994942  22 9 2 13.690159999494199
33.709739999500414  62 7 7 31.709739999500414
34.301939999688386  16 8 5 14.301939999688386
34.634939999794085  38 9 4 1.634939999794085
35.26952999999551  7 8 5 17.269529999995513
35.49688000006768  33 6 3 32.49688000006768
35.71582000013717  75 4 3 22.71582000013717
35.9512400002119  63 8 8 27.951240000211897
37.08527000057185  73 3 3 24.085270000571853
40.357380001610466  11 5 4 8.357380001610466
43.524980002615905  19 6 5 17.524980002615905
43.67065000266214  54 7 3 8.670650002662143
44.485590002920816  37 9 7 19.485590002920816
45.29660000317824  46 6 5 0.2966000031782414
46.207250003467294  13 3 3 13.207250003467294
46.764290003644106  39 3 3 13.764290003644106
46.828900003664614  93 6 3 26.828900003664614
48.10529000406976  69 9 5 30.105290004069758
48.30938000413454  66 3 2 19.30938000413454
48.36542000415233  2 8 4 8.365420004152327
48.77549000428249  26 3 3 32.77549000428249
48.77550000428249  59 3 3 32.77550000428249
49.085170004380785  80 4 3 30.085170004380785
49.10749000438787  89 9 7 0.10749000438786993
52.03379000531672  9 6 3 34.03379000531672
52.183050005364095  58 6 2 24.183050005364095
52.668320005518126  51 4 2 13.668320005518126
53.69887000584524  48 3 2 15.698870005845237
54.01387000594522  47 8 6 4.013870005945222
54.291940006033485  61 7 7 17.291940006033485
54.778150006187815  97 6 3 26.778150006187815
56.13640000661894  96 5 3 23.136400006618942
58.292110007303194  55 8 5 37.292110007303194
59.097150007558724  1 4 2 24.097150007558724
59.43046000766452  17 4 3 10.430460007664522
59.888040007809764  15 3 3 19.888040007809764
61.30004000825795  31 6 3 27.30004000825795
61.38890000828616  65 9 4 35.38890000828616
61.39269000828736  72 9 7 44.39269000828736
61.58385000834804  94 8 2 36.58385000834804
62.35645000859327  43 8 6 16.35645000859327
62.73873000871461  84 7 3 26.73873000871461
62.80350000873517  56 6 2 41.80350000873517
62.8949600087642  83 8 5 38.8949600087642
63.98022000910868  20 4 4 21.980220009108677
64.15445000916398  21 7 6 45.15445000916398
64.55282000929043  25 6 3 39.55282000929043
65.17269000948718  27 8 2 36.172690009487184
65.83327000969686  86 3 2 36.83327000969686
66.38100000987072  85 8 7 27.381000009870718
66.7413600099851  52 4 3 40.7413600099851
67.11113001010247  30 5 2 22.11113001010247
67.30539001016413  3 9 7 47.30539001016413
67.80155001032162  88 5 3 17.80155001032162
68.64815001059034  78 7 3 22.648150010590342
68.97068001069272  87 3 3 33.97068001069272
69.27188001078832  98 8 2 28.271880010788323
69.94014001100044  77 3 3 21.940140011000437
70.42167001115328  82 9 4 26.42167001115328
70.68838001123794  24 8 4 31.68838001123794
70.71163001124532  91 3 2 26.71163001124532
71.14595001138318  18 5 4 36.14595001138318
71.54123001150865  49 3 2 37.541230011508645
71.77573001158308  42 9 7 37.77573001158308
71.99998001165426  0 3 3 39.99998001165426
72.4027300117821  68 4 3 39.4027300117821
73.57119001215298  57 8 2 32.57119001215298
73.67537001218605  41 4 2 37.67537001218605
73.92042001226383  79 4 3 29.920420012263833
74.92679001258327  67 4 2 43.92679001258327
75.48472001276036  74 8 6 27.484720012760363
77.63202001344195  34 9 9 28.632020013441945
78.10153001359097  44 8 2 39.101530013590974
79.52061001404141  90 3 3 33.52061001404141
79.72077001410494  4 9 7 39.72077001410494
