2.9516700000108695  63 9 9 1.9516700000108695
5.251529999970357  60 9 8 5.251529999970357
8.33322999985369  5 3 3 4.333229999853691
13.683229999651152  3 6 2 8.683229999651152
15.16856999959492  22 4 2 8.16856999959492
17.319949999513476  20 5 5 5.319949999513476
18.08768999948441  48 9 5 18.08768999948441
18.941859999452074  24 9 3 3.941859999452074
20.3754899993978  96 3 3 20.3754899993978
27.759669999118252  19 5 5 21.759669999118252
28.27396999909878  14 5 3 12.273969999098782
30.047069999031656  49 9 9 24.047069999031656
30.196299999026007  47 7 7 30.196299999026007
31.23508999898668  1 7 6 8.23508999898668
31.333499998982955  42 6 6 17.333499998982955
31.414319998979895  17 6 6 30.414319998979895
32.85392999922877  56 4 2 23.853929999228768
34.30236999968852  82 7 2 30.302369999688523
34.413749999723876  0 6 4 20.413749999723876
34.60887999978581  90 9 9 25.608879999785813
34.768169999836374  55 9 8 19.768169999836374
34.83334999985706  58 8 8 25.833349999857063
35.02252999991711  21 6 2 31.02252999991711
35.113839999946094  57 6 3 31.113839999946094
36.01880000023334  87 5 5 30.01880000023334
36.371220000345204  28 4 3 1.371220000345204
37.39926000067152  69 9 9 24.399260000671518
38.24875000094116  51 5 4 12.248750000941158
38.44944000100486  81 5 2 28.44944000100486
38.604780001054166  43 8 3 26.604780001054166
38.77436000110799  50 7 3 14.774360001107993
40.30283000159315  4 6 2 35.30283000159315
41.92999000210963  12 4 2 29.929990002109633
42.7266400023625  40 7 7 5.726640002362501
43.43773000258821  54 7 2 7.437730002588211
43.890120002731805  64 3 2 10.890120002731805
44.66706000297842  65 9 3 34.66706000297842
47.67834000393424  83 9 6 34.67834000393424
48.2027700041007  38 8 4 31.2027700041007
48.21436000410438  72 3 3 12.214360004104378
49.494260004510636  44 3 2 32.494260004510636
51.346410005098534  16 3 3 1.3464100050985337
51.89621000527305  53 9 5 37.89621000527305
51.909810005277365  70 5 5 8.909810005277365
52.37823000542605  35 7 3 16.378230005426047
53.040420005636236  68 8 4 30.040420005636236
53.318700005724565  31 8 5 25.318700005724565
54.27034000602663  25 8 7 35.27034000602663
54.46933000608979  93 4 4 16.46933000608979
55.037810006270234  88 3 3 42.037810006270234
55.17105000631253  39 3 3 24.171050006312527
55.74108000649346  95 7 5 39.74108000649346
55.85380000652924  10 7 3 47.85380000652924
56.878250006854415  75 5 4 42.878250006854415
57.40115000702039  71 7 2 26.40115000702039
57.94977000719453  67 6 5 41.94977000719453
58.16086000726153  91 8 2 14.160860007261533
58.37709000733017  86 6 2 17.377090007330168
58.52176000737609  45 5 5 43.52176000737609
60.10358000787818  84 6 2 10.103580007878179
60.386100007967855  9 9 8 20.386100007967855
60.67770000806041  18 7 2 36.67770000806041
61.161870008214095  37 3 2 38.161870008214095
61.29308000825574  27 5 2 44.29308000825574
61.383410008284415  15 3 2 29.383410008284415
61.63795000836521  77 6 3 27.63795000836521
62.601100008670926  85 9 3 43.601100008670926
62.69833000870179  2 6 5 57.69833000870179
63.09394000882736  74 7 5 58.09394000882736
63.81511000905627  6 3 2 25.81511000905627
64.80117000936926  76 3 3 48.80117000936926
64.93547000941189  92 7 4 45.93547000941189
66.13760000979346  7 5 4 23.13760000979346
66.23123000982318  52 7 3 29.23123000982318
66.27345000983658  32 5 2 31.27345000983658
66.78130000999778  8 3 2 22.78130000999778
67.33462001017341  59 3 3 36.33462001017341
67.47926001021932  41 3 3 31.47926001021932
67.6695000102797  73 4 2 36.669500010279705
69.24022001077827  34 6 6 45.24022001077827
69.80310001095694  80 7 2 36.80310001095694
69.98529001101477  11 6 6 54.98529001101477
70.29938001111447  61 4 4 50.299380011114465
70.33833001112683  78 8 3 33.33833001112683
70.39932001114619  33 6 6 33.39932001114619
70.41286001115049  62 3 3 23.412860011150485
70.73639001125318  46 6 6 43.73639001125318
71.03458001134783  79 4 2 37.03458001134783
71.26672001142151  13 5 5 55.26672001142151
71.40539001146553  98 5 4 30.405390011465528
72.2578400117361  99 4 3 32.25784001173611
74.56146001246731  30 8 8 39.56146001246731
75.43982001274611  23 4 3 38.43982001274611
75.55096001278139  89 9 6 51.55096001278139
75.78228001285481  29 4 4 31.782280012854812
77.20609001330675  26 4 4 40.20609001330675
77.6552100134493  66 7 6 27.655210013449306
81.18808001457069  94 4 4 32.18808001457069
81.26730001459583  97 7 5 38.26730001459583
81.60471001470293  36 7 5 43.60471001470293
