0.35819000000021745  41 6 5 0.35819000000021745
4.465910000000099  61 6 2 4.465910000000099
5.786549999950102  70 6 4 5.786549999950102
6.080889999938959  43 7 2 5.080889999938959
7.481949999885918  10 6 3 3.4819499998859182
9.592319999806024  5 9 7 5.5923199998060245
9.649089999803875  84 3 2 9.649089999803875
10.5756099997688  12 4 2 9.5756099997688
11.082369999749615  97 7 6 0.08236999974961456
11.920239999717895  85 6 2 5.920239999717895
12.601929999692087  88 4 2 10.601929999692087
13.922669999642087  14 7 6 1.9226699996420873
15.655039999576504  46 4 2 13.655039999576504
16.185989999556405  71 9 5 15.185989999556405
17.64183999950129  99 7 5 9.64183999950129
17.818399999494606  87 3 2 13.818399999494606
18.321129999475573  15 7 7 8.321129999475573
18.770349999458567  27 5 5 15.770349999458567
18.938619999452197  8 4 3 13.938619999452197
19.2845899994391  64 3 2 11.284589999439099
20.304539999400486  86 7 6 16.304539999400486
20.7268199993845  45 3 3 12.7268199993845
21.17347999936759  80 6 5 15.17347999936759
21.2181099993659  55 8 2 0.21810999936590036
22.557789999315183  92 5 2 19.557789999315183
23.419929999282544  32 3 3 8.419929999282544
25.71279999919574  98 3 2 3.7127999991957417
27.130099999142086  83 7 3 23.130099999142086
27.59968999912431  1 3 3 11.599689999124308
27.69604999912066  25 4 3 7.69604999912066
27.80753999911644  95 6 4 0.8075399991164396
28.23337999910032  94 5 2 10.233379999100318
29.328659999058853  7 7 4 24.328659999058853
29.746159999043048  51 6 5 1.7461599990430479
30.605559999010513  26 5 5 12.605559999010513
31.64449999897118  40 7 6 22.64449999897118
31.861079998962982  96 5 4 6.861079998962982
31.866309998962784  81 8 7 24.866309998962784
31.870979998962607  2 5 4 24.870979998962607
32.79976999921158  19 9 8 21.799769999211577
33.061759999294736  50 4 2 21.061759999294736
33.071649999297875  75 7 7 17.071649999297875
33.354209999387564  60 8 8 6.354209999387564
33.95287999957759  33 6 6 22.95287999957759
33.983579999587334  36 5 4 15.983579999587334
34.169929999646484  74 6 5 12.169929999646484
36.433410000364944  65 5 4 18.433410000364944
36.48586000038159  91 9 6 15.485860000381592
36.83556000049259  56 7 7 24.835560000492592
37.041630000558  77 4 4 3.0416300005580013
37.4130600006759  63 4 3 24.413060000675898
37.47750000069635  52 9 5 17.477500000696352
37.739220000779426  73 4 4 5.739220000779426
37.981610000856364  58 6 3 20.981610000856364
39.25788000126147  28 3 2 13.25788000126147
39.89513000146374  3 8 3 25.89513000146374
39.92014000147168  49 7 3 18.92014000147168
40.407790001626466  69 3 3 20.407790001626466
40.58096000168143  37 7 3 5.580960001681433
41.132360001856455  72 5 2 25.132360001856455
42.372730002250165  57 3 3 27.372730002250165
44.2067200028323  29 3 3 37.2067200028323
44.595760002955785  39 5 5 8.595760002955785
45.05772000310242  78 5 2 11.057720003102418
45.17561000313984  34 3 3 11.175610003139838
45.29813000317873  67 4 3 29.298130003178727
48.41369000416765  6 9 2 17.41369000416765
48.670410004249135  66 9 2 13.670410004249135
48.75542000427612  59 6 5 20.755420004276118
48.93104000433186  82 5 5 10.931040004331862
49.10019000438555  62 9 3 11.100190004385553
49.17506000440932  4 8 5 8.175060004409318
49.215850004422265  47 5 2 7.215850004422265
51.2473900050671  44 6 5 27.247390005067103
51.52024000515371  17 8 4 14.52024000515371
51.641990005192355  20 5 4 12.641990005192355
52.01591000531104  30 7 4 13.015910005311042
52.328100005410136  53 3 3 18.328100005410136
52.89429000558985  23 4 2 2.894290005589852
54.74086000617598  24 3 3 19.74086000617598
54.78834000619105  9 3 2 17.78834000619105
54.973920006249955  42 7 4 25.973920006249955
55.46608000640617  16 9 2 10.466080006406173
55.66216000646841  31 3 3 7.662160006468412
56.057020006593746  11 8 5 10.057020006593746
57.72805000712415  18 3 3 14.728050007124153
58.921140007502856  35 9 7 8.921140007502856
60.804070008100524  22 9 6 23.804070008100524
61.30804000826049  38 7 3 12.308040008260491
61.44531000830406  93 7 6 25.445310008304062
63.038440008809744  79 5 3 14.038440008809744
63.23546000887228  21 9 2 19.23546000887228
63.37528000891666  54 8 8 25.37528000891666
63.55771000897457  76 5 5 16.557710008974567
64.12582000915489  89 3 3 14.125820009154893
65.20413000949716  13 6 5 20.204130009497163
65.47127000958196  48 5 4 18.471270009581957
66.8840900100304  68 5 5 19.884090010030405
68.08904001041287  90 4 3 18.089040010412873
68.2075900104505  0 7 4 23.207590010450502
