1.2104199999994623  76 4 2 1.2104199999994623
3.0826700000117278  42 6 4 1.0826700000117278
4.572359999996069  71 7 2 0.5723599999960687
6.256479999932312  57 8 8 3.2564799999323117
7.973789999867298  2 9 9 0.9737899998672983
10.309569999778871  24 4 4 2.309569999778871
11.992869999715145  28 6 4 8.992869999715145
12.981579999677715  47 8 6 8.981579999677715
13.424719999660939  36 3 2 13.424719999660939
13.853219999644717  51 4 3 12.853219999644717
14.670469999613777  5 7 6 14.670469999613777
14.922539999604234  98 8 4 12.922539999604234
15.513609999581858  88 7 4 2.513609999581858
16.210249999555487  8 9 3 5.2102499995554865
16.880609999530108  87 9 2 5.880609999530108
18.061109999485417  26 3 3 7.061109999485417
18.428359999471514  30 4 2 3.428359999471514
18.54629999946705  31 5 5 1.546299999467049
22.334459999323638  19 6 2 7.334459999323638
26.14896999917923  32 6 2 14.14896999917923
26.828159999153517  75 7 5 15.828159999153517
27.223949999138533  46 7 2 25.223949999138533
27.93698999911154  85 6 6 18.93698999911154
28.091039999105707  68 8 4 17.091039999105707
28.256419999099446  79 5 3 16.256419999099446
28.68848999908309  67 7 7 26.68848999908309
28.951669999073125  83 8 8 5.951669999073125
29.536199999050996  60 5 3 5.5361999990509965
29.693879999045027  9 3 3 9.693879999045027
30.625299999009766  74 3 2 10.625299999009766
30.852179999001176  10 6 5 18.852179999001176
31.306249998983986  84 5 5 12.306249998983986
32.000549998957894  21 3 3 5.499989578936493E-4
32.27633999904543  59 9 4 6.276339999045433
32.656229999166015  40 9 9 12.656229999166015
33.74892999951285  6 7 7 7.748929999512853
33.793699999527064  7 5 2 14.793699999527064
34.24665999967084  11 3 2 17.24665999967084
36.599380000417625  45 6 5 13.599380000417625
38.0321300008724  63 5 4 3.0321300008723995
38.04029000087499  48 3 3 31.04029000087499
38.17759000091857  73 8 4 16.17759000091857
40.34381000160616  62 4 2 19.34381000160616
40.86505000177161  61 7 3 12.865050001771607
41.51677000197847  29 8 7 2.516770001978472
42.163290002183686  56 9 4 10.163290002183686
42.658850002340984  90 4 3 15.658850002340984
42.68955000235073  16 3 2 14.689550002350728
42.786950002381644  14 8 4 17.786950002381644
44.46805000291525  78 3 2 6.468050002915248
44.90629000305435  97 6 4 8.906290003054352
45.867070003359316  96 3 3 22.867070003359316
47.8294400039822  34 4 4 25.8294400039822
48.53309000420555  86 6 5 22.533090004205548
48.841420004303416  93 9 4 18.841420004303416
48.941130004335065  91 8 6 19.941130004335065
50.517870004835544  81 4 2 0.5178700048355438
52.517250005470174  1 5 3 16.517250005470174
52.68213000552251  82 7 3 29.68213000552251
54.44998000608365  13 8 5 34.44998000608365
55.19939000632152  33 5 4 27.199390006321522
55.482060006411245  55 5 5 16.482060006411245
55.86902000653407  44 7 3 28.869020006534072
57.953440007195695  35 8 3 12.953440007195695
58.84954000748013  70 5 3 36.84954000748013
58.898990007495826  72 6 5 11.898990007495826
59.746460007764824  37 5 2 27.746460007764824
59.74924000776571  69 8 3 30.749240007765707
59.845830007796366  15 6 5 28.845830007796366
60.29526000793902  27 7 6 37.29526000793902
60.42746000798098  65 5 3 15.427460007980983
60.77183000809029  92 7 3 15.77183000809029
61.033490008173345  20 9 2 28.033490008173345
61.33807000827002  38 6 5 36.33807000827002
62.02530000848816  4 4 2 27.02530000848816
62.23636000855515  89 7 6 35.23636000855515
65.08731000946008  99 5 4 36.08731000946008
65.32457000953539  17 5 5 18.324570009535393
65.36395000954789  25 7 5 34.36395000954789
66.03805000976186  66 3 3 32.03805000976186
66.51915000991457  95 9 7 36.51915000991457
66.71438000997654  58 4 3 27.714380009976537
66.99141001006447  80 6 5 26.99141001006447
67.83725001033295  94 3 3 33.83725001033295
68.06701001040588  18 6 2 22.06701001040588
68.26262001046797  50 8 6 19.26262001046797
68.36548001050062  53 3 2 32.36548001050062
68.55617001056115  41 8 2 36.55617001056115
68.62257001058222  52 4 2 27.622570010582223
68.68377001060165  12 8 2 22.68377001060165
69.17118001075636  39 4 4 28.17118001075636
70.54276001119172  0 5 3 20.542760011191717
72.0643600116747  43 8 3 22.064360011674694
72.28380001174435  49 9 6 40.28380001174435
72.32823001175845  22 6 6 23.32823001175845
73.56566001215123  54 7 5 27.565660012151227
74.83285001255345  64 4 2 30.83285001255345
76.71433001315066  3 9 7 35.71433001315066
77.30225001333727  23 8 8 28.30225001333727
77.38585001336381  77 5 5 36.38585001336381
