6.52410999992218  86 4 3 5.52410999992218
6.599619999919321  29 9 7 4.599619999919321
6.727099999914495  93 6 4 4.727099999914495
7.340989999891255  71 4 4 6.340989999891255
8.005399999866102  72 3 2 7.005399999866102
8.696859999839925  42 9 7 7.6968599998399245
8.927989999831174  48 9 2 1.9279899998311745
10.67358999976509  39 8 3 10.67358999976509
11.295259999741555  64 7 4 4.295259999741555
12.523079999695073  0 4 2 3.5230799996950726
15.26789999959116  37 4 3 2.26789999959116
15.889609999567623  38 7 2 11.889609999567623
17.274279999515205  30 4 4 12.274279999515205
17.429649999509323  43 7 7 5.429649999509323
18.104199999483786  70 7 2 7.104199999483786
18.329769999475246  68 6 2 9.329769999475246
19.531739999429742  40 3 3 15.531739999429742
21.38931999935942  90 7 5 18.38931999935942
21.82694999934285  9 4 3 18.82694999934285
23.323159999286208  18 8 6 1.323159999286208
23.70768999927165  12 6 6 6.7076899992716505
24.381129999246156  89 9 3 2.3811299992461556
24.486519999242166  6 9 9 0.4865199992421658
24.573159999238886  20 6 6 9.573159999238886
25.760259999193945  44 6 5 19.760259999193945
26.332889999172266  2 9 6 18.332889999172266
27.40523999913167  24 3 2 11.40523999913167
27.600799999124266  85 5 3 12.600799999124266
27.733399999119246  67 4 2 15.733399999119246
29.30177999905987  34 5 3 11.301779999059871
31.708049998968775  78 3 2 18.708049998968775
31.925929998960527  52 5 2 15.925929998960527
32.05077999897384  75 5 4 11.050779998973837
32.68718999917584  81 6 3 2.6871899991758426
34.93387999988897  16 6 5 24.933879999888973
36.617370000423335  98 5 2 17.617370000423335
37.29518000063848  7 9 4 10.295180000638481
38.71342000108865  17 5 5 2.7134200010886502
41.361780001929276  26 6 4 2.361780001929276
43.26275000253267  22 4 3 32.26275000253267
45.05225000310068  94 7 5 12.052250003100681
45.07893000310915  58 6 6 30.07893000310915
45.889530003366445  65 8 2 22.889530003366445
45.961450003389274  62 7 7 12.961450003389274
46.199570003464856  47 9 7 0.19957000346485643
48.826550004298696  88 9 3 11.826550004298696
53.10389000565638  82 7 2 9.103890005656382
55.351410006369775  95 8 2 6.351410006369775
56.626940006774646  21 6 6 11.626940006774646
57.382320007014414  31 4 3 22.382320007014414
57.733730007125956  36 3 3 36.733730007125956
57.7521500071318  55 3 2 24.752150007131803
58.98540000752325  66 9 8 37.98540000752325
60.1260200078853  57 8 8 22.1260200078853
61.74155000839809  14 3 3 16.741550008398093
62.31663000858063  79 9 9 36.31663000858063
62.56031000865798  76 5 5 21.56031000865798
64.31160000921386  3 7 4 29.311600009213862
64.9544000094179  61 8 4 18.954400009417895
68.23116001045798  83 9 4 26.231160010457984
68.41105001051508  46 6 3 36.41105001051508
69.51303001086487  15 9 3 29.513030010864867
70.3312900111246  49 7 4 29.331290011124594
71.72039001156551  32 6 5 38.72039001156551
72.15176001170244  91 5 5 29.151760011702436
72.50304001181394  60 7 3 29.503040011813937
73.05317001198856  10 8 6 47.053170011988556
73.2914700120642  23 8 5 36.291470012064195
73.46017001211774  1 9 3 42.46017001211774
74.28311001237896  69 9 7 57.283110012378955
75.17161001266098  73 8 8 32.17161001266098
75.45495001275091  84 9 6 44.45495001275091
75.85214001287699  5 8 7 41.85214001287699
76.27316001301062  4 9 6 48.273160013010624
77.26780001332634  11 6 5 47.26780001332634
78.33291001366442  8 8 4 42.33291001366442
78.97017001386669  51 5 4 33.97017001386669
81.7085700147359  13 3 2 47.7085700147359
82.35325001494053  54 8 6 40.35325001494053
82.37955001494888  33 5 4 32.379550014948876
82.98845001514215  19 7 5 49.98845001514215
83.46006001529184  99 8 4 49.460060015291845
84.35106001557466  59 9 7 54.35106001557466
84.66265001567356  53 4 3 42.66265001567356
84.9006200157491  41 6 4 40.9006200157491
85.29486001587424  77 6 4 43.294860015874235
85.45452001592491  35 6 4 46.45452001592491
86.22199001616852  92 5 4 49.22199001616852
87.05413001643265  80 5 5 42.05413001643265
87.56455001659467  28 4 3 47.564550016594666
87.66871001662773  45 8 2 49.66871001662773
88.59481001692168  87 9 6 46.594810016921684
88.67465001694703  27 9 6 39.67465001694703
89.04952001706602  25 8 6 43.049520017066015
89.76955001729456  74 5 5 55.76955001729456
90.47449001751832  50 5 4 40.47449001751832
91.46081001783139  56 6 6 55.46081001783139
91.68183001790155  96 5 5 43.68183001790155
92.28520001809306  97 6 6 45.285200018093065
92.414180018134  63 3 3 48.414180018134005
