3.490900000014402  36 7 4 2.490900000014402
3.703830000015797  30 3 2 1.703830000015797
5.365249999966052  60 5 5 2.3652499999660517
7.401179999888976  73 8 4 2.401179999888976
8.39399999985139  38 9 5 5.39399999985139
8.636419999842213  9 7 6 0.6364199998422126
9.676249999802847  96 6 3 3.676249999802847
9.980679999791322  72 3 2 6.980679999791322
10.466829999772918  56 9 5 8.466829999772918
12.090139999711463  26 9 3 3.0901399997114627
12.605349999691958  95 9 9 12.605349999691958
12.624289999691241  48 4 2 12.624289999691241
13.035179999675686  78 7 6 4.035179999675686
14.112609999634897  20 7 4 2.1126099996348966
14.490389999620595  2 6 2 8.490389999620595
14.5879799996169  32 7 6 1.5879799996169002
14.67965999961343  22 6 4 3.6796599996134294
15.021759999600478  83 4 3 6.021759999600478
16.504289999544355  53 3 3 16.504289999544355
16.83091999953199  6 5 2 0.8309199995319894
17.593639999503115  21 3 2 9.593639999503115
17.634059999501584  23 8 2 1.6340599995015843
19.598319999427222  42 4 4 2.598319999427222
20.059119999409777  10 6 3 10.059119999409777
20.581419999390004  31 3 3 2.581419999390004
22.36240999932258  98 5 4 14.36240999932258
22.703579999309664  34 8 4 13.703579999309664
24.436009999244078  17 8 3 10.436009999244078
27.99455999910936  65 5 2 9.99455999910936
28.107429999105086  79 6 2 16.107429999105086
29.239049999062246  11 5 5 11.239049999062246
29.75485999904272  46 3 2 3.7548599990427185
29.83036999903986  7 7 4 11.83036999903986
30.59502999901091  40 3 2 16.59502999901091
31.193539998988253  4 4 4 12.193539998988253
31.321949998983392  89 9 8 17.321949998983392
32.13527999900066  88 7 6 6.135279999000659
32.48432999911145  94 9 7 11.484329999111452
32.649929999164016  13 5 3 13.649929999164016
32.7891299992082  49 7 2 23.7891299992082
33.66666999948674  19 8 6 13.666669999486743
34.81600999985156  62 7 6 9.816009999851559
34.826329999854835  51 4 2 20.826329999854835
35.101299999942114  52 8 3 15.101299999942114
35.392370000034504  44 8 4 23.392370000034504
36.16779000028063  70 6 3 7.1677900002806325
37.30664000064212  61 8 4 6.306640000642119
38.33246000096773  55 9 4 12.332460000967728
38.71445000108898  5 3 2 6.714450001088977
39.05963000119854  66 4 4 23.059630001198542
39.54086000135129  77 7 2 21.54086000135129
39.843630001447394  24 8 2 14.843630001447394
40.21935000156665  64 3 3 25.219350001566653
40.39020000162088  41 9 8 10.390200001620883
40.463520001644156  86 8 2 22.463520001644156
41.06024000183356  91 5 2 21.060240001833563
41.747740002051785  33 9 6 24.747740002051785
41.90371000210129  15 9 3 16.903710002101292
42.140510002176455  54 3 2 15.140510002176455
42.396830002257815  75 6 5 13.396830002257815
44.83382000303135  84 8 2 15.833820003031349
45.11049000311917  37 7 5 29.110490003119168
45.27080000317005  0 8 2 26.270800003170052
45.495060003241235  90 7 6 15.495060003241235
45.594140003272685  12 3 3 6.594140003272685
45.95904000338851  76 4 3 14.959040003388509
46.18748000346102  67 3 3 6.187480003461019
46.42746000353719  43 6 4 20.427460003537192
46.768730003645516  80 9 5 2.7687300036455156
47.42030000385233  97 3 3 10.420300003852333
48.12123000407482  68 3 3 5.1212300040748175
49.054890004371174  69 4 2 7.054890004371174
49.37260000447202  74 5 3 18.37260000447202
49.73141000458591  85 7 3 13.73141000458591
51.212900005056156  63 9 8 29.212900005056156
51.8617200052621  8 6 5 6.8617200052621
52.446680005447774  29 4 3 10.446680005447774
52.55658000548266  59 8 7 26.556580005482658
53.00959000562645  3 9 2 10.00959000562645
53.56860000580389  99 6 3 3.568600005803887
54.51579000610454  57 7 7 27.515790006104538
59.41738000766037  50 3 3 29.41738000766037
59.49725000768572  93 8 8 30.49725000768572
59.589290007714936  27 9 3 23.589290007714936
59.788770007778254  45 8 5 18.788770007778254
60.09920000787679  47 9 3 26.09920000787679
60.167360007898424  1 4 4 26.167360007898424
60.658580008054344  87 5 5 19.658580008054344
60.91344000813524  71 9 2 25.91344000813524
61.94504000846268  16 4 2 26.945040008462684
61.99448000847838  25 8 4 30.994480008478376
62.367430008596756  35 8 6 19.367430008596756
62.524700008646676  18 6 3 28.524700008646676
63.03099000880738  58 4 2 23.03099000880738
63.42853000893356  82 5 5 17.428530008933564
63.98653000911068  92 9 6 14.98653000911068
64.42089000924855  81 5 2 17.420890009248552
66.20250000981406  39 4 4 29.20250000981406
68.31372001048419  14 6 6 21.31372001048419
68.78272001063306  28 8 4 22.782720010633057
