4.141920000012364  92 3 2 0.14192000001236416
5.707969999953077  34 5 3 2.707969999953077
9.18299999982152  98 3 3 8.18299999982152
12.452209999697756  13 5 3 1.4522099996977555
14.340829999626257  15 6 5 2.3408299996262567
14.839399999607382  56 3 3 11.839399999607382
16.369239999549468  67 7 6 14.369239999549468
17.70544999949888  50 7 7 14.705449999498882
26.64946999916028  6 7 7 12.649469999160281
26.72848999915729  31 6 6 20.72848999915729
28.725369999081693  59 9 4 19.725369999081693
30.3998599990183  93 8 4 29.3998599990183
31.108989998991454  41 5 4 27.108989998991454
31.447259998978648  64 5 3 6.447259998978648
31.746609998967315  74 7 5 16.746609998967315
33.22690999934716  84 6 4 1.226909999347157
33.99399999959064  25 8 3 24.993999999590642
34.724409999822484  95 7 4 6.724409999822484
35.128239999950665  60 3 2 8.128239999950665
35.73715000014394  45 7 6 34.73715000014394
36.38623000034997  87 3 3 6.386230000349968
36.678900000442866  78 4 3 24.678900000442866
36.77098000047209  72 9 2 21.770980000472093
38.63431000106354  32 7 6 10.63431000106354
39.29030000127176  10 6 6 36.29030000127176
42.08335000215831  4 5 4 39.08335000215831
42.810300002389056  26 4 3 18.810300002389056
42.928380002426536  63 7 6 32.928380002426536
45.57649000326708  91 6 6 6.576490003267082
47.83345000398347  94 8 8 16.833450003983472
48.381170004157326  21 8 8 8.381170004157326
48.61731000423228  43 6 5 3.61731000423228
50.43855000481037  24 5 4 38.43855000481037
50.470180004820406  11 4 3 15.470180004820406
50.471970004820975  57 4 2 39.471970004820975
50.595970004860334  3 4 4 16.595970004860334
50.96648000497794  39 3 2 8.966480004977939
51.041040005001605  69 6 5 44.041040005001605
51.346600005098594  52 3 3 2.346600005098594
52.62430000550415  73 9 4 50.62430000550415
53.57919000580725  38 7 7 41.57919000580725
54.342060006049394  97 4 2 40.342060006049394
55.82498000652009  18 4 2 45.82498000652009
55.99362000657362  30 9 9 54.99362000657362
56.00416000657697  2 6 4 48.00416000657697
57.68973000711199  90 7 2 21.68973000711199
61.75282000840167  42 7 5 37.75282000840167
62.16634000853293  53 6 2 20.166340008532927
62.945880008780364  46 7 3 22.945880008780364
63.50620000895822  80 6 3 14.506200008958217
63.712640009023744  70 5 2 41.712640009023744
63.74807000903499  77 4 3 33.74807000903499
64.43514000925308  19 5 3 14.435140009253075
65.25966000951479  14 7 2 41.25966000951479
65.59044000961978  48 8 6 59.59044000961978
65.94541000973246  76 5 4 48.945410009732456
66.43253000988707  96 5 2 24.432530009887074
66.74412000998598  33 3 3 52.74412000998598
67.06381001008745  88 3 3 60.06381001008745
67.17334001012222  28 8 4 59.17334001012222
67.63507001026878  55 5 2 40.63507001026878
69.13307001074426  54 7 4 52.13307001074426
69.47822001085382  81 3 3 46.47822001085382
69.71023001092746  65 4 3 20.71023001092746
69.89321001098554  35 8 8 48.89321001098554
70.06673001104062  68 7 7 57.06673001104062
70.84564001128786  12 7 7 23.845640011287855
71.8923600116201  58 9 6 64.8923600116201
72.02884001166342  89 8 7 58.02884001166342
72.22680001172625  27 6 4 29.226800011726255
72.47794001180597  9 9 7 64.47794001180597
74.04618001230375  62 6 6 35.04618001230375
74.28713001238023  20 6 3 29.28713001238023
74.29572001238296  36 3 3 26.295720012382958
74.56221001246755  66 9 4 60.562210012467546
75.37517001272559  40 7 7 28.37517001272559
76.77551001317008  7 3 2 37.77551001317008
77.27961001333009  5 6 6 49.279610013330085
80.03769001420554  17 6 6 41.03769001420554
80.11211001422916  22 3 2 41.11211001422916
80.4251000143285  83 9 4 38.42510001432851
80.55539001436986  51 8 8 57.55539001436986
81.20801001457701  1 3 3 36.20801001457701
81.40447001463937  37 4 4 31.404470014639372
81.5195300146759  0 7 2 41.519530014675894
81.5712200146923  61 4 3 51.5712200146923
82.09581001485881  82 4 3 45.09581001485881
82.13574001487149  79 5 2 64.13574001487149
83.40556001527455  99 5 5 43.405560015274546
83.42088001527941  8 7 4 49.42088001527941
83.57047001532689  47 4 2 42.57047001532689
83.85407001541691  86 3 2 54.85407001541691
84.01933001546936  49 7 6 44.019330015469365
84.38864001558659  85 8 7 52.38864001558659
84.64633001566838  71 6 3 46.64633001566838
84.95434001576615  75 6 6 34.95434001576615
85.46979001592976  23 7 7 55.46979001592976
86.41092001622849  44 3 3 37.41092001622849
86.89252001638135  16 8 7 52.892520016381354
86.98044001640926  29 8 5 44.98044001640926
