3.9102400000171493  36 9 4 1.9102400000171493
4.93842999998221  31 3 3 4.93842999998221
5.896979999945922  15 7 3 3.8969799999459216
6.591569999919626  6 9 4 5.591569999919626
7.946739999868322  66 8 4 5.946739999868322
9.281759999817782  12 9 2 5.2817599998177815
11.562629999731433  55 3 2 8.562629999731433
11.939039999717183  32 8 2 6.939039999717183
12.830489999683435  14 5 4 10.830489999683435
15.338559999588485  47 8 8 13.338559999588485
16.25534999955378  64 6 4 13.25534999955378
18.400819999472557  52 4 2 10.400819999472557
18.412419999472117  39 7 7 16.412419999472117
20.468319999394286  30 6 5 16.468319999394286
21.260549999364294  62 6 3 14.260549999364294
21.490549999355586  69 4 2 14.490549999355586
21.534739999353913  86 9 4 12.534739999353913
21.688509999348092  93 7 7 18.688509999348092
21.865649999341386  2 7 4 15.865649999341386
23.528229999278444  68 9 6 18.528229999278444
23.564999999277052  34 6 2 19.564999999277052
23.655029999273644  92 3 3 19.655029999273644
23.941559999262797  41 5 5 18.941559999262797
26.585129999162717  80 4 4 22.585129999162717
27.440159999130348  19 5 5 17.440159999130348
28.721789999081828  78 9 9 23.721789999081828
29.948549999035386  25 9 9 17.948549999035386
29.956999999035066  67 3 2 13.956999999035066
30.105129999029458  51 5 3 17.105129999029458
30.25934999902362  63 4 2 16.25934999902362
30.751039999005005  76 4 3 18.751039999005005
30.81142999900272  10 8 8 15.81142999900272
32.380559999078514  46 4 3 13.380559999078514
33.82346999953651  13 7 7 20.823469999536513
34.40960999972256  21 4 2 12.409609999722562
34.48400999974618  22 8 4 17.484009999746178
34.537839999763264  97 4 3 19.537839999763264
35.430460000046594  29 3 2 18.430460000046594
36.2152600002957  45 7 6 23.2152600002957
36.44360000036818  82 9 3 20.44360000036818
37.693160000764806  0 7 2 12.693160000764806
37.83321000080926  84 6 5 21.83321000080926
38.36612000097841  65 8 4 17.366120000978412
38.97055000117027  59 4 3 18.970550001170267
39.45889000132527  71 5 5 20.458890001325273
41.24580000189246  89 4 4 19.245800001892462
41.30851000191237  33 9 5 18.308510001912367
42.175100002187435  87 5 5 21.175100002187435
43.0927100024787  77 5 3 20.092710002478697
44.77447000301251  49 9 5 15.77447000301251
46.32329000350413  74 5 3 23.323290003504127
46.73671000363535  48 9 3 18.736710003635352
47.01360000372324  75 8 3 18.01360000372324
47.04862000373436  58 7 6 25.048620003734356
48.72250000426567  42 9 4 19.72250000426567
48.73356000426918  72 6 4 23.73356000426918
51.074590005012254  40 8 8 25.074590005012254
52.70104000552851  1 6 2 20.70104000552851
53.12171000566204  60 7 6 23.121710005662038
53.50271000578297  79 9 2 23.502710005782973
55.25000000633759  23 9 7 22.250000006337586
55.745750006494944  16 6 3 20.745750006494944
56.01303000657978  4 3 3 28.013030006579783
56.92465000686914  73 3 2 19.924650006869143
57.3901500070169  70 4 2 24.3901500070169
57.556580007069726  53 6 6 26.556580007069726
57.700990007115564  8 3 2 24.700990007115564
58.825710007472566  11 3 2 27.825710007472566
60.8203800081057  81 5 2 26.8203800081057
61.1515000082108  37 7 7 28.151500008210803
61.550540008337464  98 3 2 28.550540008337464
62.20536000854531  26 4 4 27.205360008545313
63.740590009032616  27 3 3 28.740590009032616
64.37652000923447  91 5 2 26.37652000923447
65.01376000943674  88 5 4 29.013760009436737
66.18646000980897  7 4 4 31.186460009808968
66.55978000992747  17 9 8 31.559780009927465
66.6033500099413  94 8 3 28.603350009941295
69.51391001086515  90 9 4 28.513910010865146
69.52230001086781  85 6 4 31.52230001086781
72.29918001174923  50 9 8 37.29918001174923
73.59537001216066  38 4 4 37.59537001216066
74.01223001229297  83 5 2 28.012230012292974
74.03967001230168  56 4 3 34.039670012301684
74.18236001234698  24 5 3 35.182360012346976
74.27965001237786  35 9 7 35.27965001237786
76.35822001303762  20 6 2 32.358220013037624
76.62346001312181  43 8 2 29.623460013121814
76.64727001312937  99 3 3 37.64727001312937
77.52424001340773  18 9 8 40.524240013407734
78.88721001384036  28 8 6 35.88721001384036
79.13894001392026  5 8 6 36.13894001392026
80.72962001442517  61 5 5 38.729620014425166
81.59685001470044  96 3 2 35.596850014700436
82.43106001496523  44 5 4 40.431060014965226
83.50492001530608  3 3 3 38.504920015306084
86.6359200162999  57 9 8 41.635920016299906
87.42286001654969  9 4 4 44.42286001654969
88.13885001677696  95 4 4 41.138850016776956
91.88168001796498  54 4 4 45.88168001796498
