1.5231300000015109  93 4 3 1.5231300000015109
2.148560000005608  94 5 3 1.1485600000056082
2.5750900000084025  76 6 4 1.5750900000084025
4.024460000016811  20 3 2 2.024460000016811
4.397560000002686  33 6 2 4.397560000002686
4.620769999994236  99 4 3 4.620769999994236
5.170309999973432  38 9 2 1.1703099999734317
6.060459999939733  31 8 3 4.060459999939733
6.601109999919265  49 5 3 5.601109999919265
8.149299999860654  32 6 2 3.149299999860654
9.319979999816335  70 8 3 3.3199799998163346
10.680869999764814  92 7 4 3.6808699997648144
11.71353999972572  88 7 7 6.71353999972572
13.499539999658106  28 7 3 5.499539999658106
13.623429999653416  21 7 4 5.623429999653416
13.7717699996478  35 6 5 3.7717699996478
13.901959999642871  56 6 3 7.901959999642871
14.631449999615254  62 3 3 5.6314499996152545
14.883269999605721  91 9 5 2.883269999605721
15.637029999577186  58 3 2 4.6370299995771855
16.1755899995568  55 7 3 6.175589999556799
16.877059999530243  51 7 6 6.877059999530243
17.848839999493453  16 4 2 8.848839999493453
18.58928999946542  96 4 4 8.589289999465421
19.465649999432244  48 3 3 8.465649999432244
21.20704999936632  0 4 2 5.207049999366319
21.362969999360416  26 8 6 8.362969999360416
22.44453999931947  17 7 5 9.44453999931947
23.782899999268803  50 8 3 9.782899999268803
23.838299999266706  89 3 2 10.838299999266706
23.97898999926138  87 5 3 7.97898999926138
25.64392999919835  95 3 3 9.643929999198349
25.71466999919567  18 4 4 12.71466999919567
26.42158999916891  43 3 2 12.421589999168908
26.7942599991548  54 7 5 9.7942599991548
28.11131999910494  63 4 4 12.11131999910494
30.05564999903133  97 6 2 12.055649999031331
31.2768199989851  19 5 3 10.2768199989851
31.904539998961337  69 4 3 13.904539998961337
31.94405999895984  74 8 6 13.94405999895984
34.61646999978822  36 3 2 9.616469999788222
35.029789999919416  72 4 4 16.029789999919416
35.6346400001114  6 5 4 16.634640000111403
35.85993000018291  1 8 5 12.859930000182914
36.59038000041477  71 9 2 7.590380000414768
37.10992000057968  7 9 2 1.1099200005796774
37.23857000062051  47 9 7 14.238570000620513
37.49860000070305  24 3 3 15.49860000070305
37.54683000071836  85 8 3 14.546830000718359
37.82845000080775  73 7 5 16.82845000080775
38.72077000109098  5 5 5 13.720770001090983
39.3862000013022  86 7 2 8.3862000013022
39.46694000132783  75 8 3 8.466940001327828
41.28808000190588  23 3 2 16.288080001905882
42.100810002163854  40 4 2 10.100810002163854
42.57468000231427  60 9 8 20.574680002314267
43.76298000269145  3 4 2 13.76298000269145
43.939770002747565  13 8 6 10.939770002747565
44.127320002807096  65 8 6 18.127320002807096
44.96923000307433  41 6 3 8.96923000307433
45.14310000312952  10 8 2 8.143100003129518
45.74954000332201  53 4 4 21.74954000332201
46.194590003463276  98 3 2 14.194590003463276
46.55863000357883  27 4 4 21.558630003578827
47.74013000395385  90 4 3 21.74013000395385
48.314910004136294  11 4 3 19.314910004136294
49.060750004373034  39 5 2 6.060750004373034
49.775810004600004  45 4 2 7.775810004600004
50.07109000469373  2 5 3 10.07109000469373
51.047690005003716  67 6 5 19.047690005003716
51.49821000514672  44 5 3 13.498210005146717
51.726960005219325  77 5 4 12.726960005219325
51.89792000527359  37 4 4 14.89792000527359
52.307150005403486  59 4 3 16.307150005403486
52.878770005584926  9 5 3 19.878770005584926
53.13192000566528  14 4 3 26.13192000566528
54.27472000602802  25 6 6 12.27472000602802
54.359330006054876  22 9 9 23.359330006054876
54.5374000061114  29 8 7 15.537400006111397
55.1315800063  68 9 6 21.1315800063
55.40786000638769  42 7 7 21.407860006387693
55.47760000640983  34 9 5 12.47760000640983
58.07698000723491  83 5 2 19.07698000723491
58.40577000733927  82 6 4 13.405770007339271
58.55712000738731  84 3 2 22.55712000738731
58.674800007424665  46 9 3 16.674800007424665
59.497950007685944  57 3 2 12.497950007685944
59.50431000768796  64 9 5 14.504310007687963
60.61264000803976  52 3 3 17.61264000803976
60.815730008104225  78 3 2 12.815730008104225
61.162630008214336  4 7 5 20.162630008214336
62.17346000853519  12 7 6 14.173460008535187
62.50695000864104  79 8 2 16.50695000864104
64.00857000911768  15 6 6 19.008570009117676
64.67092000932792  8 7 4 14.670920009327915
65.86569000970715  61 9 5 20.86569000970715
67.23901001014306  80 6 6 19.239010010143062
68.99224001069956  66 9 5 18.99224001069956
69.21691001077087  81 7 7 21.216910010770874
70.94175001131836  30 7 7 21.941750011318362
