3.2499200000128234  48 9 5 3.2499200000128234
5.333729999967245  47 7 7 5.333729999967245
6.619789999918558  60 9 8 6.619789999918558
8.791639999836336  96 3 3 8.791639999836336
9.351879999815127  82 7 2 5.351879999815127
9.548889999807669  57 6 3 5.548889999807669
10.20604999978279  3 6 2 5.20604999978279
10.791279999760635  5 3 3 6.791279999760635
10.950469999754608  21 6 2 6.950469999754608
11.733209999724975  4 6 2 6.733209999724975
12.144439999709407  17 6 6 11.144439999709407
12.53477999969463  63 9 9 11.53477999969463
13.750529999648604  22 4 2 6.750529999648604
16.06934999956082  74 7 5 11.06934999956082
16.65151999953878  56 4 2 7.651519999538781
17.097059999521914  2 6 5 12.097059999521914
18.594709999465216  19 5 5 12.594709999465216
20.706589999385265  65 9 3 10.706589999385265
21.330199999361657  49 9 9 15.330199999361657
21.58607999935197  81 5 2 11.58607999935197
21.870939999341186  10 7 3 13.870939999341186
23.296619999287213  43 8 3 11.296619999287213
24.6863799992346  87 5 5 18.6863799992346
25.219309999214424  12 4 2 13.219309999214424
25.31849999921067  24 9 3 10.318499999210669
26.968809999148192  53 9 5 12.968809999148192
27.41526999913129  58 8 8 18.41526999913129
27.513219999127582  69 9 9 14.513219999127582
28.043729999107498  20 5 5 16.043729999107498
28.452189999092035  0 6 4 14.452189999092035
28.684079999083256  83 9 6 15.684079999083256
30.15075999902773  90 9 9 21.15075999902773
31.654349998970808  14 5 3 15.654349998970808
31.995499998957893  88 3 3 18.995499998957893
33.232039999348785  75 5 4 19.232039999348785
33.724869999505216  42 6 6 19.724869999505216
35.83042000017355  55 9 8 20.830420000173547
36.11281000026318  27 5 2 19.11281000026318
36.20868000029361  85 9 3 17.20868000029361
36.65481000043522  38 8 4 19.65481000043522
37.86970000082084  45 5 5 22.869700000820842
37.92904000083968  11 6 6 22.929040000839677
38.76131000110385  67 6 5 22.76131000110385
39.627830001378896  68 8 4 16.627830001378896
41.27226000190086  44 3 2 24.27226000190086
42.07433000215545  95 7 5 26.07433000215545
42.31190000223086  13 5 5 26.311900002230857
44.70687000299105  18 7 2 20.706870002991053
44.74472000300307  64 3 2 11.744720003003067
44.9722900030753  71 7 2 13.972290003075301
45.27912000317269  25 8 7 26.279120003172693
45.304050003180606  92 7 4 26.304050003180606
45.87120000336063  50 7 3 21.871200003360627
47.546450003892375  76 3 3 31.546450003892375
47.586120003904966  34 6 6 23.586120003904966
48.90867000432476  80 7 2 15.908670004324762
49.058960004372466  51 5 4 23.058960004372466
49.08094000437944  37 3 2 26.080940004379443
49.93218000464964  31 8 5 21.932180004649638
50.762220004913104  35 7 3 14.762220004913104
51.683010005205375  61 4 4 31.683010005205375
52.46582000545385  15 3 2 20.46582000545385
52.71839000553402  1 7 6 29.71839000553402
52.85746000557816  28 4 3 17.85746000557816
53.05581000564112  54 7 2 17.05581000564112
53.08217000564949  46 6 6 26.082170005649488
53.08845000565148  89 9 6 29.08845000565148
53.192930005684644  32 5 2 18.192930005684644
53.71642000585081  39 3 3 22.716420005850807
53.88395000590398  59 3 3 22.883950005903984
57.07047000691543  72 3 3 21.07047000691543
57.253060006973385  73 4 2 26.253060006973385
58.71485000743738  77 6 3 24.714850007437377
58.995770007526545  6 3 2 20.995770007526545
59.04108000754093  41 3 3 23.041080007540927
59.70192000775069  79 4 2 25.701920007750687
60.391870007969686  52 7 3 23.391870007969686
61.295450008256495  78 8 3 24.295450008256495
62.2305200085533  86 6 2 21.2305200085533
62.53395000864961  26 4 4 25.53395000864961
62.89965000876569  23 4 3 25.89965000876569
63.35359000890978  40 7 7 26.353590008909777
64.00246000911574  30 8 8 29.002460009115737
65.60633000962483  98 5 4 24.606330009624827
65.91370000972239  9 9 8 25.91370000972239
66.12123000978826  91 8 2 22.121230009788263
67.53232001023616  33 6 6 30.532320010236162
67.86529001034185  70 5 5 24.86529001034185
69.91719001099315  36 7 5 31.917190010993153
71.48900001149207  93 4 4 33.48900001149207
71.77032001158136  29 4 4 27.77032001158136
71.85338001160773  99 4 3 31.853380011607726
72.05816001167273  8 3 2 28.058160011672726
72.60308001184569  62 3 3 25.60308001184569
72.81036001191148  84 6 2 22.810360011911484
73.80947001222862  16 3 3 23.809470012228616
73.99680001228808  97 7 5 30.996800012288077
74.10451001232227  7 5 4 31.104510012322265
79.32251001397853  94 4 4 30.32251001397853
79.48726001403082  66 7 6 29.487260014030824
