0.35819000000021745  41 6 5 0.35819000000021745
2.7799600000097446  70 6 4 2.7799600000097446
3.5269500000146383  43 7 2 2.5269500000146383
4.091500000014273  84 3 2 4.091500000014273
4.116470000013328  61 6 2 4.116470000013328
6.506109999922861  10 6 3 2.5061099999228613
7.616519999880824  92 5 2 4.616519999880824
7.7877999998743395  12 4 2 6.7877999998743395
7.946769999868321  46 4 2 5.946769999868321
8.192369999859023  88 4 2 6.192369999859023
8.690479999840166  71 9 5 7.690479999840166
9.03191999982724  5 9 7 5.03191999982724
10.294219999779452  85 6 2 4.294219999779452
10.47096999977276  83 7 3 6.470969999772761
11.339819999739868  27 5 5 8.339819999739868
13.216639999668816  86 7 6 9.216639999668816
13.659709999652042  7 7 4 8.659709999652042
13.876239999643845  8 4 3 8.876239999643845
14.425879999623037  80 6 5 8.425879999623037
14.445739999622285  87 3 2 10.445739999622285
15.581589999579284  2 5 4 8.581589999579284
16.81399999953263  64 3 2 8.81399999953263
18.068289999485145  81 8 7 11.068289999485145
19.6147399994266  99 7 5 11.6147399994266
20.040949999410465  29 3 3 13.040949999410465
21.15423999936832  97 7 6 10.154239999368318
21.815489999343285  45 3 3 13.815489999343285
21.865969999341374  14 7 6 9.865969999341374
21.917409999339426  50 4 2 9.917409999339426
22.753429999307777  40 7 6 13.753429999307777
22.960219999299948  15 7 7 12.960219999299948
23.539559999278016  19 9 8 12.539559999278016
24.159189999254558  72 5 2 8.159189999254558
24.569219999239035  32 3 3 9.569219999239035
24.65515999923578  55 8 2 3.6551599992357815
26.412389999169257  56 7 7 14.412389999169257
26.65767999915997  33 6 6 15.65767999915997
27.101899999143154  63 4 3 14.101899999143154
27.80544999911652  3 8 3 13.805449999116519
28.41925999909328  58 6 3 11.419259999093281
28.99404999907152  75 7 7 12.994049999071521
29.58394999904919  26 5 5 11.583949999049189
30.245009999024163  1 3 3 14.245009999024163
31.2134499989875  67 4 3 15.2134499989875
31.344259998982547  36 5 4 13.344259998982547
31.874119998962488  28 3 2 5.874119998962488
32.0906699989865  52 9 5 12.090669998986499
32.33831999906511  57 3 3 17.338319999065106
32.644979999162445  94 5 2 14.644979999162445
32.9501199992593  25 4 3 12.9501199992593
33.299489999370195  65 5 4 15.299489999370195
33.47365999942548  74 6 5 11.473659999425479
35.2559399999912  51 6 5 7.255939999991199
35.32852000001424  95 6 4 8.328520000014237
36.33664000033423  49 7 3 15.336640000334228
36.723160000456915  69 3 3 16.723160000456915
37.20303000060923  91 9 6 16.203030000609232
37.72071000077355  98 3 2 15.72071000077355
38.32808000096634  6 9 2 7.328080000966338
38.51204000102473  96 5 4 13.51204000102473
38.567980001042486  73 4 4 6.567980001042486
39.18306000123772  42 7 4 10.18306000123772
39.5790200013634  66 9 2 4.5790200013634035
39.83055000144324  77 4 4 5.8305500014432425
40.768010001740805  34 3 3 6.768010001740805
41.089550001842866  37 7 3 6.089550001842866
41.096890001845196  78 5 2 7.096890001845196
42.3098300022302  44 6 5 18.3098300022302
43.00470000245076  53 3 3 9.004700002450761
43.14129000249412  60 8 8 16.141290002494117
45.07527000310799  62 9 3 7.075270003107988
45.57912000326792  9 3 2 8.579120003267917
46.354380003513995  39 5 5 10.354380003513995
47.432180003856104  17 8 4 10.432180003856104
47.50333000387869  59 6 5 19.503330003878688
48.57082000421752  47 5 2 6.5708200042175235
49.83174000461776  93 7 6 13.831740004617757
51.005910004990454  22 9 6 14.005910004990454
51.48962000514399  21 9 2 7.4896200051439905
51.58151000517316  24 3 3 16.581510005173158
53.84831000589267  20 5 4 14.848310005892671
54.405010006069375  16 9 2 9.405010006069375
54.54342000611331  4 8 5 13.543420006113308
56.225660006647274  30 7 4 17.225660006647274
56.68310000679247  54 8 8 18.683100006792472
56.76719000681916  23 4 2 6.767190006819163
56.98050000688687  18 3 3 13.98050000688687
57.43483000703108  82 5 5 19.43483000703108
59.015210007532716  11 8 5 13.015210007532716
59.03120000753779  79 5 3 10.031200007537791
61.84893000843218  31 3 3 13.848930008432177
62.48079000863274  76 5 5 15.480790008632738
62.564650008659356  48 5 4 15.564650008659356
62.75117000871856  0 7 4 17.75117000871856
63.78505000904673  38 7 3 14.785050009046728
64.2273000091871  35 9 7 14.227300009187104
67.11321001010313  13 6 5 22.11321001010313
71.30392001143332  90 4 3 21.30392001143332
71.98189001164852  68 5 5 24.981890011648517
75.22259001267716  89 3 3 25.22259001267716
