6.656769999917158  93 8 4 5.656769999917158
7.520159999884472  30 9 9 6.520159999884472
9.522499999808668  98 3 3 8.522499999808668
12.080539999711826  67 7 6 10.080539999711826
12.434509999698426  45 7 6 11.434509999698426
13.142439999671625  73 9 4 11.142439999671625
13.189759999669834  92 3 2 9.189759999669834
16.845769999531427  4 5 4 13.845769999531427
17.00258999952549  41 5 4 13.00258999952549
17.453099999508435  34 5 3 14.453099999508435
18.122519999483092  10 6 6 15.122519999483092
19.06295999944749  56 3 3 16.06295999944749
19.191259999442632  50 7 7 16.191259999442632
20.686999999386007  48 8 6 14.686999999386007
21.608729999351112  31 6 6 15.608729999351112
22.083929999333122  13 5 3 11.083929999333122
23.330589999285927  25 8 3 14.330589999285927
23.470389999280634  58 9 6 16.470389999280634
26.944399999149116  69 6 5 19.944399999149116
27.731809999119307  57 4 2 16.731809999119307
28.474319999091197  2 6 4 20.474319999091197
29.35856999905772  18 4 2 19.35856999905772
29.41904999905543  88 3 3 22.41904999905543
29.46108999905384  59 9 4 20.46108999905384
32.056919998975786  15 6 5 20.056919998975786
32.37465999907664  24 5 4 20.37465999907664
33.01527999927998  63 7 6 23.015279999279983
33.21972999934488  28 8 4 25.219729999344878
34.92160999988508  9 9 7 26.921609999885078
35.193829999971484  78 4 3 23.193829999971484
37.690620000764  72 9 2 22.690620000764
38.2961500009562  33 3 3 24.296150000956203
38.47705000101362  38 7 7 26.477050001013623
38.98017000117332  26 4 3 14.98017000117332
39.082350001205754  6 7 7 25.082350001205754
39.978760001490286  66 9 4 25.978760001490286
41.566430001994235  68 7 7 28.566430001994235
42.42362000226632  54 7 4 25.42362000226632
42.7430200023677  97 4 2 28.7430200023677
44.495200002923866  74 7 5 29.495200002923866
44.66927000297912  89 8 7 30.66927000297912
45.81695000334341  76 5 4 28.816950003343408
45.948250003385084  70 5 2 23.948250003385084
46.26257000348485  60 3 2 19.262570003484853
46.911510003690836  64 5 3 21.911510003690836
48.5297800042045  79 5 2 30.529780004204497
50.0527300046879  14 7 2 26.052730004687902
51.008970004991426  42 7 5 27.008970004991426
51.12126000502707  87 3 3 21.121260005027068
51.85031000525848  55 5 2 24.85031000525848
52.263860005389745  35 8 8 31.263860005389745
52.54323000547842  95 7 4 24.54323000547842
54.03006000595036  71 6 3 16.03006000595036
54.445430006082205  81 3 3 31.445430006082205
54.70709000616526  7 3 2 15.70709000616526
55.43604000639664  51 8 8 32.43604000639664
56.308770006673655  32 7 6 28.308770006673655
57.56953000707384  61 4 3 27.569530007073837
57.68050000710906  84 6 4 25.68050000710906
57.87646000717126  86 3 2 28.87646000717126
58.59370000739892  5 6 6 30.593700007398922
59.922350007820654  90 7 2 23.922350007820654
61.523540008328894  77 4 3 31.523540008328894
62.703960008703575  23 7 7 32.703960008703575
62.80763000873648  94 8 8 31.80763000873648
63.50272000895711  11 4 3 28.502720008957112
63.52553000896435  39 3 2 21.525530008964353
63.72418000902741  85 8 7 31.724180009027407
63.89948000908305  3 4 4 29.89948000908305
65.86638000970737  46 7 3 25.86638000970737
65.86787000970784  82 4 3 28.867870009707843
67.48371001022073  53 6 2 25.483710010220733
68.0110100103881  22 3 2 29.011010010388105
69.03294001071248  8 7 4 35.03294001071248
70.38062001114025  91 6 6 31.380620011140252
70.54739001119319  16 8 7 36.54739001119319
70.60330001121093  0 7 2 30.603300011210933
72.33033001175912  17 6 6 33.330330011759116
73.52416001213805  20 6 3 28.524160012138054
73.81677001223093  43 6 5 28.816770012230933
74.4190300124221  49 7 6 34.4190300124221
74.92838001258377  62 6 6 35.92838001258377
75.50706001276745  21 8 8 35.507060012767454
75.84174001287369  96 5 2 33.841740012873686
77.07224001326426  83 9 4 35.07224001326426
77.17592001329717  47 4 2 36.17592001329717
77.44929001338394  29 8 5 35.449290013383944
77.6643100134522  12 7 7 30.664310013452194
79.14067001392081  27 6 4 36.14067001392081
80.08882001422177  36 3 3 32.08882001422177
80.34258001430231  99 5 5 40.342580014302314
81.38541001463332  40 7 7 34.38541001463332
82.55930001500593  80 6 3 33.55930001500593
82.93801001512614  19 5 3 32.93801001512614
83.45764001529108  52 3 3 34.45764001529108
83.57418001532807  44 3 3 34.57418001532807
83.96167001545106  1 3 3 38.96167001545106
85.00539001578235  65 4 3 36.00539001578235
86.6869500163161  37 4 4 36.6869500163161
87.56091001659351  75 6 6 37.56091001659351
