1.2251399999995587  64 8 3 0.2251399999995587
4.835009999986125  12 7 2 2.8350099999861254
4.877989999984498  29 7 3 4.877989999984498
5.428609999963653  36 5 5 4.428609999963653
6.757719999913336  35 5 3 4.757719999913336
8.552399999845393  45 8 2 1.5523999998453935
11.928489999717582  33 6 3 8.928489999717582
12.018699999714167  40 3 2 6.018699999714167
12.82451999968366  62 7 7 10.82451999968366
14.09483999963557  14 5 4 10.09483999963557
15.448649999584317  76 8 8 12.448649999584317
15.988779999563869  5 9 6 7.988779999563869
16.207449999555593  23 7 3 6.2074499995555925
18.61731999946436  32 6 6 14.61731999946436
20.36913999939804  99 9 7 16.36913999939804
20.40161999939681  81 4 4 17.40161999939681
22.33303999932369  28 5 4 12.333039999323692
22.930639999301068  92 9 6 14.930639999301068
22.996169999298587  60 6 4 7.996169999298587
24.604939999237683  53 6 6 18.604939999237683
24.692549999234366  75 4 3 11.692549999234366
25.036579999221342  8 8 5 15.036579999221342
25.683669999196844  63 8 8 17.683669999196844
26.478129999166768  73 3 3 13.478129999166768
28.31890999909708  10 7 7 20.31890999909708
29.19716999906383  70 6 6 21.19716999906383
29.789859999041393  26 3 3 13.789859999041393
30.437239999016885  6 5 5 13.437239999016885
31.483339998977282  9 6 3 13.483339998977282
32.36774999907445  22 9 2 12.367749999074448
32.48494999911165  72 9 7 15.484949999111649
33.89604999955955  59 3 3 17.89604999955955
34.05996999961158  69 9 5 16.05996999961158
35.17567999996572  7 8 5 17.175679999965723
36.17291000028226  56 6 2 15.172910000282258
37.42122000067849  93 6 3 17.42122000067849
40.210280001563774  21 7 6 21.210280001563774
40.40231000162473  80 4 3 21.402310001624727
41.16154000186572  27 8 2 12.161540001865717
41.42174000194831  37 9 7 16.421740001948308
41.47206000196428  94 8 2 16.47206000196428
42.35935000224592  50 8 6 15.359350002245918
42.50375000229175  55 8 5 21.503750002291753
43.11716000248646  16 8 5 23.117160002486457
43.27781000253745  58 6 2 15.27781000253745
43.53397000261876  71 5 4 16.53397000261876
43.616630002644996  19 6 5 17.616630002644996
44.647960002972354  66 3 2 15.647960002972354
45.25045000316359  83 8 5 21.250450003163593
45.42986000322054  65 9 4 19.42986000322054
45.88944000336642  11 5 4 13.889440003366417
45.91975000337604  39 3 3 12.919750003376038
46.470690003550914  3 9 7 26.470690003550914
46.99724000371805  52 4 3 20.997240003718048
48.0402100040491  96 5 3 15.0402100040491
48.748920004274055  25 6 3 23.748920004274055
48.85892000430897  97 6 3 20.85892000430897
49.05824000437224  38 9 4 16.058240004372237
49.41230000448462  86 3 2 20.41230000448462
49.89180000463682  1 4 2 14.89180000463682
49.89485000463779  84 7 3 13.894850004637789
50.075300004695066  13 3 3 17.075300004695066
50.39555000479672  95 3 3 17.395550004796718
51.128430005029344  31 6 3 17.128430005029344
52.640910005509426  67 4 2 21.640910005509426
53.152130005671694  48 3 2 15.152130005671694
54.23449000601525  49 3 2 20.23449000601525
54.26276000602422  44 8 2 15.262760006024223
54.44677000608263  68 4 3 21.44677000608263
55.48567000641239  54 7 3 20.48567000641239
56.38212000669694  0 3 3 24.382120006696937
59.024220007535575  51 4 2 20.024220007535575
59.19577000759003  42 9 7 25.195770007590028
59.53442000769752  24 8 4 20.53442000769752
59.909250007816496  2 8 4 19.909250007816496
60.74783000808267  91 3 2 16.747830008082673
60.915130008135776  61 7 7 23.915130008135776
60.917110008136405  18 5 4 25.917110008136405
62.26665000856477  41 4 2 26.266650008564767
62.90736000876814  30 5 2 17.907360008768137
63.16763000885075  98 8 2 22.16763000885075
63.4746400089482  85 8 7 24.4746400089482
65.30746000952996  87 3 3 30.30746000952996
66.8620200100234  78 7 3 20.8620200100234
67.60780001026012  82 9 4 23.60780001026012
67.79763001032038  79 4 3 23.797630010320376
67.86698001034239  43 8 6 21.866980010342388
68.64792001059027  57 8 2 27.64792001059027
69.19255001076314  15 3 3 29.192550010763142
69.2195200107717  46 6 5 24.219520010771703
69.73505001093534  4 9 7 29.73505001093534
72.05042001167027  20 4 4 30.05042001167027
72.43808001179332  17 4 3 23.438080011793318
72.78945001190485  74 8 6 24.789450011904847
73.1686200120252  89 9 7 24.1686200120252
73.4884000121267  47 8 6 23.488400012126704
76.21350001299169  34 9 9 27.213500012991688
77.27322001332806  90 3 3 31.273220013328057
77.29145001333384  88 5 3 27.291450013333844
79.78621001412571  77 3 3 31.786210014125714
