2.6636200000089825  36 7 4 1.6636200000089825
3.710540000015841  48 4 2 3.710540000015841
4.556159999996682  30 3 2 2.556159999996682
5.70657999995313  38 9 5 2.7065799999531297
8.389339999851567  72 3 2 5.3893399998515665
8.83037999983487  56 9 5 6.83037999983487
9.136029999823299  96 6 3 3.1360299998232986
9.27703999981796  53 3 3 9.27703999981796
10.083939999787413  73 8 4 5.083939999787413
10.402159999775366  9 7 6 2.4021599997753658
11.005029999752542  2 6 2 5.0050299997525425
11.43220999973637  26 9 3 2.4322099997363704
12.981279999677726  95 9 9 12.981279999677726
13.530759999656924  22 6 4 2.530759999656924
13.57259999965534  60 5 5 10.57259999965534
14.560209999617951  20 7 4 2.5602099996179515
15.664799999576134  21 3 2 7.664799999576134
16.21038999955548  34 8 4 7.210389999555481
16.720919999536154  78 7 6 7.720919999536154
17.13491999952048  83 4 3 8.13491999952048
17.455249999508354  23 8 2 1.4552499995083537
18.720279999460463  10 6 3 8.720279999460463
19.054689999447803  17 8 3 5.0546899994478025
19.621929999426328  98 5 4 11.621929999426328
19.642349999425555  49 7 2 10.642349999425555
20.12268999940737  32 7 6 7.1226899994073705
20.304539999400486  40 3 2 6.304539999400486
21.097029999370484  6 5 2 5.097029999370484
21.135619999369023  79 6 2 9.135619999369023
21.79845999934393  44 8 4 9.79845999934393
24.177779999253854  86 8 2 6.177779999253854
24.31316999924873  89 9 8 10.313169999248728
24.806459999230054  51 4 2 10.806459999230054
25.37868999920839  37 7 5 9.37868999920839
25.90566999918844  65 5 2 7.90566999918844
25.948359999186824  42 4 4 8.948359999186824
27.267149999136898  64 3 3 12.267149999136898
27.368089999133076  77 7 2 9.368089999133076
27.657589999122116  11 5 5 9.657589999122116
28.173699999102578  33 9 6 11.173699999102578
28.355799999095684  13 5 3 9.355799999095684
29.190489999064084  7 7 4 11.190489999064084
29.258939999061493  52 8 3 9.258939999061493
30.4051199990181  0 8 2 11.405119999018101
30.689539999007334  31 3 3 12.689539999007334
31.10727999899152  19 8 6 11.107279998991519
31.667169998970323  66 4 4 15.667169998970323
32.30010999905298  91 5 2 12.300109999052978
32.963709999263614  43 6 4 6.963709999263614
33.747769999512485  94 9 7 12.747769999512485
33.859359999547905  15 9 3 8.859359999547905
34.178189999649106  4 4 4 15.178189999649106
34.186089999651614  54 3 2 7.186089999651614
35.00427999991132  62 7 6 10.004279999911319
35.17449999996535  70 6 3 6.174499999965349
35.42798000004581  46 3 2 9.427980000045807
35.826350000172255  55 9 4 9.826350000172255
36.573420000409385  84 8 2 7.573420000409385
36.96784000053458  24 8 2 11.96784000053458
37.91100000083395  63 9 8 15.911000000833951
39.38709000130248  75 6 5 10.387090001302482
39.98438000149207  88 7 6 13.98438000149207
41.201170001878296  90 7 6 11.201170001878296
41.39825000194085  59 8 7 15.398250001940852
43.148880002496526  76 4 3 12.148880002496526
43.681340002665536  57 7 7 16.681340002665536
44.23524000284135  41 9 8 14.235240002841351
44.94276000306593  61 8 4 13.942760003065928
45.829830003347496  25 8 4 14.829830003347496
45.92539000337783  71 9 2 10.925390003377828
46.16383000345351  5 3 2 14.163830003453512
47.77318000396434  74 5 3 16.77318000396434
47.86722000399419  93 8 8 18.86722000399419
47.970570004026996  16 4 2 12.970570004026996
49.5543300045297  18 6 3 15.554330004529703
50.482620004824355  47 9 3 16.482620004824355
51.75116000522701  85 7 3 15.751160005227007
51.8680100052641  3 9 2 8.868010005264097
52.157440005355966  69 4 2 10.157440005355966
52.298200005400645  12 3 3 13.298200005400645
52.411270005436535  50 3 3 22.411270005436535
52.659650005515374  27 9 3 16.659650005515374
52.7422700055416  58 4 2 12.742270005541599
53.50641000578415  1 4 4 19.506410005784147
54.47103000609033  80 9 5 10.47103000609033
55.182890006316285  8 6 5 10.182890006316285
55.493270006414804  87 5 5 14.493270006414804
57.43599000703145  99 6 3 7.4359900070314495
57.563630007071964  39 4 4 20.563630007071964
57.565110007072434  97 3 3 20.565110007072434
58.17226000726515  45 8 5 17.17226000726515
58.25379000729103  67 3 3 18.25379000729103
60.187150007904705  29 4 3 18.187150007904705
60.59257000803339  35 8 6 17.59257000803339
60.80301000810019  28 8 4 14.803010008100188
60.87731000812377  68 3 3 17.87731000812377
63.37924000891792  82 5 5 17.379240008917918
64.54984000928948  81 5 2 17.549840009289483
66.19375000981128  92 9 6 17.193750009811282
68.03185001039472  14 6 6 21.03185001039472
