1.2104199999994623  76 4 2 1.2104199999994623
2.520660000008046  42 6 4 0.5206600000080459
4.5100799999984265  5 7 6 4.5100799999984265
7.131429999899188  71 7 2 3.131429999899188
8.416419999850541  46 7 2 6.416419999850541
8.708729999839475  36 3 2 8.708729999839475
11.117739999748276  51 4 3 10.117739999748276
13.747429999648721  98 8 4 11.747429999648721
14.61124999961602  8 9 3 3.6112499996160192
15.371359999587243  67 7 7 13.371359999587243
15.526179999581382  24 4 4 7.526179999581382
15.791339999571344  87 9 2 4.791339999571344
16.185489999556424  57 8 8 13.185489999556424
17.32667999951322  47 8 6 13.326679999513221
17.521439999505848  2 9 9 10.521439999505848
17.56044999950437  26 3 3 6.560449999504371
18.076679999484828  28 6 4 15.076679999484828
18.96444999945122  32 6 2 6.964449999451219
20.377939999397707  68 8 4 9.377939999397707
21.24218999936499  75 7 5 10.242189999364989
21.35232999936082  88 7 4 8.352329999360819
22.070319999333638  30 4 2 7.070319999333638
23.362679999284712  19 6 2 8.362679999284712
23.376269999284197  48 3 3 16.376269999284197
23.609579999275365  11 3 2 6.609579999275365
23.618639999275022  10 6 5 11.618639999275022
24.14907999925494  79 5 3 12.14907999925494
24.4486099992436  9 3 3 4.448609999243601
27.065599999144528  74 3 2 7.065599999144528
27.460239999129588  85 6 6 18.460239999129588
27.6844099991211  7 5 2 8.684409999121101
27.76950999911788  31 5 5 10.76950999911788
27.95887999911071  40 9 9 7.95887999911071
29.83696999903961  62 4 2 8.83696999903961
29.838709999039544  84 5 5 10.838709999039544
31.515159998976078  60 5 3 7.515159998976078
32.07784999898243  34 4 4 10.07784999898243
32.66663999916932  13 8 5 12.66663999916932
32.77793999920465  73 8 4 10.777939999204648
32.83068999922139  82 7 3 9.830689999221391
32.90244999924417  70 5 3 10.902449999244169
34.79763999984573  45 6 5 11.797639999845728
35.07928999993513  27 7 6 12.079289999935128
35.73620000014364  44 7 3 8.73620000014364
35.893420000193544  83 8 8 12.893420000193544
36.71277000045362  90 4 3 9.712770000453617
37.64257000074875  96 3 3 14.642570000748748
37.73687000077868  14 8 4 12.73687000077868
37.904020000831736  59 9 4 11.904020000831736
38.782870001110695  6 7 7 12.782870001110695
39.523450001345765  33 5 4 11.523450001345765
39.6877100013979  61 7 3 11.687710001397903
40.46416000164436  38 6 5 15.464160001644359
41.185980001873475  16 3 2 13.185980001873475
41.44970000195718  86 6 5 15.449700001957183
44.65390000297424  37 5 2 12.65390000297424
44.81250000302458  69 8 3 15.812500003024581
44.84650000303537  93 9 4 14.846500003035374
45.37253000320234  21 3 3 13.372530003202343
46.3109100035002  89 7 6 19.310910003500197
47.06013000373801  91 8 6 18.06013000373801
48.111420004071704  20 9 2 15.111420004071704
48.1277800040769  99 5 4 19.127780004076897
48.32970000414099  56 9 4 16.32970000414099
49.12958000439488  15 6 5 18.12958000439488
49.16842000440721  41 8 2 17.16842000440721
49.63616000455568  95 9 7 19.636160004555677
51.210690005055454  78 3 2 13.210690005055454
52.46198000545263  25 7 5 21.46198000545263
52.79223000555746  63 5 4 17.792230005557457
53.54913000579771  58 4 3 14.549130005797707
55.40092000638549  55 5 5 16.40092000638549
56.00149000657612  49 9 6 24.00149000657612
57.48650000704748  4 4 2 22.486500007047482
57.694160007113396  1 5 3 21.694160007113396
57.897690007178  92 7 3 12.897690007178
58.027030007219054  94 3 3 24.027030007219054
58.16069000726148  53 3 2 22.16069000726148
58.79980000746434  66 3 3 24.79980000746434
59.057170007546034  97 6 4 23.057170007546034
59.30416000762443  29 8 7 20.304160007624432
59.63627000772985  39 4 4 18.63627000772985
60.70215000806817  35 8 3 15.702150008068173
61.31143000826157  80 6 5 21.311430008261567
61.43271000830006  12 8 2 15.432710008300063
62.17574000853591  18 6 2 16.17574000853591
62.39482000860545  65 5 3 17.39482000860545
64.2739000092019  3 9 7 23.273900009201896
65.06836000945407  52 4 2 24.068360009454068
68.17238001043933  72 6 5 21.172380010439326
70.06840001104115  64 4 2 26.06840001104115
70.30850001111736  81 4 2 20.30850001111736
70.76466001126215  77 5 5 29.76466001126215
71.35565001144974  17 5 5 24.35565001144974
72.25882001173642  43 8 3 22.258820011736418
73.13918001201586  54 7 5 27.139180012015856
73.46577001211952  0 5 3 23.46577001211952
74.8752200125669  22 6 6 25.8752200125669
75.96384001291244  50 8 6 26.963840012912442
77.38592001336383  23 8 8 28.38592001336383
