4.575689999995943  93 6 4 2.5756899999959426
4.626929999994003  39 8 3 4.626929999994003
4.762089999988886  42 9 7 3.762089999988886
6.350249999928762  86 4 3 5.350249999928762
6.616249999918692  71 4 4 5.616249999918692
6.835139999910405  72 3 2 5.835139999910405
7.723289999876782  29 9 7 5.723289999876782
7.84457999987219  38 7 2 3.84457999987219
8.46398999984874  48 9 2 1.4639899998487405
12.463349999697334  9 4 3 9.463349999697334
12.59576999969232  90 7 5 9.59576999969232
13.998719999639208  64 7 4 6.998719999639208
14.017899999638482  68 6 2 5.017899999638482
14.055019999637077  40 3 3 10.055019999637077
14.309929999627427  0 4 2 5.3099299996274265
15.980619999564178  37 4 3 2.980619999564178
16.206669999555622  2 9 6 8.206669999555622
16.96061999952708  70 7 2 5.960619999527079
17.31953999951349  30 4 4 12.319539999513491
17.601489999502817  44 6 5 11.601489999502817
20.474139999394065  43 7 7 8.474139999394065
21.70971999934729  67 4 2 9.70971999934729
21.917109999339438  16 6 5 11.917109999339438
22.822089999305177  85 5 3 7.822089999305177
23.449509999281425  24 3 2 7.449509999281425
25.539669999202296  20 6 6 10.539669999202296
26.1734799991783  78 3 2 13.173479999178301
26.750529999156456  22 4 3 15.750529999156456
26.970309999148135  12 6 6 9.970309999148135
28.009159999108807  34 5 3 10.009159999108807
28.257759999099395  98 5 2 9.257759999099395
29.504199999052208  52 5 2 13.504199999052208
30.276639999022965  89 9 3 8.276639999022965
31.715939998968476  58 6 6 16.715939998968476
32.88030999923714  69 9 7 15.880309999237141
34.01774999959818  18 8 6 12.01774999959818
35.609600000103455  65 8 2 12.609600000103455
35.82642000017228  36 3 3 14.826420000172277
38.48352000101568  66 9 8 17.483520001015677
38.58610000104824  6 9 9 14.586100001048237
40.240400001573335  75 5 4 19.240400001573335
40.82304000175827  7 9 4 13.823040001758272
41.97456000212378  10 8 6 15.97456000212378
43.155210002498535  4 9 6 15.155210002498535
44.44440000290774  81 6 3 14.444400002907742
44.80556000302238  55 3 2 11.805560003022379
46.13496000344435  11 6 5 16.13496000344435
46.41557000353342  79 9 9 20.415570003533418
46.92837000369619  84 9 6 15.928370003696187
48.97546000434596  94 7 5 15.975460004345962
49.58028000453794  46 6 3 17.58028000453794
50.20095000473495  59 9 7 20.20095000473495
50.290320004763316  1 9 3 19.290320004763316
53.66306000583387  13 3 2 19.66306000583387
53.78464000587246  17 5 5 17.78464000587246
55.009170006261144  31 4 3 20.009170006261144
55.33287000636389  32 6 5 22.33287000636389
55.845460006526594  19 7 5 22.845460006526594
56.55966000675329  62 7 7 23.55966000675329
56.66658000678723  99 8 4 22.66658000678723
56.877400006854145  5 8 7 22.877400006854145
57.771280007137875  88 9 3 20.771280007137875
58.00310000721146  3 7 4 23.003100007211458
58.80894000746724  26 6 4 19.808940007467243
61.67938000837836  15 9 3 21.67938000837836
62.48841000863516  74 5 5 28.488410008635157
62.8672400087554  45 8 2 24.867240008755402
63.35331000890969  8 8 4 27.353310008909688
63.52833000896524  92 5 4 26.52833000896524
63.87424000907504  53 4 3 21.874240009075038
64.4559900092597  49 7 4 23.455990009259693
65.06295000945235  35 6 4 26.06295000945235
65.85901000970503  82 7 2 21.85901000970503
65.9357700097294  77 6 4 23.935770009729396
67.05553001008482  23 8 5 30.055530010084823
67.86530001034185  28 4 3 27.865300010341855
68.61775001058069  56 6 6 32.61775001058069
69.41981001083528  83 9 4 27.419810010835278
70.25058001109898  57 8 8 32.250580011098975
71.79793001159013  76 5 5 30.797930011590125
72.07469001167797  54 8 6 30.074690011677973
74.00782001229157  60 7 3 31.007820012291575
74.56687001246902  87 9 6 32.566870012469025
74.92987001258425  51 5 4 29.929870012584246
76.08327001295035  14 3 3 31.08327001295035
76.49443001308086  73 8 8 33.49443001308086
76.62014001312076  95 8 2 27.62014001312076
78.40574001368753  41 6 4 34.405740013687534
78.41839001369155  91 5 5 35.41839001369155
79.37102001399393  21 6 6 34.37102001399393
80.55129001436856  61 8 4 34.55129001436856
82.40650001495743  63 3 3 38.40650001495743
82.50541001498883  25 8 6 36.505410014988826
82.51967001499335  47 9 7 36.51967001499335
84.85413001573434  80 5 5 39.85413001573434
88.047630016748  27 9 6 39.047630016748
89.01964001705653  33 5 4 39.01964001705653
90.41723001750015  97 6 6 43.417230017500145
92.80962001825952  50 5 4 42.80962001825952
93.1595800183706  96 5 5 45.159580018370605
