0.8859599999986028  9 7 5 0.8859599999986028
3.715730000015875  98 3 2 1.715730000015875
5.693739999953616  2 6 4 2.693739999953616
6.141539999936663  36 3 3 6.141539999936663
6.264389999932012  71 7 4 5.264389999932012
6.760569999913228  17 8 4 2.760569999913228
7.032679999902927  64 5 5 6.032679999902927
9.384619999813888  43 9 2 3.3846199998138875
10.000429999790574  35 8 7 7.000429999790574
11.300489999741357  99 7 2 6.300489999741357
12.011089999714455  88 8 4 8.011089999714455
13.037549999675596  62 8 4 9.037549999675596
13.292209999665955  27 3 3 5.292209999665955
13.526859999657072  18 4 2 5.526859999657072
14.179449999632366  66 6 2 5.179449999632366
14.717909999611981  53 5 3 6.717909999611981
16.706809999536688  80 3 2 6.706809999536688
18.264899999477702  42 7 5 13.264899999477702
18.68305999946187  40 9 3 6.683059999461872
18.91109999945324  63 8 6 10.911099999453238
19.128119999445023  33 3 3 11.128119999445023
19.950339999413895  61 7 2 8.950339999413895
20.21986999940369  13 4 4 13.219869999403691
20.921569999377127  52 4 3 9.921569999377127
22.6445399993119  67 7 4 9.644539999311899
22.665799999311094  90 4 2 10.665799999311094
22.69153999931012  72 9 9 14.69153999931012
22.844369999304334  89 3 2 4.844369999304334
23.17335999929188  54 9 2 10.173359999291879
23.35344999928506  86 8 3 12.353449999285061
23.56005999927724  31 6 2 6.5600599992772395
23.821379999267347  94 5 4 10.821379999267347
24.60769999923758  29 9 8 9.607699999237578
24.92806999922545  21 9 6 8.92806999922545
25.434819999206265  15 6 2 10.434819999206265
25.69645999919636  0 3 3 11.69645999919636
26.052419999182884  95 3 3 9.052419999182884
26.22872999917621  19 3 3 8.22872999917621
26.49686999916606  97 8 4 8.496869999166059
27.527939999127025  60 8 5 11.527939999127025
27.669779999121655  30 4 2 6.669779999121655
28.226099999100594  32 7 4 7.226099999100594
29.581189999049293  34 9 6 10.581189999049293
31.34870999898238  12 6 2 8.348709998982379
32.48368999911125  49 3 3 12.483689999111249
32.73380999919064  96 4 2 12.73380999919064
34.26782999967756  39 6 5 13.26782999967756
34.28549999968317  6 7 2 10.285499999683168
34.46062999973876  16 5 3 12.460629999738757
36.59344000041574  83 9 6 15.59344000041574
39.13852000122358  91 6 4 13.138520001223583
39.773280001425064  74 3 3 17.773280001425064
39.92801000147418  14 9 5 11.928010001474178
40.40116000162436  4 3 3 16.401160001624362
41.7024100020374  48 9 3 17.702410002037396
42.560370002309725  44 4 4 19.560370002309725
42.89694000241656  45 4 3 14.896940002416557
43.64493000265398  81 5 3 12.644930002653979
45.629990003284064  28 8 8 22.629990003284064
45.86428000335843  70 7 2 21.86428000335843
47.80499000397444  8 6 5 21.80499000397444
48.1211800040748  73 3 2 15.121180004074802
48.25513000411732  47 8 7 20.25513000411732
48.95621000433985  7 8 4 17.95621000433985
49.06171000437334  25 4 2 18.06171000437334
49.17522000440937  55 3 3 15.175220004409368
49.82442000461543  56 5 2 12.824420004615433
50.0212100046779  79 7 6 21.021210004677897
50.24069000474756  37 3 3 14.240690004747563
51.09701000501937  5 7 4 14.09701000501937
51.420990005122206  68 4 4 21.420990005122206
52.714630005532825  38 4 3 18.714630005532825
52.89086000558876  77 8 5 19.890860005588763
53.291230005715846  51 4 4 22.291230005715846
54.19770000600357  92 7 2 15.197700006003572
54.85510000621224  50 6 5 21.85510000621224
56.431140006712496  23 4 2 19.431140006712496
57.37793000701302  57 5 5 23.37793000701302
58.62590000740914  58 7 5 19.625900007409143
59.44548000766929  78 9 4 19.44548000766929
60.1386200078893  75 3 3 23.1386200078893
60.156720007895046  26 7 2 18.156720007895046
60.2350200079199  65 8 4 21.2350200079199
60.429990007981786  59 6 3 12.429990007981786
63.21552000886595  76 3 2 18.21552000886595
63.22627000886936  3 6 4 23.226270008869363
63.504460008957665  41 9 8 25.504460008957665
65.79664000968523  11 7 6 20.796640009685234
66.18011000980695  69 3 3 22.180110009806953
66.55645000992641  84 3 2 27.556450009926408
67.78474001031628  85 4 4 26.784740010316284
72.01832001166008  10 6 6 28.01832001166008
72.26653001173887  82 4 4 24.266530011738865
72.3923600117788  22 7 3 25.392360011778806
73.19590001203386  1 6 4 23.19590001203386
73.21256001203915  87 7 6 32.21256001203915
73.74724001220886  20 5 4 24.747240012208863
74.31992001239064  93 8 6 27.31992001239064
77.83945001350779  46 7 5 29.839450013507786
78.64494001376346  24 3 3 32.64494001376346
