2.0965900000052677  94 5 3 1.0965900000052677
4.397560000002686  33 6 2 4.397560000002686
4.620769999994236  99 4 3 4.620769999994236
7.832719999872639  20 3 2 5.832719999872639
8.672439999840849  93 4 3 8.672439999840849
9.624699999804799  76 6 4 8.624699999804799
12.580619999692894  31 8 3 10.580619999692894
12.705809999688155  32 6 2 7.705809999688155
17.794849999495497  58 3 2 6.794849999495497
18.94094999945211  62 3 3 9.940949999452108
19.980779999412743  89 3 2 6.980779999412743
31.848859998963444  28 7 3 23.848859998963444
36.1988800002905  71 9 2 7.198880000290501
39.4813400013324  92 7 4 32.4813400013324
39.90526000146696  49 5 3 38.90526000146696
55.29096000635059  86 7 2 24.290960006350588
55.80584000651402  50 8 3 41.80584000651402
56.87594000685368  38 9 2 52.87594000685368
58.1815500072681  3 4 2 28.1815500072681
59.512730007690635  59 4 3 23.512730007690635
59.67721000774284  91 9 5 47.67721000774284
60.95406000814813  45 4 2 18.954060008148133
61.8887000084448  41 6 3 25.8887000084448
62.74398000871628  2 5 3 22.743980008716278
63.104130008830595  7 9 2 27.104130008830595
63.22000000886737  96 4 4 53.22000000886737
63.39702000892356  8 7 4 13.397020008923562
63.40923000892744  39 5 2 20.409230008927437
63.424880008932405  10 8 2 26.424880008932405
63.50390000895749  88 7 7 58.50390000895749
63.74222000903313  11 4 3 34.74222000903313
63.90576000908504  56 6 3 57.90576000908504
64.01249000911892  87 5 3 48.01249000911892
64.06362000913515  40 4 2 32.06362000913515
64.23414000918928  75 8 3 33.234140009189275
64.34314000922387  16 4 2 55.34314000922387
64.41887000924791  37 4 4 27.41887000924791
65.22735000950453  18 4 4 52.22735000950453
65.36726000954894  98 3 2 33.36726000954894
65.3964300095582  77 5 4 26.396430009558202
65.39879000955895  57 3 2 18.39879000955895
65.5256100095992  67 6 5 33.525610009599205
65.57025000961337  36 3 2 40.570250009613375
65.66195000964248  83 5 2 26.66195000964248
65.7448500096688  73 7 5 44.744850009668795
65.7924400096839  82 6 4 20.7924400096839
65.80810000968887  0 4 2 49.80810000968887
65.83705000969806  52 3 3 22.83705000969806
65.91958000972426  79 8 2 19.919580009724257
65.95331000973496  12 7 6 17.953310009734963
66.110970009785  95 3 3 50.11097000978501
66.13541000979276  64 9 5 21.135410009792764
66.15841000980006  84 3 2 30.158410009800065
66.22502000982121  43 3 2 52.22502000982121
66.24595000982785  44 5 3 28.24595000982785
66.49266000990616  55 7 3 56.49266000990616
66.78218000999806  78 3 2 18.782180009998058
66.8535100100207  66 9 5 16.8535100100207
67.04921001008282  4 7 5 26.049210010082817
67.17561001012294  1 8 5 44.17561001012294
67.34350001017623  9 5 3 34.34350001017623
67.3610400101818  47 9 7 44.361040010181796
67.44677001020901  26 8 6 54.44677001020901
67.48872001022232  54 7 5 50.48872001022232
67.61137001026125  13 8 6 34.611370010261254
67.7287300102985  60 9 8 45.728730010298506
67.83503001033225  29 8 7 28.835030010332247
67.86527001034185  65 8 6 41.865270010341845
67.89130001035011  69 4 3 49.89130001035011
67.95504001037034  85 8 3 44.95504001037034
68.08169001041054  34 9 5 25.08169001041054
68.14358001043018  68 9 6 34.143580010430185
68.20257001044891  19 5 3 47.20257001044891
68.31368001048418  61 9 5 23.313680010484177
68.36213001049956  21 7 4 60.362130010499556
68.41043001051489  23 3 2 43.41043001051489
68.45817001053004  97 6 2 50.45817001053004
68.53012001055288  25 6 6 26.530120010552878
68.56006001056238  5 5 5 43.56006001056238
68.58950001057173  90 4 3 42.589500010571726
68.59802001057443  70 8 3 62.59802001057443
68.96115001068969  24 3 3 46.96115001068969
69.32330001080464  27 4 4 44.323300010804644
69.68442001091927  30 7 7 20.68442001091927
70.0392600110319  48 3 3 59.0392600110319
70.37556001113865  72 4 4 51.375560011138646
70.71024001124488  51 7 6 60.71024001124488
71.04484001135108  17 7 5 58.044840011351084
71.37924001145723  63 4 4 55.37924001145723
71.71316001156322  80 6 6 23.713160011563218
72.04685001166914  42 7 7 38.046850011669136
72.38028001177497  15 6 6 27.38028001177497
72.71219001188032  81 7 7 24.712190011880324
73.04381001198558  22 9 9 42.043810011985585
73.37521001209078  74 8 6 55.375210012090776
73.69967001219376  14 4 3 46.699670012193764
74.0236300122966  6 5 4 55.02363001229659
74.34757001239942  53 4 4 50.347570012399416
74.66685001250076  46 9 3 32.66685001250076
74.81519001254784  35 6 5 64.81519001254784
