1.2104199999994623  76 4 2 1.2104199999994623
4.3737000000035895  71 7 2 0.3737000000035895
17.512219999506197  42 6 4 15.512219999506197
18.157619999481764  98 8 4 16.157619999481764
66.66831000996191  19 6 2 51.668310009961914
67.52530001023393  96 3 3 44.525300010233934
68.09864001041592  82 7 3 45.09864001041592
68.33766001049179  26 3 3 57.33766001049179
68.42831001052056  78 3 2 30.428310010520562
68.49383001054136  30 4 2 53.49383001054136
68.52581001055151  56 9 4 36.52581001055151
68.53550001055459  9 3 3 48.535500010554586
70.21974001108919  8 9 3 59.219740011089186
70.63648001122147  24 4 4 62.636480011221465
70.83780001128537  64 4 2 26.837800011285367
71.10837001137125  36 3 2 71.10837001137125
71.31398001143651  88 7 4 58.31398001143651
71.3703500114544  34 4 4 49.370350011454406
71.40674001146596  58 4 3 32.406740011465956
71.4777800114885  1 5 3 35.477780011488505
71.49502001149398  75 7 5 60.49502001149398
71.510830011499  57 8 8 68.510830011499
71.55467001151291  12 8 2 25.55467001151291
71.63377001153802  68 8 4 60.63377001153802
71.82435001159851  0 5 3 21.82435001159851
71.91624001162768  41 8 2 39.91624001162768
71.99050001165125  79 5 3 59.99050001165125
72.02307001166159  10 6 5 60.02307001166159
72.05800001167268  92 7 3 27.058000011672675
72.10053001168617  5 7 6 72.10053001168617
72.1182300116918  28 6 4 69.1182300116918
72.12428001169371  60 5 3 48.12428001169371
72.14766001170113  73 8 4 50.147660011701134
72.15104001170221  87 9 2 61.15104001170221
72.1541500117032  51 4 3 71.1541500117032
72.15771001170432  37 5 2 40.157710011704324
72.23874001173004  93 9 4 42.238740011730044
72.61989001185103  66 3 3 38.61989001185103
72.84764001192332  61 7 3 44.84764001192332
72.99927001197145  35 8 3 27.999270011971447
73.1484700120188  18 6 2 27.148470012018805
73.25060001205122  81 4 2 23.250600012051223
73.25066001205124  21 3 3 41.25066001205124
73.28514001206219  86 6 5 47.285140012062186
73.42290001210591  69 8 3 44.42290001210591
73.63291001217257  48 3 3 66.63291001217257
73.67747001218672  2 9 9 66.67747001218672
73.72131001220063  54 7 5 27.721310012200632
73.763440012214  99 5 4 44.763440012214005
73.82937001223493  16 3 2 45.82937001223493
73.8535300122426  20 9 2 40.8535300122426
73.8749400122494  38 6 5 48.8749400122494
73.92019001226376  80 6 5 33.92019001226376
73.93283001226777  52 4 2 32.93283001226777
73.94543001227177  45 6 5 50.94543001227177
73.97050001227973  85 6 6 64.97050001227973
73.99544001228765  67 7 7 71.99544001228765
74.0079000122916  46 7 2 72.0079000122916
74.03274001229948  31 5 5 57.032740012299485
74.0447500123033  47 8 6 70.0447500123033
74.11433001232538  4 4 2 39.11433001232538
74.2861000123799  13 8 5 54.286100012379904
74.49499001244621  53 3 2 38.49499001244621
74.54217001246118  44 7 3 47.542170012461185
74.58935001247616  63 5 4 39.58935001247616
74.683340012506  14 8 4 49.683340012505994
74.73020001252087  72 6 5 27.730200012520868
74.77682001253567  70 5 3 52.776820012535666
74.82249001255016  15 6 5 43.82249001255016
74.90190001257537  39 4 4 33.90190001257537
74.94117001258783  22 6 6 25.941170012587833
75.01957001261272  55 5 5 36.01957001261272
75.05833001262502  83 8 8 52.05833001262502
75.09504001263667  49 9 6 43.09504001263667
75.13153001264826  6 7 7 49.131530012648255
75.16802001265984  23 8 8 26.168020012659838
75.2038300126712  17 5 5 28.203830012671204
75.23905001268238  90 4 3 48.239050012682384
75.30790001270424  40 9 9 55.30790001270424
75.34134001271485  84 5 5 56.34134001271485
75.37317001272496  7 5 2 56.373170012724955
75.40414001273479  77 5 5 34.404140012734786
75.4350800127446  33 5 4 47.435080012744606
75.51259001276921  65 5 3 30.51259001276921
75.58935001279357  74 3 2 55.589350012793574
75.63913001280937  43 8 3 25.639130012809375
75.68852001282505  29 8 7 36.68852001282505
75.7375100128406  59 9 4 49.7375100128406
75.78496001285566  89 7 6 48.78496001285566
75.83181001287053  3 9 7 34.831810012870534
75.8786500128854  94 3 3 41.8786500128854
75.92501001290012  11 3 2 58.92501001290012
75.97085001291467  91 8 6 46.97085001291467
76.01624001292907  95 9 7 46.016240012929075
76.06149001294344  32 6 2 64.06149001294344
76.10666001295778  27 7 6 53.106660012957775
76.15032001297163  50 8 6 27.150320012971633
76.19363001298538  97 6 4 40.19363001298538
76.23683001299909  25 7 5 45.23683001299909
76.27913001301252  62 4 2 55.27913001301252
