8.519939999846622  72 3 2 5.519939999846622
8.660129999841315  38 9 5 5.660129999841315
9.178019999821709  9 7 6 1.178019999821709
35.68018000012586  23 8 2 19.68018000012586
54.61667000613656  91 5 2 34.61667000613656
55.72560000648855  24 8 2 30.72560000648855
55.873060006535354  51 4 2 41.873060006535354
56.55682000675239  20 7 4 44.55682000675239
56.67390000678955  10 6 3 46.67390000678955
57.24341000697032  22 6 4 46.24341000697032
57.49458000705005  71 9 2 22.494580007050047
58.59215000739843  47 9 3 24.59215000739843
58.67859000742587  40 3 2 44.67859000742587
59.098630007559194  86 8 2 41.098630007559194
59.14140000757277  13 5 3 40.14140000757277
59.39397000765294  52 8 3 39.39397000765294
59.44306000766852  80 9 5 15.443060007668521
59.734240007760945  18 6 3 25.734240007760945
59.838380007794  21 3 2 51.838380007794
59.90215000781424  12 3 3 20.902150007814242
59.982400007839715  45 8 5 18.982400007839715
60.09984000787699  77 7 2 42.09984000787699
60.13858000788929  84 8 2 31.13858000788929
60.563820008024265  83 4 3 51.563820008024265
60.56903000802592  43 6 4 34.56903000802592
61.03076000817248  37 7 5 45.03076000817248
61.26104000824557  11 5 5 43.26104000824557
61.719940008391234  97 3 3 24.719940008391234
62.206190008545576  75 6 5 33.206190008545576
62.20747000854598  54 3 2 35.20747000854598
62.207860008546106  42 4 4 45.207860008546106
62.38484000860228  99 6 3 12.384840008602282
62.44522000862145  34 8 4 53.44522000862145
62.49952000863868  67 3 3 22.499520008638683
62.51012000864205  29 4 3 20.510120008642048
62.51349000864312  68 3 3 19.513490008643117
62.51684000864418  85 7 3 26.51684000864418
62.523470008646285  4 4 4 43.523470008646285
62.52676000864733  44 8 4 50.52676000864733
62.53001000864836  8 6 5 17.53001000864836
62.536290008650354  5 3 2 30.536290008650354
62.54096000865184  26 9 3 53.54096000865184
62.6192900086767  96 6 3 56.6192900086767
62.62171000867747  98 5 4 54.62171000867747
62.62206000867758  73 8 4 57.62206000867758
62.622390008677684  81 5 2 15.622390008677684
62.622710008677785  69 4 2 20.622710008677785
62.70447000870374  92 9 6 13.704470008703737
62.78557000872948  1 4 4 28.78557000872948
63.017560008803116  58 4 2 23.017560008803116
63.0868100088251  15 9 3 38.0868100088251
63.223380008868446  76 4 3 32.223380008868446
63.41409000892898  65 5 2 45.41409000892898
63.70822000902234  55 9 4 37.70822000902234
64.0634800091351  79 6 2 52.063480009135105
64.41857000924782  61 8 4 33.418570009247816
64.76840000935886  94 9 7 43.76840000935886
64.9267000094091  93 8 8 35.9267000094091
65.2404800095087  32 7 6 52.2404800095087
65.39600000955807  60 5 5 62.396000009558065
65.55151000960743  33 9 6 48.551510009607426
65.84932000970196  16 4 2 30.849320009701955
65.99632000974862  7 7 4 47.996320009748615
66.08090000977546  30 3 2 64.08090000977546
66.18391000980816  89 9 8 52.18391000980816
66.20158000981377  64 3 3 51.20158000981377
66.21878000981923  66 4 4 50.21878000981923
66.23559000982456  28 8 4 20.235590009824563
66.37333000986828  36 7 4 65.37333000986828
66.45664000989473  0 8 2 47.45664000989473
66.53957000992105  78 7 6 57.53957000992105
66.61654000994548  90 7 6 36.61654000994548
66.68176000996618  87 5 5 25.681760009966183
66.74113000998503  62 7 6 41.74113000998503
66.7911200100009  48 4 2 66.7911200100009
66.81450001000832  35 8 6 23.814500010008317
66.83787001001573  49 7 2 57.837870010015735
66.86119001002314  46 3 2 40.86119001002314
66.90688001003764  50 3 3 36.90688001003764
66.91815001004122  3 9 2 23.918150010041217
66.92474001004331  63 9 8 44.92474001004331
66.930060010045  6 5 2 50.930060010045
66.93441001004638  95 9 9 66.93441001004638
66.93719001004726  53 3 3 66.93719001004726
66.96794001005702  27 9 3 30.96794001005702
66.99835001006667  25 8 4 35.99835001006667
67.02876001007633  57 7 7 40.028760010076326
67.05903001008593  41 9 8 37.059030010085934
67.0888400100954  39 4 4 30.088840010095396
67.11832001010475  19 8 6 47.11832001010475
67.1471200101139  56 9 5 65.1471200101139
67.1739000101224  31 3 3 49.173900010122395
67.19949001013052  88 7 6 41.19949001013052
67.22048001013718  17 8 3 53.22048001013718
67.24117001014375  14 6 6 20.241170010143748
67.26101001015004  2 6 2 61.261010010150045
67.27735001015523  59 8 7 41.27735001015523
67.29280001016014  74 5 3 36.292800010160136
67.3078300101649  70 6 3 38.307830010164906
67.31282001016649  82 5 5 21.31282001016649
