68.66178001059467  87 3 3 38.66178001059467
68.96700001069155  53 6 2 26.96700001069155
71.01295001134096  96 5 2 29.012950011340962
74.00797001229162  18 4 2 64.00797001229162
74.30359001238546  90 7 2 38.303590012385456
74.37258001240735  60 3 2 47.372580012407354
75.581230012791  7 3 2 36.581230012790996
75.71914001283477  13 5 3 64.71914001283477
75.96803001291377  78 4 3 63.96803001291377
77.65823001345026  3 4 4 43.658230013450265
77.76521001348422  38 7 7 65.76521001348422
80.58913001438057  54 7 4 63.58913001438057
80.74825001443108  71 6 3 42.74825001443108
80.85074001446361  36 3 3 32.85074001446361
80.90140001447969  98 3 3 79.90140001447969
80.95205001449577  0 7 2 40.95205001449577
81.10389001454396  4 5 4 78.10389001454396
81.2545900145918  56 3 3 78.2545900145918
81.69926001473294  45 7 6 80.69926001473294
82.00956001483144  80 6 3 33.009560014831436
82.10802001486269  11 4 3 47.10802001486269
82.20411001489319  92 3 2 78.20411001489319
82.35747001494187  9 9 7 74.35747001494187
82.38645001495107  64 5 3 57.386450014951066
82.49930001498689  19 5 3 32.499300014986886
82.57917001501224  84 6 4 50.57917001501224
82.60506001502046  14 7 2 58.605060015020456
82.7025300150514  49 7 6 42.702530015051394
82.78968001507906  26 4 3 58.78968001507906
82.87224001510526  72 9 2 67.87224001510526
82.91536001511895  61 4 3 52.91536001511895
83.00085001514609  34 5 3 80.00085001514609
83.04357001515964  82 4 3 46.043570015159645
83.20924001521223  42 7 5 59.20924001521223
83.25018001522523  28 8 4 75.25018001522523
83.3319900152512  2 6 4 75.3319900152512
83.45191001528926  35 8 8 62.45191001528926
83.49135001530178  47 4 2 42.49135001530178
83.56964001532663  22 3 2 44.56964001532663
83.66212001535598  5 6 6 55.66212001535598
83.82591001540797  6 7 7 69.82591001540797
84.10160001549548  79 5 2 66.10160001549548
84.50280001562282  50 7 7 81.50280001562282
84.89599001574763  1 3 3 39.89599001574763
85.02549001578873  62 6 6 46.02549001578873
85.15382001582947  93 8 4 84.15382001582947
85.28198001587015  68 7 7 72.28198001587015
85.40827001591023  17 6 6 46.40827001591023
85.66003001599015  86 3 2 56.660030015990145
85.91158001606999  27 6 4 42.91158001606999
86.28634001618894  24 5 4 74.28634001618894
86.41101001622852  10 6 6 83.41101001622852
86.62510001629647  46 7 3 46.62510001629647
86.69628001631906  25 8 3 77.69628001631906
86.76744001634165  70 5 2 64.76744001634165
86.90727001638604  97 4 2 72.90727001638604
86.97611001640789  29 8 5 44.97611001640789
87.04315001642917  15 6 5 75.04315001642917
87.10055001644739  30 9 9 86.10055001644739
87.27145001650163  94 8 8 56.27145001650163
87.38499001653767  88 3 3 80.38499001653767
87.43987001655509  39 3 2 45.43987001655509
87.4947300165725  20 6 3 42.494730016572504
87.55896001659289  67 7 6 85.55896001659289
87.56865001659597  31 6 6 81.56865001659597
87.57681001659856  8 7 4 53.57681001659856
87.59228001660347  37 4 4 37.59228001660347
87.6081300166085  66 9 4 73.6081300166085
87.60896001660876  55 5 2 60.60896001660876
87.69681001663665  95 7 4 59.69681001663665
87.74039001665048  81 3 3 64.74039001665048
87.7839200166643  65 4 3 38.7839200166643
87.8274200166781  77 4 3 57.827420016678104
87.95679001671917  63 7 6 77.95679001671917
87.99076001672995  83 9 4 45.99076001672995
88.0794400167581  40 7 7 41.0794400167581
88.09975001676455  48 8 6 82.09975001676455
88.10374001676581  43 6 5 43.10374001676581
88.21108001679988  59 9 4 79.21108001679988
88.31342001683237  76 5 4 71.31342001683237
88.4156200168648  23 7 7 58.41562001686481
88.51779001689724  44 3 3 39.51779001689724
88.61986001692964  69 6 5 81.61986001692964
88.72193001696203  75 6 6 38.721930016962034
88.82378001699436  32 7 6 60.82378001699436
88.92558001702668  51 8 8 65.92558001702668
89.02657001705873  58 9 6 82.02657001705873
89.12714001709065  41 5 4 85.12714001709065
89.22593001712201  52 3 3 40.22593001712201
89.32458001715332  85 8 7 57.32458001715332
89.42270001718447  89 8 7 75.42270001718447
89.51553001721393  12 7 7 42.51553001721393
89.6055200172425  16 8 7 55.6055200172425
89.69169001726985  99 5 5 49.69169001726985
89.7769000172969  57 4 2 78.7769000172969
89.85845001732278  33 3 3 75.85845001732278
89.93848001734818  21 8 8 49.93848001734818
90.01045001737103  73 9 4 88.01045001737103
90.08209001739377  74 7 5 75.08209001739377
90.15347001741642  91 6 6 51.153470017416424
