74.50981001245091  69 4 2 67.50981001245091
74.9152500125796  55 3 2 71.9152500125796
75.80156001286093  20 6 2 31.801560012860932
75.99327001292178  83 5 2 29.993270012921784
76.35464001303649  76 4 3 64.35464001303649
78.33498001366507  60 7 6 48.334980013665074
78.82387001382025  77 5 3 55.823870013820255
79.28030001396513  43 8 2 32.28030001396513
79.6535200140836  4 3 3 51.6535200140836
79.68771001409445  31 3 3 79.68771001409445
79.74001001411105  29 3 2 62.74001001411105
79.74106001411138  11 3 2 48.74106001411138
79.8649400141507  88 5 4 43.864940014150704
80.34041001430163  38 4 4 44.340410014301625
80.56984001437445  70 4 2 47.56984001437445
80.66618001440503  3 3 3 35.66618001440503
81.06320001453105  7 4 4 46.06320001453105
81.1015000145432  49 9 5 52.101500014543205
81.49628001466851  28 8 6 38.496280014668514
81.53050001467938  63 4 2 67.53050001467938
81.59779001470073  48 9 3 53.597790014700735
81.82527001477294  99 3 3 42.82527001477294
81.92026001480309  73 3 2 44.92026001480309
82.00924001483133  67 3 2 66.00924001483133
82.09819001485957  12 9 2 78.09819001485957
82.3648200149442  5 8 6 39.3648200149442
82.89677001511305  94 8 3 44.89677001511305
82.97956001513933  2 7 4 76.97956001513933
83.14273001519112  0 7 2 58.14273001519112
83.28598001523659  85 6 4 45.28598001523659
83.34819001525634  34 6 2 79.34819001525634
83.46788001529433  91 5 2 45.46788001529433
83.47615001529695  52 4 2 75.47615001529695
83.48024001529825  66 8 4 81.48024001529825
83.49240001530211  36 9 4 81.49240001530211
83.49641001530338  53 6 6 52.49641001530338
83.50028001530461  8 3 2 50.50028001530461
83.55803001532294  46 4 3 64.55803001532294
83.59827001533571  32 8 2 78.59827001533571
83.62359001534375  21 4 2 61.62359001534375
83.64209001534962  41 5 5 78.64209001534962
83.70777001537047  72 6 4 58.70777001537047
83.72415001537567  97 4 3 68.72415001537567
83.78922001539632  23 9 7 50.789220015396324
83.80529001540143  15 7 3 81.80529001540143
83.82131001540651  82 9 3 67.82131001540651
83.83726001541157  35 9 7 44.83726001541157
83.88425001542649  59 4 3 63.88425001542649
83.8994100154313  33 9 5 60.8994100154313
83.91282001543556  27 3 3 48.91282001543556
83.9387900154438  56 4 3 43.9387900154438
84.00727001546554  95 4 4 37.00727001546554
84.37871001558344  80 4 4 80.37871001558344
84.42399001559781  13 7 7 71.42399001559781
84.46921001561216  98 3 2 51.46921001561216
84.60236001565443  57 9 8 39.602360015654426
84.73299001569589  92 3 3 80.73299001569589
84.8180900157229  75 8 3 55.8180900157229
84.86044001573634  61 5 5 42.860440015736344
84.90249001574969  40 8 8 58.90249001574969
84.94416001576292  84 6 5 68.94416001576292
85.09258001581003  90 9 4 44.09258001581003
85.38885001590407  25 9 9 73.38885001590407
85.53686001595105  74 5 3 62.53686001595105
85.68440001599788  50 9 8 50.68440001599788
85.9698900160885  79 9 2 55.9698900160885
86.11214001613365  14 5 4 84.11214001613365
86.25432001617878  30 6 5 82.25432001617878
86.39644001622389  71 5 5 67.39644001622389
86.53830001626892  16 6 3 51.53830001626892
86.67990001631387  47 8 8 84.67990001631387
86.8214700163588  42 9 4 57.8214700163588
86.96299001640372  45 7 6 73.96299001640372
87.10340001644829  64 6 4 84.10340001644829
87.38390001653732  96 3 2 41.383900016537325
87.49257001657182  26 4 4 52.49257001657182
87.6008900166062  89 4 4 65.6008900166062
87.64508001662023  86 9 4 78.64508001662023
87.65122001662218  62 6 3 80.65122001662218
87.93844001671334  81 5 2 53.93844001671334
88.18799001679255  18 9 8 51.187990016792554
88.37350001685144  51 5 3 75.37350001685144
88.55870001691022  1 6 2 56.55870001691022
88.71254001695905  54 4 4 42.71254001695905
88.86623001700784  17 9 8 53.86623001700784
89.01991001705662  24 5 3 50.01991001705662
89.17285001710516  6 9 4 88.17285001710516
89.3257700171537  65 8 4 68.3257700171537
89.47868001720224  10 8 8 74.47868001720224
89.63156001725076  9 4 4 46.63156001725076
89.78435001729926  39 7 7 87.78435001729926
89.93689001734768  44 5 4 47.93689001734768
90.08941001739609  68 9 6 85.08941001739609
90.2419100174445  58 7 6 68.2419100174445
90.39399001749277  22 8 4 73.39399001749277
90.54179001753968  87 5 5 69.54179001753968
90.68920001758647  19 5 5 80.68920001758647
90.83660001763326  37 7 7 57.83660001763326
90.98398001768004  78 9 9 85.98398001768004
91.13117001772676  93 7 7 88.13117001772676
