21.62645999935044  0 3 3 7.626459999350441
27.959589999110683  15 6 2 12.959589999110683
55.796730006511126  18 4 2 47.796730006511126
59.475520007678824  71 7 4 58.475520007678824
61.14731000820947  2 6 4 58.14731000820947
61.45276000830643  78 9 4 21.452760008306427
61.713300008389126  66 6 2 52.713300008389126
62.115230008516704  19 3 3 44.115230008516704
62.19990000854358  53 5 3 54.19990000854358
62.535980008650256  92 7 2 23.535980008650256
63.46696000894576  80 3 2 53.46696000894576
63.60505000898959  96 4 2 43.60505000898959
63.672600009011035  27 3 3 55.672600009011035
63.80720000905376  69 3 3 19.80720000905376
63.81854000905736  43 9 2 57.81854000905736
65.08532000945945  55 3 3 31.08532000945945
67.50744001022827  36 3 3 67.50744001022827
67.5787400102509  64 5 5 66.5787400102509
67.59288001025539  42 7 5 62.592880010255385
67.63209001026783  51 4 4 36.63209001026783
67.69494001028778  89 3 2 49.69494001028778
67.90332001035392  91 6 4 41.90332001035392
70.00276001102031  49 3 3 50.002760011020314
70.33641001112622  17 8 4 66.33641001112622
70.49215001117565  26 7 2 28.492150011175653
70.6923500112392  82 4 4 22.6923500112392
70.73008001125118  70 7 2 46.730080011251175
70.7670200112629  76 3 2 25.7670200112629
71.41629001146899  84 3 2 32.41629001146899
71.55376001151262  20 5 4 22.553760011512622
71.68595001155458  99 7 2 66.68595001155458
71.88184001161676  33 3 3 63.88184001161676
72.00145001165473  73 3 2 39.001450011654725
72.0593300116731  75 3 3 35.0593300116731
72.33246001175979  22 7 3 25.332460011759792
72.38379001177609  98 3 2 70.38379001177609
72.43512001179238  25 4 2 41.43512001179238
72.48524001180829  21 9 6 56.48524001180829
72.63230001185497  1 6 4 22.632300011854966
72.66458001186521  52 4 3 61.66458001186521
72.72764001188523  85 4 4 31.727640011885228
72.77919001190159  88 8 4 68.77919001190159
72.7852200119035  9 7 5 72.7852200119035
72.79099001190534  14 9 5 44.790990011905336
72.80677001191034  11 7 6 27.806770011910345
72.81571001191318  37 3 3 36.81571001191318
72.82354001191567  4 3 3 48.82354001191567
72.82509001191616  50 6 5 39.82509001191616
72.86565001192903  65 8 4 33.865650011929034
72.94089001195292  59 6 3 24.940890011952916
72.97684001196433  56 5 2 35.97684001196433
73.04696001198658  61 7 2 62.046960011986585
73.12110001201012  40 9 3 61.12110001201012
73.25487001205258  95 3 3 56.25487001205258
73.37287001209003  38 4 3 39.37287001209003
73.60438001216352  31 6 2 56.60438001216352
73.7190100121999  67 7 4 60.7190100121999
74.02754001229783  74 3 3 52.027540012297834
74.47896001244112  58 7 5 35.47896001244112
74.5620600124675  54 9 2 61.5620600124675
74.64515001249387  34 9 6 55.64515001249387
74.87766001256767  86 8 3 63.877660012567674
75.02716001261513  60 8 5 59.02716001261513
75.14531001265263  13 4 4 68.14531001265263
75.35080001271785  81 5 3 44.350800012717855
75.4183800127393  32 7 4 54.418380012739306
75.66152001281648  8 6 5 49.66152001281648
75.76154001284823  6 7 2 51.76154001284823
75.85000001287631  39 6 5 54.85000001287631
75.92484001290006  94 5 4 62.92484001290006
75.96063001291142  30 4 2 54.96063001291142
75.99606001292267  35 8 7 72.99606001292267
76.08726001295162  41 9 8 38.08726001295162
76.14745001297072  97 8 4 58.14745001297072
76.20459001298886  77 8 5 43.20459001298886
76.26125001300684  46 7 5 28.261250013006844
76.31652001302439  45 4 3 48.31652001302439
76.37155001304185  93 8 6 29.371550013041855
76.469680013073  16 5 3 54.469680013073
76.51325001308683  7 8 4 45.51325001308683
76.55667001310061  62 8 4 72.55667001310061
76.60000001311437  83 9 6 55.60000001311437
76.6432700131281  29 9 8 61.6432700131281
76.68632001314177  57 5 5 42.68632001314177
76.72887001315527  90 4 2 64.72887001315527
76.7711500131687  44 4 4 53.77115001316869
76.80149001317832  72 9 9 68.80149001317832
76.82764001318662  63 8 6 68.82764001318662
77.18474001329997  68 4 4 47.18474001329997
77.54010001341277  47 8 7 49.54010001341277
77.88947001352366  3 6 4 37.88947001352366
78.2386600136345  87 7 6 37.2386600136345
78.58695001374505  23 4 2 41.58695001374505
78.93473001385544  10 6 6 34.93473001385544
79.27908001396474  24 3 3 33.279080013964744
79.61212001407046  79 7 6 50.612120014070456
79.94114001417489  5 7 4 42.94114001417489
80.25962001427598  28 8 8 57.25962001427598
80.57765001437693  12 6 2 57.57765001437693
80.89551001447782  48 9 3 56.89551001447782
