1.2251399999995587  64 8 3 0.2251399999995587
15.731979999573591  45 8 2 8.731979999573591
16.150899999557733  40 3 2 10.150899999557733
63.211720008864745  12 7 2 61.211720008864745
63.67960000901326  23 7 3 53.67960000901326
63.699660009019624  9 6 3 45.699660009019624
63.954820009100615  91 3 2 19.954820009100615
63.98020000910867  94 8 2 38.98020000910867
64.9604000094198  84 7 3 28.9604000094198
68.007530010387  78 7 3 22.007530010387
68.81729001064403  16 8 5 48.81729001064403
68.89866001066986  58 6 2 40.89866001066986
69.19724001076463  41 4 2 33.19724001076463
69.6492300109081  1 4 2 34.6492300109081
69.81638001096115  48 3 2 31.816380010961154
70.04285001103304  31 6 3 36.04285001103304
70.14155001106437  66 3 2 41.14155001106437
70.36482001113524  86 3 2 41.36482001113524
70.63558001122118  50 8 6 43.63558001122118
71.36207001145178  52 4 3 45.36207001145178
71.45708001148193  54 7 3 36.457080011481935
71.69182001155644  98 8 2 30.691820011556445
71.84318001160449  29 7 3 71.84318001160449
71.97840001164741  75 4 3 58.97840001164741
72.10651001168807  56 6 2 51.10651001168807
72.48909001180951  5 9 6 64.48909001180951
72.58945001184136  51 4 2 33.589450011841365
72.77825001190129  2 8 4 32.77825001190129
73.15011001201933  97 6 3 45.150110012019326
73.33217001207711  82 9 4 29.332170012077114
74.22297001235987  22 9 2 54.222970012359866
74.25561001237023  47 8 6 24.255610012370227
74.2845200123794  13 3 3 41.2845200123794
74.32417001239199  60 6 4 59.32417001239199
74.48009001244148  27 8 2 45.48009001244148
74.6279200124884  96 5 3 41.6279200124884
74.79404001254113  88 5 3 24.79404001254113
74.84312001255671  15 3 3 34.84312001255671
74.89109001257194  69 9 5 56.89109001257194
74.93840001258695  42 9 7 40.93840001258695
75.02685001261503  17 4 3 26.02685001261503
75.2170500126754  46 6 5 30.2170500126754
75.24356001268382  21 7 6 56.243560012683815
75.29446001269997  89 9 7 26.29446001269997
75.42478001274134  10 7 7 67.42478001274134
75.48981001276198  70 6 6 67.48981001276198
75.6193700128031  71 5 4 48.6193700128031
75.68356001282348  55 8 5 54.68356001282348
75.74717001284367  26 3 3 59.74717001284367
75.8099800128636  14 5 4 71.8099800128636
75.87269001288351  59 3 3 59.87269001288351
75.99439001292214  18 5 4 40.99439001292214
76.053820012941  93 6 3 56.053820012941
76.11315001295984  24 8 4 37.113150012959835
76.17081001297814  11 5 4 44.17081001297814
76.34000001303184  99 9 7 72.34000001303184
76.3953400130494  57 8 2 35.395340013049406
76.4422500130643  30 5 2 31.442250013064296
76.91951001321578  63 8 8 68.91951001321578
77.10707001327532  68 4 3 44.10707001327532
77.20077001330506  19 6 5 51.20077001330506
77.29440001333478  38 9 4 44.29440001333478
77.38776001336441  33 6 3 74.38776001336441
77.480970013394  37 9 7 52.480970013394
77.57409001342356  53 6 6 71.57409001342356
77.75987001348253  73 3 3 64.75987001348253
77.8524300135119  8 8 5 67.8524300135119
77.9444100135411  43 8 6 31.944410013541102
78.03621001357024  44 8 2 39.03621001357024
78.21641001362744  39 3 3 45.21641001362744
78.25685001364027  95 3 3 45.256850013640275
78.50976001372055  83 8 5 54.50976001372055
78.67805001377397  74 8 6 30.67805001377397
78.84602001382729  79 4 3 34.846020013827285
78.92993001385392  36 5 5 77.92993001385392
79.01379001388054  80 4 3 60.01379001388054
79.43137001401308  0 3 3 47.43137001401308
79.51377001403924  28 5 4 69.51377001403924
79.67687001409101  32 6 6 75.67687001409101
79.75810001411679  34 9 9 30.758100014116792
79.80202001413073  67 4 2 48.80202001413073
79.81393001413451  62 7 7 77.81393001413451
79.82567001413824  85 8 7 40.82567001413824
79.83735001414195  35 5 3 77.83735001414195
79.84902001414565  6 5 5 62.84902001414565
79.86040001414926  87 3 3 44.86040001414926
79.87175001415287  4 9 7 39.871750014152866
79.88302001415644  61 7 7 42.88302001415644
79.89422001416  90 3 3 33.89422001416
79.90536001416353  72 9 7 62.905360014163534
79.91635001416702  3 9 7 59.91635001416702
79.9270100141704  20 4 4 37.927010014170406
79.93749001417373  76 8 8 76.93749001417373
79.94768001417697  65 9 4 53.94768001417697
79.95780001418018  49 3 2 45.95780001418018
79.96786001418337  77 3 3 31.967860014183373
79.97779001418652  7 8 5 61.977790014186525
79.98771001418967  25 6 3 54.98771001418967
79.9975600141928  81 4 4 76.9975600141928
80.0073200141959  92 9 6 72.0073200141959
