0.35819000000021745  41 6 5 0.35819000000021745
45.3122300031832  37 7 3 10.312230003183203
48.38634000415897  32 3 3 33.38634000415897
49.41598000448579  61 6 2 49.41598000448579
49.858170004626146  10 6 3 45.858170004626146
49.92723000464807  83 7 3 45.92723000464807
55.588640006445075  98 3 2 33.588640006445075
56.390270006699524  96 5 4 31.390270006699524
56.75873000681648  1 3 3 40.75873000681648
56.87429000685316  2 5 4 49.87429000685316
58.1598100072612  23 4 2 8.1598100072612
59.13838000757181  28 3 2 33.13838000757181
59.84297000779546  55 8 2 38.84297000779546
59.87729000780635  45 3 3 51.87729000780635
59.94417000782758  39 5 5 23.94417000782758
60.00784000784779  95 6 4 33.00784000784779
60.083690007871866  29 3 3 53.083690007871866
61.33369000826863  73 4 4 29.333690008268633
61.58574000834864  26 5 5 43.58574000834864
61.66386000837343  87 3 2 57.66386000837343
61.68994000838171  71 9 5 60.68994000838171
61.691620008382245  72 5 2 45.691620008382245
61.709260008387844  11 8 5 15.709260008387844
61.73317000839543  78 5 2 27.733170008395433
61.740230008397674  93 7 6 25.740230008397674
61.98835000847643  25 4 3 41.98835000847643
62.2081500085462  4 8 5 21.2081500085462
62.27032000856593  75 7 7 46.27032000856593
62.29891000857501  53 3 3 28.298910008575007
62.35100000859154  74 6 5 40.35100000859154
62.41972000861335  76 5 5 15.419720008613353
62.471420008629764  18 3 3 19.471420008629764
62.47566000863111  77 4 4 28.47566000863111
62.47862000863205  17 8 4 25.47862000863205
62.499840008638785  6 9 2 31.499840008638785
62.517230008644304  99 7 5 54.517230008644304
62.5786500086638  9 3 2 25.5786500086638
62.60836000867323  8 4 3 57.60836000867323
62.616030008675665  58 6 3 45.616030008675665
62.6177200086762  16 9 2 17.6177200086762
62.88485000876099  50 4 2 50.88485000876099
63.14973000884507  49 7 3 42.14973000884507
63.41413000892899  67 4 3 47.41413000892899
63.678300009012844  34 3 3 29.678300009012844
64.20352000917956  42 7 4 35.203520009179556
64.46433000926234  12 4 2 63.46433000926234
64.8624000093887  79 5 3 15.862400009388693
65.27178000951864  38 7 3 16.271780009518636
65.7870900096822  56 7 7 53.7870900096822
66.04318000976349  54 8 8 28.04318000976349
66.29923000984476  7 7 4 61.29923000984476
66.63179000995032  22 9 6 29.631790009950322
67.02013001007359  33 6 6 56.020130010073586
67.04052001008006  92 5 2 64.04052001008006
67.06085001008651  91 9 6 46.06085001008651
67.1184600101048  47 5 2 25.118460010104798
67.13636001011048  86 7 6 63.13636001011048
67.17142001012161  63 4 3 54.17142001012161
67.18863001012707  80 6 5 61.18863001012707
67.22302001013799  52 9 5 47.223020010137986
67.27266001015374  5 9 7 63.27266001015374
67.32054001016894  35 9 7 17.32054001016894
67.36764001018389  51 6 5 39.36764001018389
67.40781001019664  90 4 3 17.40781001019664
67.4398100102068  82 5 5 29.4398100102068
67.44952001020988  70 6 4 67.44952001020988
67.56467001024643  31 3 3 19.56467001024643
67.67960001028291  64 3 2 59.67960001028291
67.79451001031939  21 9 2 23.794510010319385
67.90935001035584  3 8 3 53.90935001035584
68.02412001039227  43 7 2 67.02412001039227
68.13345001042697  46 4 2 66.13345001042697
68.23937001046059  13 6 5 23.23937001046059
68.58318001056972  14 7 6 56.58318001056972
68.66726001059641  65 5 4 50.66726001059641
68.83465001064954  66 9 2 33.83465001064954
68.89766001066954  57 3 3 53.89766001066954
68.94579001068482  62 9 3 30.945790010684817
69.02024001070845  97 7 6 58.02024001070845
69.09031001073069  36 5 4 51.09031001073069
69.15668001075176  48 5 4 22.156680010751757
69.22216001077254  69 3 3 49.22216001077254
69.28602001079281  59 6 5 41.28602001079281
69.34562001081173  24 3 3 34.34562001081173
69.40347001083009  85 6 2 63.40347001083009
69.46076001084828  94 5 2 51.460760010848276
69.51688001086609  68 5 5 22.51688001086609
69.57277001088383  81 8 7 62.57277001088383
69.62731001090114  60 8 8 42.62731001090114
69.67987001091782  19 9 8 58.679870010917824
69.73188001093433  20 5 4 30.731880010934333
69.78114001094997  15 7 7 59.78114001094997
69.83021001096554  30 7 4 30.830210010965544
69.87619001098014  88 4 2 67.87619001098014
69.92119001099442  84 3 2 69.92119001099442
69.9649100110083  40 7 6 60.9649100110083
70.00639001102147  44 6 5 46.006390011021466
70.04757001103454  27 5 5 67.04757001103454
70.08491001104639  0 7 4 25.08491001104639
70.10077001105142  89 3 3 20.100770011051424
