15.392229999586453  0 4 2 6.392229999586453
26.193189999177555  29 9 7 24.193189999177555
70.16826001107285  39 8 3 70.16826001107285
72.26015001173684  9 4 3 69.26015001173684
73.09481001200177  16 6 5 63.09481001200177
73.31684001207225  93 6 4 71.31684001207225
75.43250001274379  95 8 2 26.432500012743787
78.97859001386936  40 3 3 74.97859001386936
79.08310001390254  38 7 2 75.08310001390254
79.301950013972  7 9 4 52.301950013972004
80.5309500143621  94 7 5 47.530950014362105
81.01608001451609  55 3 2 48.01608001451609
81.13276001455313  3 7 4 46.13276001455313
81.14951001455844  22 4 3 70.14951001455844
81.19859001457402  48 9 2 74.19859001457402
81.25474001459185  1 9 3 50.254740014591846
81.31553001461114  82 7 2 37.31553001461114
81.87137001478757  83 9 4 39.87137001478757
81.94754001481175  8 8 4 45.94754001481175
82.17574001488418  26 6 4 43.175740014884184
82.47407001497888  52 5 2 66.47407001497888
87.17050001646959  15 9 3 47.17050001646959
87.34684001652556  46 6 3 55.34684001652556
87.48439001656922  24 3 2 71.48439001656922
87.50465001657565  37 4 3 74.50465001657565
87.53488001658525  75 5 4 66.53488001658525
87.82812001667833  56 6 6 51.82812001667833
87.86355001668957  19 7 5 54.86355001668957
87.8989000167008  68 6 2 78.8989000167008
88.1040100167659  70 7 2 77.1040100167659
88.170490016787  69 9 7 71.170490016787
88.2369800168081  61 8 4 42.236980016808104
88.43148001686984  2 9 6 80.43148001686984
88.46564001688068  64 7 4 81.46564001688068
88.56728001691295  42 9 7 87.56728001691295
88.60103001692366  85 5 3 73.60103001692366
88.80203001698746  99 8 4 54.80203001698746
88.8683400170085  53 4 3 46.86834001700851
88.9344600170295  50 5 4 38.934460017029494
89.00050001705046  11 6 5 59.000500017050456
89.03320001706084  36 3 3 68.03320001706084
89.10591001708391  13 3 2 55.105910017083914
89.21601001711886  44 6 5 83.21601001711886
89.2993200171453  71 4 4 88.2993200171453
89.34073001715845  20 6 6 74.34073001715845
89.4231200171846  32 6 5 56.4231200171846
89.50512001721063  51 5 4 44.50512001721063
89.54590001722357  33 5 4 39.54590001722357
89.5866400172365  72 3 2 88.5866400172365
89.66777001726226  49 7 4 48.66777001726226
89.70805001727504  45 8 2 51.70805001727504
89.78847001730057  90 7 5 86.78847001730057
89.86882001732607  43 7 7 77.86882001732607
89.90898001733882  97 6 6 42.90898001733882
89.94913001735156  62 7 7 56.949130017351564
90.19031001742812  5 8 7 56.19031001742812
90.29615001746171  18 8 6 68.29615001746171
90.39325001749253  76 5 5 49.393250017492534
90.43862001750693  79 9 9 64.43862001750693
90.52556001753453  21 6 6 45.52556001753453
90.56710001754772  63 3 3 46.567100017547716
90.60146001755862  17 5 5 54.60146001755862
90.63301001756864  54 8 6 48.63301001756864
90.71710001759533  65 8 2 67.71710001759533
90.76329001760999  14 3 3 45.76329001760999
90.80015001762169  47 9 7 44.80015001762169
90.8342300176325  27 9 6 41.83423001763251
90.84064001763454  88 9 3 53.84064001763454
90.84353001763546  87 9 6 48.84353001763546
90.87490001764542  66 9 8 69.87490001764542
90.88409001764833  28 4 3 50.88409001764833
90.89270001765107  60 7 3 47.892700017651066
90.90127001765379  98 5 2 71.90127001765379
90.90867001765614  30 4 4 85.90867001765614
90.91603001765847  73 8 8 47.91603001765847
90.93789001766541  81 6 3 60.93789001766541
90.94504001766768  84 9 6 59.94504001766768
90.95053001766942  86 4 3 89.95053001766942
90.95574001767108  58 6 6 75.95574001767108
90.95975001767235  35 6 4 51.95975001767235
90.96691001767462  91 5 5 47.96691001767462
91.01259001768912  41 6 4 47.01259001768912
91.05814001770358  67 4 2 79.05814001770358
91.10362001771801  74 5 5 57.103620017718015
91.14909001773245  80 5 5 46.14909001773245
91.19448001774686  78 3 2 78.19448001774686
91.23975001776122  23 8 5 54.239750017761224
91.28454001777544  92 5 4 54.28454001777544
91.32900001778955  89 9 3 69.32900001778955
91.37345001780366  34 5 3 73.37345001780366
91.41614001781721  96 5 5 43.41614001781721
91.45874001783073  4 9 6 63.458740017830735
91.50082001784409  59 9 7 61.50082001784409
91.54282001785742  57 8 8 53.54282001785742
91.58477001787074  25 8 6 45.58477001787074
91.62671001788405  77 6 4 49.62671001788405
91.6684700178973  6 9 9 67.6684700178973
91.70962001791037  31 4 3 56.70962001791037
91.7506700179234  12 6 6 74.7506700179234
91.79167001793641  10 8 6 65.79167001793641
