61.76461000840541  73 4 2 30.764610008405413
67.2259000101389  24 9 3 52.2259000101389
67.23539001014191  21 6 2 63.23539001014191
67.2800800101561  37 3 2 44.2800800101561
68.87837001066342  12 4 2 56.87837001066342
68.9444700106844  54 7 2 32.9444700106844
68.9599000106893  91 8 2 24.959900010689296
69.06539001072278  15 3 2 37.06539001072278
69.80185001095654  56 4 2 60.80185001095654
69.94428001100175  68 8 4 46.94428001100175
70.15669001106917  96 3 3 70.15669001106917
70.9169700113105  80 7 2 37.9169700113105
71.00667001133897  52 7 3 34.00667001133897
71.1684100113903  77 6 3 37.16841001139031
71.24626001141502  86 6 2 30.246260011415018
71.34496001144635  18 7 2 47.34496001144635
71.4103500114671  57 6 3 67.4103500114671
71.47358001148717  98 5 4 30.473580011487172
71.94265001163606  93 4 4 33.94265001163606
72.23431001172864  0 6 4 58.23431001172864
72.28959001174618  82 7 2 68.28959001174618
72.3085600117522  44 3 2 55.308560011752206
72.3274400117582  99 4 3 32.3274400117582
72.41861001178714  84 6 2 22.418610011787138
72.43669001179288  79 4 2 38.43669001179288
72.4547100117986  61 4 4 52.454710011798596
72.47254001180426  87 5 5 66.47254001180426
72.50140001181342  19 5 5 66.50140001181342
72.51297001181709  38 8 4 55.51297001181709
72.52451001182075  2 6 5 67.52451001182075
72.651330011861  11 6 6 57.651330011861006
72.77622001190065  4 6 2 67.77622001190065
72.96083001195925  39 3 3 41.960830011959246
73.0813600119975  49 9 9 67.0813600119975
73.13262001201377  9 9 8 33.132620012013774
73.2833100120616  90 9 9 64.2833100120616
73.63965001217471  75 5 4 59.63965001217471
73.684680012189  42 6 6 59.684680012189006
73.72253001220102  64 3 2 40.72253001220102
73.83521001223679  59 3 3 42.835210012236786
73.94702001227228  1 7 6 50.947020012272276
74.01981001229538  65 9 3 64.01981001229538
74.05597001230686  35 7 3 38.05597001230686
74.28236001237872  8 3 2 30.282360012378717
74.31012001238753  6 3 2 36.31012001238753
74.33227001239456  88 3 3 61.33227001239456
74.40996001241922  50 7 3 50.40996001241922
74.48761001244387  43 8 3 62.48761001244387
74.56494001246841  55 9 8 59.56494001246841
74.64223001249294  71 7 2 43.642230012492945
74.71931001251741  33 6 6 37.71931001251741
74.7753700125352  85 9 3 55.775370012535205
74.8266900125515  3 6 2 69.8266900125515
74.87796001256777  70 5 5 31.87796001256777
75.03017001261608  30 8 8 40.03017001261608
75.08066001263211  13 5 5 59.08066001263211
75.1814600126641  20 5 5 63.181460012664104
75.23164001268003  45 5 5 60.23164001268003
75.33191001271186  41 3 3 39.33191001271186
75.43172001274354  72 3 3 39.43172001274354
75.48091001275915  10 7 3 67.48091001275915
75.62570001280511  5 3 3 71.62570001280511
75.75181001284514  31 8 5 47.75181001284514
76.00385001292514  74 7 5 71.00385001292514
76.12984001296513  81 5 2 66.12984001296513
76.25550001300502  47 7 7 76.25550001300502
76.50625001308461  67 6 5 60.50625001308461
76.63139001312433  14 5 3 60.63139001312433
76.75628001316397  58 8 8 67.75628001316397
76.8807900132035  22 4 2 69.8807900132035
77.00141001324178  27 5 2 60.00141001324178
77.10753001327546  23 4 3 40.107530013275465
77.21301001330895  28 4 3 42.213010013308946
77.41238001337223  69 9 9 64.41238001337223
77.51202001340386  32 5 2 42.512020013403856
77.61162001343547  97 7 5 34.61162001343547
77.71106001346703  40 7 7 40.71106001346703
77.86762001351673  26 4 4 40.86762001351673
77.9447100135412  94 4 4 28.944710013541197
78.16826001361216  29 4 4 34.168260013612155
78.39134001368296  51 5 4 52.391340013682964
78.61382001375358  95 7 5 62.61382001375358
78.83585001382406  89 9 6 54.83585001382406
79.0577900138945  17 6 6 78.0577900138945
79.27973001396495  48 9 5 79.27973001396495
79.50053001403504  46 6 6 52.500530014035036
79.7187500141043  92 7 4 60.7187500141043
79.93308001417233  63 9 9 78.93308001417233
80.14321001423903  76 3 3 64.14321001423903
80.35270001430553  53 9 5 66.35270001430553
80.5608500143716  62 3 3 33.560850014371596
80.76885001443762  60 9 8 80.76885001443762
80.97584001450332  34 6 6 56.97584001450332
81.18267001456897  78 8 3 44.18267001456897
81.38857001463433  83 9 6 68.38857001463433
81.58966001469815  25 8 7 62.589660014698154
81.79032001476185  36 7 5 43.790320014761846
81.99061001482542  7 5 4 38.99061001482542
82.14218001487353  66 7 6 32.14218001487353
82.25439001490915  16 3 3 32.25439001490915
