3.9102400000171493  36 9 4 1.9102400000171493
5.028789999978789  31 3 3 5.028789999978789
5.610569999956764  32 8 2 0.6105699999567644
6.236019999933086  66 8 4 4.236019999933086
7.006129999903932  62 6 3 0.006129999903931704
7.0451499999024545  12 9 2 3.0451499999024545
8.064419999863867  69 4 2 1.0644199998638673
8.674729999840762  78 9 9 3.6747299998407623
9.044179999826776  86 9 4 0.044179999826775784
9.541869999807934  52 4 2 1.5418699998079344
10.0023799997905  47 8 8 8.0023799997905
11.959829999716396  6 9 4 10.959829999716396
12.256419999705168  15 7 3 10.256419999705168
13.041179999675458  64 6 4 10.041179999675458
14.019209999638433  51 5 3 1.0192099996384325
14.082479999636037  25 9 9 2.0824799996360372
15.106089999597286  2 7 4 9.106089999597286
15.658169999576385  10 8 8 0.6581699995763852
16.693429999537194  92 3 3 12.693429999537194
17.682849999499737  84 6 5 1.6828499994997372
19.422329999433884  68 9 6 14.422329999433884
20.000549999411994  13 7 7 7.000549999411994
20.00275999941191  63 4 2 6.002759999411911
20.461959999394526  19 5 5 10.461959999394526
21.28867999936323  46 4 3 2.2886799993632287
22.022349999335454  30 6 5 18.022349999335454
22.688189999310246  34 6 2 18.688189999310246
23.392929999283567  71 5 5 4.392929999283567
25.2727299992124  77 5 3 2.2727299992124017
26.290619999173867  22 8 4 9.290619999173867
26.828769999153494  87 5 5 5.828769999153494
28.06801999910658  97 4 3 13.068019999106578
28.760769999080352  59 4 3 8.760769999080352
29.432149999054936  29 3 2 12.432149999054936
30.006189999033204  67 3 2 14.006189999033204
30.174229999026842  21 4 2 8.174229999026842
31.041349998994015  75 8 3 2.041349998994015
32.51270999912046  76 4 3 20.51270999912046
33.14181999932015  42 9 4 4.141819999320148
34.12061999963083  40 8 8 8.120619999630833
35.212259999977334  23 9 7 2.2122599999773342
36.29964000032248  16 6 3 1.2996400003224835
36.957180000531196  37 7 7 3.9571800005311957
37.27461000063195  88 5 4 1.2746100006319523
38.266010000946636  60 7 6 8.266010000946636
38.57745000104549  70 4 2 5.5774500010454915
39.09727000121049  35 9 7 0.09727000121048945
39.32821000128379  38 4 4 3.328210001283793
39.99604000149577  27 3 3 4.996040001495771
41.67526000202878  0 7 2 16.67526000202878
42.05739000215007  94 8 3 4.057390002150072
42.27256000221837  80 4 4 38.27256000221837
42.799110002385504  49 9 5 13.799110002385504
43.178930002506064  1 6 2 11.178930002506064
43.92923000274422  73 3 2 6.9292300027442195
44.860780003039906  89 4 4 22.860780003039906
45.44152000322424  56 4 3 5.441520003224241
46.74202000363704  83 5 2 0.7420200036370375
47.171040003773214  26 4 4 12.171040003773214
47.60840000391204  53 6 6 16.60840000391204
48.46939000418533  4 3 3 20.46939000418533
49.71116000457948  95 4 4 2.711160004579483
51.157640005038616  20 6 2 7.1576400050386155
53.385170005745664  85 6 4 15.385170005745664
55.98910000657219  43 8 2 8.989100006572187
58.66833000742261  74 5 3 35.66833000742261
69.19423001076368  91 5 2 31.194230010763675
74.12077001232743  79 9 2 44.12077001232743
76.63627001312588  90 9 4 35.63627001312588
77.0298200132508  8 3 2 44.0298200132508
78.31946001366015  48 9 3 50.31946001366015
79.00307001387714  55 3 2 76.00307001387714
81.3790500146313  54 4 4 35.379050014631304
81.93051001480634  9 4 4 38.930510014806345
82.4993300149869  39 7 7 80.4993300149869
83.9889000154597  44 5 4 41.988900015459706
83.99904001546292  3 3 3 38.999040015462924
84.25628001554458  28 8 6 41.256280015544576
84.52379001562949  5 8 6 41.52379001562949
84.57470001564565  82 9 3 68.57470001564565
84.58139001564777  7 4 4 49.58139001564777
85.10306001581336  18 9 8 48.103060015813355
85.6331200159816  96 3 2 39.6331200159816
86.12197001613677  81 5 2 52.12197001613677
86.43430001623591  72 6 4 61.43430001623591
87.57773001659885  41 5 5 82.57773001659885
87.85189001668587  14 5 4 85.85189001668587
87.85194001668589  11 3 2 56.85194001668589
87.86444001668985  61 5 5 45.864440016689855
87.98393001672778  65 8 4 66.98393001672778
88.67573001694737  98 3 2 55.67573001694737
88.86278001700674  24 5 3 49.86278001700674
88.87829001701166  58 7 6 66.87829001701166
89.28345001714027  45 7 6 76.28345001714027
89.43273001718765  33 9 5 66.43273001718765
90.21912001743726  93 7 7 87.21912001743726
90.30733001746526  17 9 8 55.30733001746526
91.25682001776664  50 9 8 56.25682001776664
92.4806300181551  57 9 8 47.4806300181551
93.8300000185834  99 3 3 54.830000018583405
