2.588150000008488  86 4 3 1.588150000008488
3.8022300000164417  29 9 7 1.8022300000164417
5.071539999977171  93 6 4 3.071539999977171
5.808979999949253  71 4 4 4.808979999949253
7.251689999894635  72 3 2 6.251689999894635
8.08548999986307  39 8 3 8.08548999986307
8.175989999859643  42 9 7 7.1759899998596435
8.897859999832315  38 7 2 4.897859999832315
9.003239999828326  48 9 2 2.0032399998283257
9.402169999813223  64 7 4 2.402169999813223
11.086759999749448  0 4 2 2.0867599997494484
12.17207999970836  30 4 4 7.172079999708361
13.019339999676285  40 3 3 9.019339999676285
13.755269999648425  37 4 3 0.7552699996484247
15.023509999600412  43 7 7 3.023509999600412
15.128219999596448  70 7 2 4.128219999596448
16.307999999551786  2 9 6 8.307999999551786
17.424049999509535  68 6 2 8.424049999509535
18.565189999466334  67 4 2 6.565189999466334
19.140809999444542  9 4 3 16.140809999444542
19.337509999437096  90 7 5 16.337509999437096
19.694959999423563  20 6 6 4.694959999423563
20.495869999393243  12 6 6 3.4958699993932427
21.146879999368597  24 3 2 5.146879999368597
21.939719999338582  44 6 5 15.939719999338582
22.22051999932795  18 8 6 0.2205199993279514
22.772429999307057  89 9 3 0.7724299993070574
23.011779999297996  85 5 3 8.011779999297996
23.55927999927727  34 5 3 5.559279999277269
24.1025699992567  6 9 9 0.1025699992567013
26.00209999918479  16 6 5 16.00209999918479
26.025739999183894  98 5 2 7.0257399991838945
26.078229999181907  75 5 4 5.078229999181907
27.206809999139182  52 5 2 11.206809999139182
27.83159999911553  22 4 3 16.83159999911553
28.511089999089805  58 6 6 13.511089999089805
29.326049999058952  78 3 2 16.326049999058952
30.03139999903225  36 3 3 9.03139999903225
30.61883999901001  81 6 3 0.6188399990100102
31.223019998987137  7 9 4 4.223019998987137
34.22677999966453  62 7 7 1.2267799996645294
35.559880000087674  94 7 5 2.5598800000876736
36.05943000024624  65 8 2 13.059430000246238
36.41647000035957  17 5 5 0.41647000035956694
37.521270000710246  79 9 9 11.521270000710246
38.003260000863236  55 3 2 5.003260000863236
38.185890000921205  4 9 6 10.185890000921205
38.69115000108158  88 9 3 1.6911500010815814
39.09324000120921  31 4 3 4.09324000120921
39.30795000127736  26 6 4 0.30795000127736216
40.06503000151767  32 6 5 7.06503000151767
41.29995000190965  57 8 8 3.29995000190965
41.621820002011816  3 7 4 6.621820002011816
42.92596000242577  76 5 5 1.925960002425768
43.43254000258656  15 9 3 3.4325400025865633
44.428030002902545  5 8 7 10.428030002902545
45.17754000314045  82 7 2 1.1775400031404502
45.654850003291955  83 9 4 3.654850003291955
46.01424000340603  47 9 7 0.014240003406030155
46.08270000342776  60 7 3 3.0827000034277603
46.54109000357326  21 6 6 1.5410900035732595
47.23688000379411  49 7 4 6.236880003794113
47.54854000389304  14 3 3 2.548540003893038
48.365480004152346  61 8 4 2.365480004152346
48.74519000427287  91 5 5 5.745190004272871
49.36233000446876  46 6 3 17.36233000446876
49.89920000463917  95 8 2 0.8992000046391695
50.177560004727525  51 5 4 5.177560004727525
50.467530004819565  13 3 2 16.467530004819565
51.09392000501839  73 8 8 8.09392000501839
53.999170005940556  33 5 4 3.999170005940556
57.08293000691938  23 8 5 20.082930006919383
60.65527000805329  53 4 3 18.655270008053293
76.38909001304742  1 9 3 45.38909001304742
78.24143001363538  8 8 4 42.24143001363538
83.27177001523208  45 8 2 45.27177001523208
85.62982001598056  19 7 5 52.629820015980556
86.51928001626288  10 8 6 60.51928001626288
86.7947000163503  84 9 6 55.794700016350305
87.29069001650774  77 6 4 45.29069001650774
87.62588001661413  25 8 6 41.62588001661413
88.22859001680544  54 8 6 46.22859001680544
88.88086001701248  96 5 5 40.88086001701248
89.36194001716518  92 5 4 52.36194001716518
90.03402001737851  87 9 6 48.03402001737851
90.59429001755635  35 6 4 51.59429001755635
90.60646001756021  41 6 4 46.60646001756021
90.89104001765054  63 3 3 46.89104001765054
90.91783001765904  27 9 6 41.91783001765904
91.28396001777526  99 8 4 57.28396001777526
91.43228001782234  28 4 3 51.432280017822336
91.87666001796339  74 5 5 57.87666001796339
92.1611800180537  50 5 4 42.1611800180537
92.48621001815687  80 5 5 47.48621001815687
92.50150001816172  11 6 5 62.50150001816172
93.17830001837655  56 6 6 57.17830001837655
93.66408001853074  66 9 8 72.66408001853074
94.54905001881164  69 9 7 77.54905001881164
94.79317001888913  59 9 7 64.79317001888913
95.79791001920805  97 6 6 48.79791001920805
