0.35819000000021745  41 6 5 0.35819000000021745
2.7799600000097446  70 6 4 2.7799600000097446
4.029220000016631  43 7 2 3.0292200000166307
4.145710000012221  61 6 2 4.145710000012221
4.531689999997608  84 3 2 4.531689999997608
5.296309999968662  10 6 3 1.2963099999686616
6.869849999909091  5 9 7 2.869849999909091
7.157469999898202  88 4 2 5.157469999898202
7.5114899998848  85 6 2 1.5114899998848
8.302019999854872  8 4 3 3.3020199998548723
8.852659999834026  12 4 2 7.852659999834026
9.132589999823429  87 3 2 5.132589999823429
10.134969999785481  80 6 5 4.134969999785481
10.398919999775488  99 7 5 2.3989199997754884
11.011759999752288  97 7 6 0.011759999752287698
11.054779999750659  46 4 2 9.054779999750659
11.55506999973172  15 7 7 1.5550699997317192
12.2581899997051  14 7 6 0.2581899997051007
12.76429999968594  45 3 3 4.7642999996859405
13.243009999667818  64 3 2 5.243009999667818
14.60697999961618  27 5 5 11.60697999961618
15.384759999586736  86 7 6 11.384759999586736
16.092159999559957  71 9 5 15.092159999559957
16.375459999549232  33 6 6 5.375459999549232
17.21497999951745  32 3 3 2.2149799995174497
18.07607999948485  19 9 8 7.0760799994848504
18.839399999455953  1 3 3 2.839399999455953
20.322529999399805  94 5 2 2.322529999399805
20.645589999387575  26 5 5 2.6455899993875747
21.03634999937278  55 8 2 0.03634999937278138
21.55122999935329  75 7 7 5.551229999353289
22.071419999333596  2 5 4 15.071419999333596
22.499969999317372  40 7 6 13.499969999317372
23.017649999297774  98 3 2 1.0176499992977739
23.780529999268893  25 4 3 3.780529999268893
24.25260999925102  50 4 2 12.252609999251021
24.739279999232597  74 6 5 2.739279999232597
25.215039999214586  52 9 5 5.215039999214586
26.1973299991774  96 5 4 1.1973299991773985
26.515799999165342  36 5 4 8.515799999165342
27.105239999143027  95 6 4 0.10523999914302706
28.305509999097588  60 8 8 1.3055099990975876
28.621569999085622  83 7 3 24.621569999085622
29.009239999070946  51 6 5 1.009239999070946
29.02390999907039  28 3 2 3.0239099990703906
29.110089999067128  92 5 2 26.110089999067128
29.92728999903619  65 5 4 11.92728999903619
31.002819998995474  81 8 7 24.002819998995474
31.00921999899523  56 7 7 19.00921999899523
31.246139998986262  57 3 3 16.246139998986262
32.00976999896082  63 4 3 19.00976999896082
32.03452999896868  58 6 3 15.03452999896868
32.96076999926268  72 5 2 16.96076999926268
34.14172999963753  7 7 4 29.141729999637533
35.02484999991785  77 4 4 1.0248499999178478
35.13115999995159  73 4 4 3.131159999951592
35.685680000127604  49 7 3 14.685680000127604
36.62022000042424  37 7 3 1.62022000042424
37.14168000058976  67 4 3 21.14168000058976
37.55301000072032  78 5 2 3.5530100007203202
38.276150000949855  69 3 3 18.276150000949855
38.82633000112449  39 5 5 2.8263300011244894
39.570740001360775  29 3 3 32.570740001360775
40.298400001591745  34 3 3 6.2984000015917445
41.02363000182194  66 9 2 6.023630001821942
41.240960001890926  82 5 5 3.240960001890926
41.82082000207498  17 8 4 4.820820002074981
42.206920002197535  3 8 3 28.206920002197535
43.09120000247822  20 5 4 4.091200002478217
43.793810002701235  4 8 5 2.7938100027012354
43.90602000273685  47 5 2 1.9060200027368523
44.626480002965536  6 9 2 13.626480002965536
45.31994000318565  30 7 4 6.31994000318565
45.86822000335968  53 3 3 11.868220003359681
46.285380003492094  62 9 3 8.285380003492094
46.904670003688665  9 3 2 9.904670003688665
47.64351000392318  91 9 6 26.643510003923183
48.09736000406724  18 3 3 5.097360004067241
48.31032000413484  24 3 3 13.310320004134837
49.387140004476635  16 9 2 4.387140004476635
50.07865000469613  31 3 3 2.0786500046961294
50.483280004824564  11 8 5 4.4832800048245645
51.17803000504509  23 4 2 1.1780300050450876
52.219720005375734  59 6 5 24.219720005375734
61.51058000832478  42 7 4 32.51058000832478
63.71004000902292  79 5 3 14.710040009022919
64.0143300091195  21 9 2 20.014330009119504
64.09506000914513  35 9 7 14.09506000914513
64.51167000927737  93 7 6 28.511670009277367
64.85414000938607  76 5 5 17.85414000938607
65.35036000954358  38 7 3 16.35036000954358
65.99200000974724  54 8 8 27.992000009747244
67.65440001027491  90 4 3 17.654400010274912
68.26412001046845  22 9 6 31.264120010468446
70.00980001102255  0 7 4 25.00980001102255
70.09122001104839  89 3 3 20.091220011048392
70.71508001124641  13 6 5 25.715080011246414
71.81246001159474  68 5 5 24.812460011594737
72.84025001192097  48 5 4 25.840250011920972
74.04968001230486  44 6 5 50.04968001230486
