0.8859599999986028  9 7 5 0.8859599999986028
2.777100000009726  64 5 5 1.777100000009726
3.715730000015875  98 3 2 1.715730000015875
5.841249999948031  2 6 4 2.8412499999480314
6.527219999922062  71 7 4 5.527219999922062
7.114529999899828  17 8 4 3.114529999899828
7.439849999887512  36 3 3 7.439849999887512
8.153179999860507  43 9 2 2.153179999860507
9.098549999824717  66 6 2 0.09854999982471746
9.365899999814596  13 4 4 2.365899999814596
9.801049999798122  99 7 2 4.801049999798122
11.134289999747649  27 3 3 3.134289999747649
12.022649999714018  80 3 2 2.0226499997140177
12.142419999709483  53 5 3 4.1424199997094835
13.646169999652555  63 8 6 5.646169999652555
15.0000599996013  72 9 9 7.0000599996013
15.03463999959999  94 5 4 2.0346399995999906
15.636469999577207  67 7 4 2.6364699995772067
16.408419999547984  29 9 8 1.4084199995479842
16.96035999952709  18 4 2 8.960359999527089
17.355949999512113  95 3 3 0.3559499995121129
18.02695999948671  0 3 3 4.02695999948671
18.203269999480035  19 3 3 0.20326999948003532
18.506219999468566  62 8 4 14.506219999468566
18.870749999454766  88 8 4 14.870749999454766
19.174339999443273  31 6 2 2.174339999443273
19.716229999422758  40 9 3 7.716229999422758
20.067659999409454  97 8 4 2.0676599994094538
21.001669999374094  21 9 6 5.001669999374094
21.471589999356304  35 8 7 18.471589999356304
22.093609999332756  32 7 4 1.093609999332756
23.297629999287174  60 8 5 7.2976299992871745
23.83079999926699  96 4 2 3.83079999926699
24.11952999925606  89 3 2 6.119529999256059
24.736899999232687  30 4 2 3.736899999232687
25.857689999190256  33 3 3 17.857689999190256
26.190099999177672  61 7 2 15.190099999177672
26.939729999149293  6 7 2 2.939729999149293
28.059169999106913  91 6 4 2.0591699991069135
28.18577999910212  86 8 3 17.18577999910212
28.542739999088607  52 4 3 17.542739999088607
29.32005999905918  54 9 2 16.32005999905918
29.69511999904498  49 3 3 9.69511999904498
30.23216999902465  8 6 5 4.232169999024649
31.04835999899375  14 9 5 3.0483599989937495
31.993309998957976  81 5 3 0.9933099989579759
32.97069999926583  47 8 7 4.9706999992658325
33.00257999927595  4 3 3 9.002579999275952
33.01629999928031  42 7 5 28.016299999280307
33.63996999947827  70 7 2 9.639969999478268
34.38969999971624  51 4 4 3.3896999997162425
35.120459999948196  50 6 5 2.1204599999481957
36.20153000029134  55 3 3 2.201530000291342
37.11258000058052  45 4 3 9.112580000580522
37.451330000688046  68 4 4 7.451330000688046
38.122250000901005  77 8 5 5.122250000901005
38.79814000111554  25 4 2 7.7981400011155415
39.14263000122489  5 7 4 2.1426300012248873
39.57851000136324  34 9 6 20.57851000136324
40.236120001571976  58 7 5 1.236120001571976
41.539310001985626  65 8 4 2.5393100019856263
42.01064000213523  73 3 2 9.010640002135233
42.04054000214472  44 4 4 19.040540002144724
44.17834000282329  79 7 6 15.17834000282329
44.898140003051765  56 5 2 7.898140003051765
45.37872000320431  84 3 2 6.378720003204307
46.06285000342146  38 4 3 12.06285000342146
46.543500003574025  69 3 3 2.5435000035740245
47.01113000372246  48 9 3 23.011130003722457
47.27615000380658  75 3 3 10.276150003806578
48.168320004089765  59 6 3 0.16832000408976455
48.663980004247094  74 3 3 26.663980004247094
49.092540004383125  20 5 4 0.0925400043831246
50.16273000472282  15 6 2 35.16273000472282
50.678860004886644  93 8 6 3.678860004886644
51.60971000518211  82 4 4 3.6097100051821087
54.22057000601083  78 9 4 14.220570006010831
57.07066000691549  1 6 4 7.070660006915489
62.38519000860239  76 3 2 17.385190008602393
66.4175000098823  92 7 2 27.417500009882303
67.86360001034132  26 7 2 25.863600010341315
68.59671001057401  22 7 3 21.596710010574014
69.11221001073764  12 6 2 46.11221001073764
70.68062001123548  11 7 6 25.680620011235476
70.74887001125714  3 6 4 30.74887001125714
70.82378001128092  57 5 5 36.82378001128092
70.89669001130406  10 6 6 26.89669001130406
71.07462001136054  85 4 4 30.074620011360537
72.00908001165715  46 7 5 24.009080011657147
72.15617001170384  7 8 4 41.156170011703836
72.31046001175281  90 4 2 60.31046001175281
72.67804001186948  39 6 5 51.678040011869484
72.92632001194829  28 8 8 49.92632001194829
73.48814001212662  37 3 3 37.48814001212662
73.53562001214169  16 5 3 51.53562001214169
74.26122001237201  41 9 8 36.26122001237201
74.55283001246457  83 9 6 53.55283001246457
75.83505001287156  24 3 3 29.835050012871562
75.87403001288394  23 4 2 38.874030012883935
77.2371200133166  87 7 6 36.2371200133166
